system:index,DTM_10m,aspect,dtm10_focal,hillshade,isothermality,ndvi,rain_coldestQuart,rain_driestMonth,rain_driestQuart,rain_mean_annual,rain_seasonailty,rain_warmestQuart,rain_wettestMonth,rain_wettestQuart,slope,soil_bd,soil_carbon,soil_ph,soil_sand,temp_annual_range,temp_coldestQuart,temp_diurnal_range,temp_driestQuart,temp_max_warmestMonth,temp_mean_annual,temp_min_coldestMonth,temp_seasonality,temp_warmestQuart,temp_wettestQuart,x,y,.geo
0,274.3419,120.95872021691704,41.37540199483067,97.73204845907543,27.0,0.8385,396.0,58.0,202.0,1306.0,31.0,243.0,164.0,453.0,32.59828686652153,105,10,51,51,172.0,5.0,48.0,74.0,153.0,59.0,-19.0,4562.0,119.0,36.0,7.268891789110287,62.8802083276244,
1,154.70918,51.88906729314751,1.915559806881346,176.84714976750462,29.0,0.739,349.0,49.0,174.0,1135.0,29.0,223.0,145.0,386.0,1.105931441096459,129,10,56,60,199.0,-9.0,58.0,75.0,163.0,54.0,-36.0,5168.0,122.0,25.0,7.89957840768823,62.8802083276244,
2,514.04376,59.69804531399954,22.67243528776652,132.6136339624597,29.0,0.7836,314.0,55.0,198.0,1130.0,22.0,273.0,127.0,350.0,17.994616531226658,103,6,55,54,231.0,-41.0,67.0,59.0,158.0,31.0,-73.0,5897.0,109.0,-3.0,8.772485249343221,62.8802083276244,
3,455.88702,66.80158510770778,17.384848598980888,144.58772486411908,29.0,0.7865,313.0,55.0,198.0,1129.0,22.0,273.0,127.0,350.0,14.335553679965143,125,13,59,54,231.0,-41.0,67.0,59.0,158.0,31.0,-73.0,5907.0,109.0,-3.0,8.777055442231477,62.8802083276244,
4,485.66647,265.57376758883555,12.98278339939143,228.0346046588427,29.0,0.8292,308.0,56.0,198.0,1117.0,22.0,274.0,124.0,343.0,15.510619579438147,100,3,56,58,232.0,-47.0,68.0,51.0,152.0,24.0,-80.0,5889.0,102.0,-9.0,8.790766020896239,62.8802083276244,
5,711.8116,263.40338154809,33.668529918381424,255.0,28.0,0.7817,301.0,58.0,201.0,1110.0,21.0,281.0,120.0,334.0,35.680249897823266,119,7,52,57,232.0,-63.0,67.0,-5.0,136.0,8.0,-96.0,5876.0,86.0,-24.0,8.799906406672749,62.8802083276244,
6,626.3114,263.09257535576694,17.082645001631544,241.27478768726903,29.0,0.8108,298.0,57.0,199.0,1103.0,21.0,280.0,119.0,332.0,20.12606258099996,122,8,55,55,233.0,-59.0,68.0,0.0,141.0,13.0,-92.0,5931.0,91.0,-21.0,8.84560833555522,62.8802083276244,
7,572.92865,228.33315615736686,25.26942213539115,190.67314351300223,28.0,0.7532,292.0,57.0,196.0,1091.0,21.0,279.0,117.0,328.0,13.298841119655965,111,6,55,59,236.0,-57.0,68.0,2.0,145.0,15.0,-91.0,5969.0,94.0,-18.0,8.937012193320088,62.8802083276244,
8,604.1111,337.89268693818326,43.053133071592164,208.0437255738527,28.0,0.75395,292.0,57.0,196.0,1091.0,21.0,279.0,117.0,328.0,24.160764116974605,113,6,54,57,236.0,-57.0,68.0,2.0,145.0,15.0,-91.0,5969.0,94.0,-18.0,8.941582386208342,62.8802083276244,
9,651.43475,337.9020157799782,55.25511868138018,214.62258983191265,28.0,0.7303,291.0,58.0,197.0,1092.0,20.0,283.0,116.0,325.0,30.610717757883858,107,6,51,58,235.0,-64.0,68.0,-4.0,138.0,8.0,-97.0,5948.0,87.0,-24.0,8.946152579096596,62.8802083276244,
10,713.80505,332.81017417504,62.115856229679224,227.41164544137297,28.0,0.743,291.0,58.0,197.0,1093.0,20.0,282.0,116.0,326.0,35.22574995479527,119,19,53,56,235.0,-62.0,68.0,-2.0,140.0,11.0,-95.0,5964.0,90.0,-22.0,8.950722771984852,62.8802083276244,
11,780.944,339.4403625675109,57.27948871976913,214.4785372648576,28.0,0.7099,291.0,58.0,197.0,1093.0,20.0,282.0,116.0,326.0,32.936317626935484,128,17,54,57,235.0,-62.0,68.0,-2.0,140.0,11.0,-95.0,5964.0,90.0,-22.0,8.955292964873108,62.8802083276244,
12,809.06116,133.2187300827864,37.24310754977625,173.8923919389515,29.0,0.729,290.0,58.0,197.0,1092.0,20.0,284.0,115.0,324.0,20.28149388444914,138,18,58,54,235.0,-64.0,69.0,-4.0,138.0,8.0,-97.0,5954.0,87.0,-25.0,8.959863157761362,62.8802083276244,
13,824.1691,314.2422867299402,26.79241033012148,221.77322242717935,28.0,0.7458,290.0,59.0,198.0,1094.0,20.0,286.0,115.0,323.0,20.075630623556528,145,13,52,57,236.0,-67.0,68.0,-8.0,136.0,5.0,-100.0,5988.0,85.0,-28.0,8.96900354353787,62.8802083276244,
14,346.25363,199.59638964530237,73.44887109374648,216.04351897639992,28.0,0.8356,402.0,59.0,206.0,1324.0,30.0,247.0,166.0,457.0,41.09547318618036,111,16,49,53,171.0,2.0,48.0,70.0,150.0,56.0,-21.0,4551.0,115.0,33.0,7.259236037281789,62.878124994291255,
15,300.92175,149.30886855896279,74.18989519981145,120.30663547465203,28.0,0.8468,402.0,59.0,206.0,1324.0,30.0,247.0,166.0,457.0,41.274540395864115,84,17,49,52,171.0,2.0,48.0,70.0,150.0,56.0,-21.0,4551.0,115.0,33.0,7.263805905734306,62.878124994291255,
16,200.46127,140.85438635698947,43.13528885667155,126.03730453120163,27.0,0.85715,396.0,58.0,202.0,1306.0,31.0,243.0,164.0,453.0,28.144780274740853,112,16,51,51,172.0,5.0,48.0,74.0,153.0,59.0,-19.0,4562.0,119.0,36.0,7.268375774186896,62.878124994291255,
17,326.53854,315.4596176875232,45.798792100951296,223.53991697649906,29.0,0.804,348.0,50.0,179.0,1139.0,28.0,235.0,143.0,378.0,25.121334525949322,113,11,49,59,205.0,-22.0,60.0,65.0,155.0,42.0,-50.0,5327.0,113.0,12.0,8.054393148031089,62.878124994291255,
18,389.7295,345.0337322075721,59.45117355735299,205.84302382209222,29.0,0.8033,347.0,50.0,179.0,1137.0,28.0,235.0,143.0,378.0,33.55715413625776,114,16,48,57,206.0,-23.0,60.0,65.0,155.0,42.0,-51.0,5352.0,112.0,11.0,8.058963016483606,62.878124994291255,
19,449.97968,67.82313012979475,15.736150794545198,146.43856599482172,29.0,0.81105,313.0,55.0,198.0,1129.0,22.0,273.0,127.0,350.0,13.53510056999769,106,11,58,57,231.0,-41.0,67.0,59.0,158.0,31.0,-73.0,5907.0,109.0,-3.0,8.781002231991602,62.878124994291255,
20,437.50577,264.2352482056469,6.632983078298382,198.4513119336542,29.0,0.8184,308.0,56.0,198.0,1117.0,22.0,274.0,124.0,343.0,7.628055642867164,103,8,54,54,232.0,-47.0,68.0,51.0,152.0,24.0,-80.0,5889.0,102.0,-9.0,8.785572100444192,62.878124994291255,
21,473.74936,268.5767875533667,10.036000711881542,217.37109505890422,29.0,0.8394,308.0,56.0,198.0,1117.0,22.0,274.0,124.0,343.0,11.988903551711132,115,4,56,55,232.0,-47.0,68.0,51.0,152.0,24.0,-80.0,5889.0,102.0,-9.0,8.790141968896782,62.878124994291255,
22,546.4748,266.5240188838935,20.486629867199024,248.47744380750427,28.0,0.8435,301.0,58.0,201.0,1110.0,21.0,281.0,120.0,334.0,23.727738600655474,108,9,57,58,232.0,-63.0,67.0,-5.0,136.0,8.0,-96.0,5876.0,86.0,-24.0,8.794711837349372,62.878124994291255,
23,679.20013,267.9456472320593,32.65063002068721,255.0,28.0,0.8129,301.0,58.0,201.0,1110.0,21.0,281.0,120.0,334.0,35.0153727400479,112,11,58,58,232.0,-63.0,67.0,-5.0,136.0,8.0,-96.0,5876.0,86.0,-24.0,8.799281705801963,62.878124994291255,
24,661.87244,320.5864933518204,55.34867542824652,216.06593011563427,28.0,0.74415,292.0,57.0,196.0,1091.0,21.0,279.0,117.0,328.0,32.188630403896674,97,5,54,56,236.0,-57.0,68.0,2.0,145.0,15.0,-91.0,5969.0,94.0,-18.0,8.93637775937939,62.878124994291255,
25,725.8081,336.6731278857339,62.702861259646205,221.49536189995504,28.0,0.7124,292.0,57.0,196.0,1091.0,21.0,279.0,117.0,328.0,35.322595804214025,108,5,52,57,236.0,-57.0,68.0,2.0,145.0,15.0,-91.0,5969.0,94.0,-18.0,8.94094762783198,62.878124994291255,
26,786.14716,338.5462471484475,58.76909209307062,214.83899819646834,28.0,0.7079,291.0,58.0,197.0,1092.0,20.0,283.0,116.0,325.0,32.18423307760988,104,3,52,56,235.0,-64.0,68.0,-4.0,138.0,8.0,-97.0,5948.0,87.0,-24.0,8.94551749628457,62.878124994291255,
27,137.33734,221.72270251984773,29.215684268056556,216.55601574636913,28.0,0.8458,418.0,62.0,214.0,1368.0,29.0,257.0,172.0,469.0,18.47297701100321,68,13,52,52,171.0,-7.0,48.0,61.0,141.0,47.0,-30.0,4527.0,106.0,25.0,7.254151209922899,62.876041660958116,
28,186.9179,192.88527044688328,50.27730547352402,196.08163369185056,28.0,0.85895,402.0,59.0,206.0,1324.0,30.0,247.0,166.0,457.0,28.010415651552727,92,10,52,51,171.0,2.0,48.0,70.0,150.0,56.0,-21.0,4551.0,115.0,33.0,7.258720753991928,62.876041660958116,
29,163.20625,158.85348412699207,47.183319466888804,151.65875699172716,28.0,0.85885,402.0,59.0,206.0,1324.0,30.0,247.0,166.0,457.0,26.441182741505198,91,11,53,53,171.0,2.0,48.0,70.0,150.0,56.0,-21.0,4551.0,115.0,33.0,7.263290298060881,62.876041660958116,
30,128.55927,167.06372113612284,24.693316274102223,167.76973560392722,27.0,0.84465,396.0,58.0,202.0,1306.0,31.0,243.0,164.0,453.0,13.483387613056818,79,10,50,54,172.0,5.0,48.0,74.0,153.0,59.0,-19.0,4562.0,119.0,36.0,7.267859842129908,62.876041660958116,
31,116.51172,148.04626239244314,14.700617591038856,165.79112362445832,27.0,0.84505,396.0,58.0,202.0,1306.0,31.0,243.0,164.0,453.0,9.70583100176461,85,8,52,58,172.0,5.0,48.0,74.0,153.0,59.0,-19.0,4562.0,119.0,36.0,7.272429386198935,62.876041660958116,
32,339.14987,323.61486371990463,52.89574547913877,235.45893777753713,29.0,0.82005,347.0,50.0,178.0,1135.0,28.0,232.0,143.0,378.0,34.92470353733738,115,11,49,58,205.0,-20.0,60.0,67.0,157.0,44.0,-48.0,5319.0,115.0,14.0,8.049251877932235,62.876041660958116,
33,450.91174,274.6787517657395,49.39266363614955,227.4056739368402,29.0,0.8157,348.0,50.0,179.0,1139.0,28.0,235.0,143.0,378.0,28.643207663832154,121,10,49,57,205.0,-22.0,60.0,65.0,155.0,42.0,-50.0,5327.0,113.0,12.0,8.053821422001263,62.876041660958116,
34,518.26465,298.5891921715426,37.96920780292934,215.825882473346,29.0,0.7606,347.0,50.0,179.0,1137.0,28.0,235.0,143.0,378.0,21.359531065281594,120,13,52,56,206.0,-23.0,60.0,65.0,155.0,42.0,-51.0,5352.0,112.0,11.0,8.058390966070217,62.876041660958116,
35,115.12405,46.438397340310026,54.540158659217575,154.48413116349494,29.0,0.8261,341.0,50.0,187.0,1157.0,27.0,247.0,141.0,382.0,31.858854449882532,116,14,50,53,218.0,-11.0,64.0,85.0,177.0,59.0,-41.0,5608.0,132.0,26.0,8.387398139039618,62.876041660958116,
36,446.78757,172.13176738774683,9.087674552907613,179.83223042042366,29.0,0.81415,308.0,56.0,198.0,1117.0,22.0,274.0,124.0,343.0,8.83946888529761,103,5,56,50,232.0,-47.0,68.0,51.0,152.0,24.0,-80.0,5889.0,102.0,-9.0,8.784948473044286,62.876041660958116,
37,469.81702,273.2865125579496,7.795821257763311,208.22727795764467,29.0,0.83295,308.0,56.0,198.0,1117.0,22.0,274.0,124.0,343.0,9.080452923371496,105,0,55,55,232.0,-47.0,68.0,51.0,152.0,24.0,-80.0,5889.0,102.0,-9.0,8.789518017113313,62.876041660958116,
38,102.57928,245.07842057642264,8.542124147217589,198.477048671515,28.0,0.8141,391.0,57.0,200.0,1295.0,31.0,239.0,162.0,451.0,6.69108035747873,84,9,51,55,170.0,9.0,48.0,77.0,157.0,63.0,-13.0,4535.0,122.0,40.0,7.253636333707725,62.87395832762496,
39,115.01815,171.96960849394165,18.20085462689415,175.88006581979,28.0,0.8285,391.0,57.0,200.0,1295.0,31.0,239.0,162.0,451.0,10.418654058064666,95,12,51,55,170.0,9.0,48.0,77.0,157.0,63.0,-13.0,4535.0,122.0,40.0,7.258205553445278,62.87395832762496,
40,105.81571,157.12919143511294,14.139537680512722,172.25961367419956,28.0,0.8283,391.0,57.0,200.0,1293.0,31.0,239.0,162.0,449.0,7.144718594207849,101,7,54,57,169.0,9.0,48.0,77.0,155.0,63.0,-14.0,4515.0,121.0,40.0,7.262774773182758,62.87395832762496,
41,98.91861,164.16462420958732,7.434384293029553,179.50092394947401,28.0,0.7991,391.0,57.0,199.0,1291.0,31.0,239.0,162.0,449.0,3.457713993537063,114,8,54,56,172.0,8.0,49.0,77.0,156.0,62.0,-16.0,4564.0,122.0,39.0,7.267343992920311,62.87395832762496,
42,96.94878,166.51005416173282,5.992430849796816,178.0968352834113,28.0,0.8156,391.0,57.0,199.0,1291.0,31.0,239.0,162.0,449.0,3.3621518905219134,106,8,50,56,172.0,8.0,49.0,77.0,156.0,62.0,-16.0,4564.0,122.0,39.0,7.271913212657865,62.87395832762496,
43,287.13953,331.9258652892252,35.114817816501784,212.980048392483,29.0,0.8115,347.0,50.0,179.0,1137.0,28.0,235.0,143.0,378.0,22.652232485282866,127,6,53,63,205.0,-24.0,60.0,63.0,153.0,40.0,-52.0,5309.0,111.0,10.0,8.039542128565458,62.87395832762496,
44,353.59232,305.9230667018934,37.35255594977941,228.9155719124084,29.0,0.7952,347.0,52.0,183.0,1142.0,26.0,240.0,142.0,375.0,27.395733608889213,111,10,51,58,205.0,-30.0,60.0,56.0,147.0,34.0,-58.0,5305.0,104.0,4.0,8.044111348303012,62.87395832762496,
45,415.61807,213.46767850730936,28.94768962364272,193.59481809879,29.0,0.7928,347.0,52.0,183.0,1142.0,26.0,240.0,142.0,375.0,18.306976275527894,120,11,51,59,205.0,-30.0,60.0,56.0,147.0,34.0,-58.0,5305.0,104.0,4.0,8.048680568040567,62.87395832762496,
46,434.6154,237.6287488748517,21.48449517698533,217.76828492413415,29.0,0.8002,347.0,52.0,183.0,1142.0,26.0,240.0,142.0,375.0,16.79844325035957,113,10,51,59,206.0,-30.0,60.0,56.0,147.0,34.0,-59.0,5303.0,104.0,5.0,8.05324978777812,62.87395832762496,
47,526.1459,284.0127417882898,24.971605457832688,247.3938196672189,29.0,0.7803,347.0,52.0,183.0,1142.0,26.0,240.0,142.0,375.0,26.227449897031253,124,9,53,57,206.0,-30.0,60.0,56.0,147.0,34.0,-59.0,5303.0,104.0,5.0,8.057819007515599,62.87395832762496,
48,315.23013,160.81469157499728,26.574809278764352,180.02444257175316,29.0,0.7572,335.0,52.0,187.0,1138.0,25.0,250.0,137.0,368.0,15.515149355230132,118,6,55,60,219.0,-29.0,64.0,65.0,159.0,39.0,-60.0,5627.0,113.0,7.0,8.373095169406204,62.87395832762496,
49,296.47662,41.778504713311,37.08102730659636,164.08065311070555,29.0,0.7566,336.0,52.0,188.0,1140.0,25.0,251.0,138.0,369.0,22.05245371607524,121,13,55,61,219.0,-28.0,64.0,66.0,160.0,40.0,-59.0,5627.0,114.0,8.0,8.377664389143758,62.87395832762496,
50,267.6709,45.32560421237103,47.60938059216172,160.80489722476446,29.0,0.77505,336.0,52.0,188.0,1140.0,25.0,251.0,138.0,369.0,27.300325858810613,121,14,54,59,219.0,-28.0,64.0,66.0,160.0,40.0,-59.0,5627.0,114.0,8.0,8.382233608881311,62.87395832762496,
51,234.61162,32.030540219521015,43.26258608771903,143.285372103147,29.0,0.7949,341.0,51.0,188.0,1153.0,26.0,251.0,140.0,376.0,26.052471040669374,120,13,55,58,219.0,-22.0,64.0,73.0,167.0,47.0,-52.0,5629.0,121.0,15.0,8.386802828618864,62.87395832762496,
52,174.39388,38.806291194666734,41.65202095863089,130.76215525329354,29.0,0.8205,341.0,51.0,188.0,1153.0,26.0,251.0,140.0,376.0,26.09128109909592,115,12,61,57,219.0,-22.0,64.0,73.0,167.0,47.0,-52.0,5629.0,121.0,15.0,8.391372048356418,62.87395832762496,
53,86.90394,45.69424175058522,40.75896448732683,116.88158725330119,29.0,0.80865,342.0,51.0,188.0,1160.0,26.0,249.0,141.0,381.0,29.58955986485535,103,24,61,59,219.0,-15.0,64.0,81.0,174.0,55.0,-45.0,5620.0,128.0,22.0,8.39594126809397,62.87395832762496,
54,517.4963,271.0167826850605,13.750264402333682,229.7805957170195,28.0,0.81845,300.0,57.0,199.0,1103.0,21.0,278.0,120.0,333.0,16.015824275811955,104,4,55,52,233.0,-60.0,67.0,-1.0,140.0,12.0,-93.0,5924.0,90.0,-21.0,8.79346338526039,62.87395832762496,
55,620.7758,269.55350110649346,30.737179563630143,254.8997269072302,28.0,0.83265,300.0,57.0,199.0,1103.0,21.0,278.0,120.0,333.0,32.03004984508065,116,9,58,56,233.0,-60.0,67.0,-1.0,140.0,12.0,-93.0,5924.0,90.0,-21.0,8.798032604997946,62.87395832762496,
56,90.384186,170.21655584927726,7.6311069818376875,174.9628621515927,28.0,0.80325,391.0,57.0,200.0,1295.0,31.0,239.0,162.0,451.0,4.856648561219475,109,10,52,57,170.0,9.0,48.0,77.0,157.0,63.0,-13.0,4535.0,122.0,40.0,7.257690435622868,62.871874994291815,
57,88.38798,160.17756560945745,4.054278415375675,177.9556036675794,28.0,0.78725,391.0,57.0,199.0,1291.0,31.0,239.0,162.0,449.0,3.0249043680655667,116,9,53,56,172.0,8.0,49.0,77.0,156.0,62.0,-16.0,4564.0,122.0,39.0,7.271397121997262,62.871874994291815,
58,129.25513,84.0375746597238,0.34465574818129074,179.4835939624332,29.0,0.7508,345.0,48.0,174.0,1125.0,29.0,225.0,143.0,380.0,0.06027183909557948,132,5,56,58,203.0,-10.0,59.0,76.0,165.0,54.0,-38.0,5284.0,123.0,24.0,7.988713708926488,62.871874994291815,
59,333.70758,248.83731201283427,39.559451398481684,212.5101906442449,29.0,0.8095,347.0,50.0,179.0,1137.0,28.0,235.0,143.0,378.0,26.788869103183988,123,6,49,62,205.0,-24.0,60.0,63.0,153.0,40.0,-52.0,5309.0,111.0,10.0,8.034402663507976,62.871874994291815,
60,358.6545,240.1862191608992,20.551052822584698,189.39085326030545,29.0,0.7172,347.0,50.0,179.0,1137.0,28.0,235.0,143.0,378.0,10.646244772447556,129,7,53,62,205.0,-24.0,60.0,63.0,153.0,40.0,-52.0,5309.0,111.0,10.0,8.038971558966132,62.871874994291815,
61,370.21268,213.2733314725688,8.789655172894978,188.40790183611315,29.0,0.6984,347.0,52.0,183.0,1142.0,26.0,240.0,142.0,375.0,4.519497826009417,120,9,52,60,205.0,-30.0,60.0,56.0,147.0,34.0,-58.0,5305.0,104.0,4.0,8.043540454424289,62.871874994291815,
62,445.15405,292.65275524329354,30.484800392971543,245.08502798200334,29.0,0.7681,347.0,52.0,183.0,1142.0,26.0,240.0,142.0,375.0,29.445368317670972,112,12,53,55,206.0,-30.0,60.0,56.0,147.0,34.0,-59.0,5303.0,104.0,5.0,8.052678245340601,62.871874994291815,
63,563.87726,221.90053337531575,25.20502110204415,201.67742951754101,29.0,0.7385,347.0,52.0,183.0,1142.0,26.0,240.0,142.0,375.0,19.88310699061014,123,11,54,56,206.0,-30.0,60.0,56.0,147.0,34.0,-59.0,5303.0,104.0,5.0,8.057247140798685,62.871874994291815,
64,342.44086,96.23661026107105,17.698340933069932,173.92947284791495,29.0,0.68055,336.0,52.0,188.0,1140.0,25.0,251.0,138.0,369.0,8.896517456525567,120,7,56,58,219.0,-28.0,64.0,66.0,160.0,40.0,-59.0,5627.0,114.0,8.0,8.3816387183272,62.871874994291815,
65,320.14832,42.75475657042663,25.384562750858183,145.9274483360573,29.0,0.75475,341.0,51.0,188.0,1153.0,26.0,251.0,140.0,376.0,16.097200537579354,115,9,54,59,219.0,-22.0,64.0,73.0,167.0,47.0,-52.0,5629.0,121.0,15.0,8.386207613785356,62.871874994291815,
66,258.9746,48.251109547386335,30.098393486938253,130.69338830789698,29.0,0.7931,341.0,51.0,188.0,1153.0,26.0,251.0,140.0,376.0,21.77532239611634,125,12,58,56,219.0,-22.0,64.0,73.0,167.0,47.0,-52.0,5629.0,121.0,15.0,8.390776509243512,62.871874994291815,
67,175.87267,59.28293309840278,33.53559743413093,111.27563587438941,29.0,0.8222,342.0,51.0,188.0,1160.0,26.0,249.0,141.0,381.0,26.68479171266916,150,8,63,59,219.0,-15.0,64.0,81.0,174.0,55.0,-45.0,5620.0,128.0,22.0,8.395345404701668,62.871874994291815,
68,83.905266,41.17693956510606,34.1859192470706,131.52610254270658,29.0,0.8341,342.0,51.0,188.0,1160.0,26.0,249.0,141.0,381.0,24.35738390418252,126,24,62,57,219.0,-15.0,64.0,81.0,174.0,55.0,-45.0,5620.0,128.0,22.0,8.399914300159823,62.871874994291815,
69,476.5414,153.39516526555676,8.861048662702478,181.14393286472045,28.0,0.78185,308.0,55.0,197.0,1116.0,22.0,274.0,124.0,343.0,8.399255436292421,103,13,56,54,232.0,-47.0,67.0,53.0,153.0,25.0,-79.0,5945.0,104.0,-9.0,8.788270414102378,62.871874994291815,
70,510.53278,272.6087337493964,12.2955037048493,224.5419439402483,28.0,0.8018,300.0,57.0,199.0,1103.0,21.0,278.0,120.0,333.0,14.368579404098142,113,0,57,54,233.0,-60.0,67.0,-1.0,140.0,12.0,-93.0,5924.0,90.0,-21.0,8.792839309560534,62.871874994291815,
71,604.5178,270.1479133689977,27.372556720285043,252.73092649269668,28.0,0.82645,300.0,57.0,199.0,1103.0,21.0,278.0,120.0,333.0,30.36948694635254,113,8,65,54,233.0,-60.0,67.0,-1.0,140.0,12.0,-93.0,5924.0,90.0,-21.0,8.797408205018693,62.871874994291815,
72,129.28824,158.42476678138163,0.9212477798687938,180.22918294698937,29.0,0.7598,345.0,48.0,174.0,1125.0,29.0,225.0,143.0,380.0,0.4449122692964066,139,7,54,59,203.0,-10.0,59.0,76.0,165.0,54.0,-38.0,5284.0,123.0,24.0,7.988146797436201,62.86979166095867,
73,241.28448,339.6677151492408,59.44663912730533,212.11581270797643,28.0,0.8447,347.0,50.0,178.0,1134.0,28.0,232.0,143.0,378.0,30.816075260620654,133,13,48,60,204.0,-21.0,59.0,66.0,155.0,43.0,-49.0,5286.0,113.0,13.0,8.020126796051896,62.86979166095867,
74,303.74414,334.6741315854262,69.62469262806748,225.67392897011914,28.0,0.8492,347.0,50.0,178.0,1134.0,28.0,232.0,143.0,378.0,37.44375448081227,121,9,49,60,204.0,-21.0,59.0,66.0,155.0,43.0,-49.0,5286.0,113.0,13.0,8.024695367282721,62.86979166095867,
75,374.93234,269.3850266661298,55.20349321232133,200.97626581971952,29.0,0.7942,348.0,50.0,179.0,1137.0,28.0,234.0,143.0,378.0,32.66697283424595,112,8,50,58,205.0,-23.0,60.0,64.0,154.0,41.0,-51.0,5327.0,112.0,11.0,8.029263938513544,62.86979166095867,
76,385.15094,105.97452074230078,19.21961133511929,161.66085743521376,29.0,0.7471,347.0,50.0,179.0,1137.0,28.0,235.0,143.0,378.0,11.867744290508972,123,7,52,57,205.0,-24.0,60.0,63.0,153.0,40.0,-52.0,5309.0,111.0,10.0,8.033832509744368,62.86979166095867,
77,369.4956,114.9319396600212,3.1289603546648435,175.24490555439453,29.0,0.6805,347.0,50.0,179.0,1137.0,28.0,235.0,143.0,378.0,2.306687074384991,120,9,50,58,205.0,-24.0,60.0,63.0,153.0,40.0,-52.0,5309.0,111.0,10.0,8.038401080975191,62.86979166095867,
78,388.19254,273.25116642855795,10.5380301748015,214.98499362482295,29.0,0.72135,347.0,52.0,183.0,1142.0,26.0,240.0,142.0,375.0,11.699496261033923,120,6,53,56,205.0,-30.0,60.0,56.0,147.0,34.0,-58.0,5305.0,104.0,4.0,8.047538223436842,62.86979166095867,
79,322.34384,50.88892709429759,24.658765173411417,135.60650463740149,29.0,0.7589,341.0,51.0,188.0,1153.0,26.0,251.0,140.0,376.0,19.03647473240095,120,10,59,58,219.0,-22.0,64.0,73.0,167.0,47.0,-52.0,5629.0,121.0,15.0,8.390181065747996,62.86979166095867,
80,246.21896,50.47207186952914,34.04288652030363,121.41556975693608,29.0,0.7997,342.0,51.0,188.0,1160.0,26.0,249.0,141.0,381.0,25.269647788885152,130,5,58,59,219.0,-15.0,64.0,81.0,174.0,55.0,-45.0,5620.0,128.0,22.0,8.394749636978819,62.86979166095867,
81,164.79674,48.27702024261646,39.586112861843446,127.66215328886146,29.0,0.8194,342.0,51.0,188.0,1160.0,26.0,249.0,141.0,381.0,26.16011732979559,134,11,59,53,219.0,-15.0,64.0,81.0,174.0,55.0,-45.0,5620.0,128.0,22.0,8.399318208209642,62.86979166095867,
82,720.7272,250.73876336522704,36.3923219946752,252.827789720453,29.0,0.7893,303.0,61.0,206.0,1131.0,20.0,294.0,120.0,334.0,33.48286122597604,108,4,54,55,230.0,-73.0,67.0,-18.0,124.0,-4.0,-106.0,5801.0,74.0,-35.0,8.801352476521439,62.86979166095867,
83,131.87633,157.1988490391369,2.115339735901336,178.86225869914804,29.0,0.7752,345.0,48.0,174.0,1125.0,29.0,225.0,143.0,380.0,1.1912822608938232,137,5,52,62,202.0,-10.0,59.0,77.0,164.0,54.0,-38.0,5261.0,123.0,25.0,7.983011729905153,62.86770832762553,
84,420.1643,336.2931195737987,85.8720878782798,214.1591326943469,28.0,0.7487,347.0,50.0,178.0,1134.0,28.0,232.0,143.0,378.0,41.34904060510797,123,8,52,59,204.0,-21.0,59.0,66.0,155.0,43.0,-49.0,5286.0,113.0,13.0,8.01955770634944,62.86770832762553,
85,424.2973,100.10261502821464,19.343070773020674,144.36775218377815,29.0,0.7553,348.0,50.0,179.0,1137.0,28.0,234.0,143.0,378.0,19.710631884960286,125,9,51,60,205.0,-23.0,60.0,64.0,154.0,41.0,-51.0,5327.0,112.0,11.0,8.033262447516075,62.86770832762553,
86,469.76907,239.34088596983298,29.13273630601349,233.38769436696947,29.0,0.7869,347.0,52.0,183.0,1142.0,26.0,240.0,142.0,375.0,27.052273046575888,113,5,53,56,206.0,-30.0,60.0,56.0,147.0,34.0,-59.0,5303.0,104.0,5.0,8.051535435738257,62.86770832762553,
87,344.76187,93.86235782714003,53.040484321298415,159.89315287856627,29.0,0.7884,342.0,51.0,188.0,1160.0,26.0,249.0,141.0,381.0,30.487884322389544,130,9,51,61,219.0,-15.0,64.0,81.0,174.0,55.0,-45.0,5620.0,128.0,22.0,8.394153964903477,62.86770832762553,
88,137.71469,194.1744918584995,3.6937477467105144,181.24598823053475,29.0,0.7797,345.0,48.0,173.0,1124.0,29.0,225.0,143.0,380.0,2.004481025990018,138,4,52,61,203.0,-12.0,59.0,74.0,163.0,52.0,-40.0,5287.0,121.0,22.0,7.982445324546799,62.86562499429238,
89,313.58258,325.9671004905787,59.28402959900137,237.5644481049392,29.0,0.8244,348.0,52.0,182.0,1144.0,27.0,239.0,143.0,378.0,35.475973404777115,129,9,48,58,204.0,-30.0,60.0,56.0,146.0,34.0,-58.0,5292.0,104.0,5.0,8.005284939208336,62.86562499429238,
90,426.41553,309.0923135686116,48.071047455617936,238.4758509366823,29.0,0.7726,347.0,52.0,183.0,1144.0,26.0,241.0,142.0,376.0,29.232299721230632,132,7,53,55,205.0,-32.0,60.0,54.0,145.0,32.0,-60.0,5300.0,102.0,3.0,8.009852862140642,62.86562499429238,
91,342.33224,256.08320058117556,35.85216900800926,223.25044806545787,29.0,0.8195,348.0,52.0,182.0,1144.0,27.0,239.0,143.0,378.0,26.226645492485815,126,7,49,58,204.0,-30.0,60.0,56.0,146.0,34.0,-58.0,5292.0,104.0,5.0,8.000149405553861,62.86354166095923,
92,423.50946,306.93082149703196,44.00353898222209,238.19222546194308,29.0,0.7729,348.0,52.0,182.0,1144.0,27.0,239.0,143.0,378.0,31.377799892951916,129,7,49,56,204.0,-30.0,60.0,56.0,146.0,34.0,-58.0,5292.0,104.0,5.0,8.004717004414958,62.86354166095923,
93,374.6339,284.3642930642364,26.317948356446696,249.33431356485724,29.0,0.8259,348.0,51.0,180.0,1139.0,27.0,235.0,143.0,378.0,28.259601238619403,118,8,49,60,203.0,-26.0,59.0,59.0,149.0,38.0,-54.0,5257.0,107.0,9.0,7.999581885939938,62.86145832762609,
94,462.034,254.89561829520247,20.73838695864427,231.29754913016,29.0,0.7492,348.0,52.0,182.0,1144.0,27.0,239.0,143.0,378.0,23.396054097870124,129,10,50,57,204.0,-30.0,60.0,56.0,146.0,34.0,-58.0,5292.0,104.0,5.0,8.004149160781845,62.86145832762609,
95,387.86594,271.3050283706937,19.643788471678363,236.02842439161915,29.0,0.814,348.0,51.0,180.0,1139.0,27.0,235.0,143.0,378.0,20.593259197347944,119,10,50,59,203.0,-26.0,59.0,59.0,149.0,38.0,-54.0,5257.0,107.0,9.0,7.999014457413368,62.85937499429294,
96,452.0653,224.74824609314112,13.529542091615276,204.19658918877028,29.0,0.7694,348.0,52.0,182.0,1144.0,27.0,239.0,143.0,378.0,12.02646750686118,119,6,51,60,204.0,-30.0,60.0,56.0,146.0,34.0,-58.0,5292.0,104.0,5.0,8.003581408288088,62.85937499429294,
97,720.3316,297.2388201201604,25.896680234701137,210.27932219935383,28.0,0.7555,284.0,57.0,193.0,1076.0,21.0,282.0,113.0,319.0,17.431811464134928,132,22,53,49,239.0,-64.0,69.0,-3.0,141.0,9.0,-98.0,6056.0,90.0,55.0,8.982290353144169,62.84895832762721,
98,346.08615,294.58441513515237,17.098704527964703,217.5613373687468,29.0,0.7888,337.0,50.0,178.0,1118.0,27.0,237.0,139.0,368.0,16.923669884695634,122,5,49,61,212.0,-26.0,62.0,65.0,157.0,41.0,-55.0,5490.0,113.0,10.0,8.187342140767093,62.846874994294055,
99,353.98593,252.07954979761143,20.09667408306154,226.8472707893761,29.0,0.7978,337.0,50.0,178.0,1118.0,27.0,237.0,139.0,368.0,20.194111910635144,119,5,49,62,212.0,-26.0,62.0,65.0,157.0,41.0,-55.0,5490.0,113.0,10.0,8.186761757921401,62.844791660960915,
100,308.09622,248.64917190027714,41.00829795905274,249.8513924602653,29.0,0.8051,337.0,50.0,178.0,1118.0,27.0,237.0,139.0,368.0,35.78127103141329,125,5,50,63,212.0,-26.0,62.0,65.0,157.0,41.0,-55.0,5490.0,113.0,10.0,8.186181468176406,62.84270832762776,
101,397.16922,233.72060118116298,11.63451908716099,196.20106978060116,29.0,0.7791,337.0,50.0,178.0,1118.0,27.0,237.0,139.0,368.0,12.215107273617564,129,6,48,59,212.0,-26.0,62.0,65.0,157.0,41.0,-55.0,5490.0,113.0,10.0,8.1907458291844,62.84270832762776,
102,646.62506,107.55792814627247,15.764313253665538,131.8825664256735,29.0,0.7656,301.0,55.0,194.0,1096.0,22.0,271.0,121.0,336.0,16.433016390152893,134,22,53,52,233.0,-51.0,68.0,49.0,149.0,21.0,-84.0,5928.0,100.0,-12.0,8.774984038206515,62.84270832762776,
103,668.6729,285.7605831788613,19.409670900876797,238.94059860004208,28.0,0.7715,297.0,60.0,201.0,1107.0,20.0,286.0,118.0,329.0,19.978811055891423,134,24,55,56,233.0,-70.0,67.0,-13.0,129.0,1.0,-104.0,5891.0,79.0,-31.0,8.783490185099566,62.84062499429462,
104,401.84274,237.80144260043662,17.235788817322987,220.09168240563415,29.0,0.78725,336.0,50.0,178.0,1114.0,27.0,237.0,138.0,366.0,16.1919070799917,136,6,50,61,213.0,-27.0,62.0,65.0,157.0,40.0,-56.0,5491.0,112.0,9.0,8.194148596024268,62.83854166096147,
105,685.7415,288.1202030676158,25.79411196339621,251.85462463387572,29.0,0.7681,296.0,57.0,196.0,1093.0,21.0,278.0,118.0,329.0,25.729753539191567,120,21,51,58,233.0,-61.0,68.0,-2.0,139.0,10.0,-94.0,5934.0,89.0,-23.0,8.782867709831775,62.83854166096147,
106,805.14594,300.1784684392306,41.43922405751424,251.1924712115499,28.0,0.7681,297.0,60.0,201.0,1107.0,20.0,286.0,118.0,329.0,32.53315106703078,132,20,52,55,233.0,-70.0,67.0,-13.0,129.0,1.0,-104.0,5891.0,79.0,-31.0,8.787431423892306,62.83854166096147,
107,355.08182,249.6467168193111,39.62558785599687,245.29196151590784,29.0,0.8202,336.0,50.0,178.0,1114.0,27.0,237.0,138.0,366.0,34.00730406105078,133,10,50,65,213.0,-27.0,62.0,65.0,157.0,40.0,-56.0,5491.0,112.0,9.0,8.193567938661594,62.83645832762833,
108,600.59534,137.9936895851051,23.917704826955635,134.14737824336987,29.0,0.8026,301.0,55.0,194.0,1095.0,22.0,271.0,121.0,335.0,20.05468668426408,120,7,54,59,234.0,-50.0,68.0,50.0,151.0,23.0,-83.0,5946.0,101.0,-11.0,8.773118553067025,62.83645832762833,
109,708.73566,288.6629906302246,31.666182906050963,254.95883203264586,29.0,0.8124,296.0,57.0,196.0,1093.0,21.0,278.0,118.0,329.0,30.691466997712528,125,18,52,59,233.0,-61.0,68.0,-2.0,139.0,10.0,-94.0,5934.0,89.0,-23.0,8.782245334396261,62.83645832762833,
110,649.3077,215.9828460925519,49.92259425173201,230.6906223244454,28.0,0.7806,288.0,57.0,194.0,1079.0,21.0,279.0,115.0,322.0,29.35741114925134,122,22,57,55,236.0,-62.0,68.0,-2.0,141.0,10.0,-95.0,5991.0,90.0,-23.0,8.887203319682264,62.83645832762833,
111,737.73846,204.6868629668205,76.68463130978581,224.4881761649864,29.0,0.7771,288.0,57.0,194.0,1080.0,21.0,280.0,115.0,322.0,39.487404843678405,123,20,58,57,237.0,-63.0,69.0,-3.0,140.0,9.0,-97.0,6007.0,89.0,-24.0,8.891766710346882,62.83645832762833,
112,400.5844,261.2473531478575,40.765706872664595,201.73596763062568,29.0,0.7735,348.0,48.0,172.0,1123.0,29.0,223.0,144.0,380.0,23.19068337546181,116,11,49,57,199.0,-15.0,58.0,70.0,157.0,48.0,-42.0,5181.0,116.0,19.0,7.882698796620063,62.834374994295175,
113,262.01663,257.98848347074147,47.95413625767781,253.48220468747647,29.0,0.83115,336.0,50.0,178.0,1114.0,27.0,237.0,138.0,366.0,43.21103540532126,129,11,51,64,213.0,-27.0,62.0,65.0,157.0,40.0,-56.0,5491.0,112.0,9.0,8.19298737441806,62.834374994295175,
114,370.42465,210.9519876311294,16.663249337321275,186.30367265132352,29.0,0.8052,336.0,50.0,178.0,1114.0,27.0,237.0,138.0,366.0,10.64546455283286,135,8,52,62,213.0,-27.0,62.0,65.0,157.0,40.0,-56.0,5491.0,112.0,9.0,8.197550441738626,62.834374994295175,
115,631.892,133.05095981736193,38.43794761557647,120.68272603088026,29.0,0.8304,301.0,55.0,194.0,1095.0,22.0,271.0,121.0,335.0,27.070733477198804,108,7,52,56,234.0,-50.0,68.0,50.0,151.0,23.0,-83.0,5946.0,101.0,-11.0,8.76793385680845,62.834374994295175,
116,569.2015,210.65671949677255,17.19034877420051,174.64533940407554,29.0,0.8071,301.0,55.0,194.0,1095.0,22.0,271.0,121.0,335.0,14.97679218034042,103,7,53,60,234.0,-50.0,68.0,50.0,151.0,23.0,-83.0,5946.0,101.0,-11.0,8.772496924129017,62.834374994295175,
117,614.4204,288.03797981547393,20.838885727538692,240.33380525335346,29.0,0.8165,296.0,57.0,196.0,1093.0,21.0,278.0,118.0,329.0,21.449906173479285,126,14,53,58,233.0,-61.0,68.0,-2.0,139.0,10.0,-94.0,5934.0,89.0,-23.0,8.777059991449583,62.834374994295175,
118,731.31415,281.41711307298385,31.098705416191635,254.7420985965139,29.0,0.7986,296.0,57.0,196.0,1093.0,21.0,278.0,118.0,329.0,32.572522527729475,131,18,51,62,233.0,-61.0,68.0,-2.0,139.0,10.0,-94.0,5934.0,89.0,-23.0,8.781623058770151,62.834374994295175,
119,595.8881,188.03248068224136,43.859670006219254,190.37791899286515,28.0,0.7854,288.0,57.0,194.0,1079.0,21.0,279.0,115.0,322.0,22.610784982941333,132,9,58,57,236.0,-62.0,68.0,-2.0,141.0,10.0,-95.0,5991.0,90.0,-23.0,8.89113667446355,62.834374994295175,
120,609.7768,185.19758594816227,47.89482718937421,186.453730192915,29.0,0.7926,288.0,57.0,194.0,1080.0,21.0,280.0,115.0,322.0,23.67246426276028,111,8,59,57,237.0,-63.0,69.0,-3.0,140.0,9.0,-97.0,6007.0,89.0,-24.0,8.895699741784117,62.834374994295175,
121,618.8225,189.24909597673818,45.706030021149736,191.79472455828682,29.0,0.8142,287.0,57.0,194.0,1080.0,20.0,281.0,114.0,321.0,23.759374117834373,128,7,56,57,236.0,-64.0,69.0,-4.0,139.0,9.0,-97.0,5982.0,88.0,-25.0,8.900262809104683,62.834374994295175,
122,657.3934,186.58150680238856,55.28963531210351,188.99484619869497,29.0,0.8079,287.0,57.0,194.0,1079.0,21.0,280.0,114.0,321.0,27.846878907893732,135,21,59,55,237.0,-63.0,69.0,-3.0,141.0,10.0,-96.0,5999.0,90.0,-24.0,8.90938894374582,62.834374994295175,
123,207.57816,299.8811323580456,43.043557563575376,250.2877168959243,28.0,0.6851,353.0,51.0,179.0,1147.0,28.0,234.0,145.0,382.0,34.55910480402916,125,11,48,60,201.0,-27.0,58.0,56.0,146.0,35.0,-55.0,5197.0,104.0,6.0,7.873014821287235,62.832291660962035,
124,385.40552,300.88658974865723,49.58308030776764,250.71555441940805,29.0,0.7514,353.0,52.0,181.0,1150.0,28.0,236.0,145.0,382.0,35.460458474483794,117,11,49,60,200.0,-28.0,58.0,55.0,144.0,34.0,-56.0,5189.0,103.0,6.0,7.877577565315603,62.832291660962035,
125,357.08917,126.24921733941207,9.199413925880277,164.94732426329614,28.0,0.75805,337.0,49.0,177.0,1114.0,27.0,235.0,139.0,368.0,8.383117193736906,139,5,51,60,214.0,-22.0,62.0,71.0,163.0,46.0,-51.0,5529.0,119.0,14.0,8.206095135357371,62.832291660962035,
126,678.3195,156.23567799867558,49.47234317777525,149.76045537343987,29.0,0.7845,302.0,54.0,192.0,1094.0,22.0,268.0,122.0,338.0,25.85456553945594,114,6,50,52,234.0,-47.0,68.0,54.0,155.0,26.0,-79.0,5972.0,105.0,-9.0,8.75818716278876,62.832291660962035,
127,627.48425,148.243795843471,43.158931897658306,138.85781721441253,29.0,0.8185,299.0,55.0,194.0,1093.0,22.0,271.0,121.0,335.0,26.385443883424887,111,7,54,57,234.0,-50.0,68.0,50.0,151.0,22.0,-83.0,5939.0,101.0,-11.0,8.762749906817126,62.832291660962035,
128,565.11395,281.0295329604313,17.459917347515105,215.57942749372478,29.0,0.8009,297.0,56.0,194.0,1087.0,21.0,272.0,119.0,330.0,14.814642735510171,123,19,54,61,234.0,-56.0,68.0,43.0,145.0,16.0,-89.0,5960.0,95.0,-18.0,8.77187539487386,62.832291660962035,
129,638.80206,297.69547467126966,27.957831062575487,246.69856753475239,29.0,0.8069,294.0,57.0,196.0,1088.0,21.0,277.0,118.0,328.0,25.214818460510667,139,21,56,59,234.0,-61.0,68.0,-3.0,140.0,11.0,-94.0,5950.0,90.0,-23.0,8.776438138902225,62.832291660962035,
130,750.78326,288.98031683692915,28.940970043828333,250.12953103040604,29.0,0.7539,294.0,57.0,196.0,1088.0,21.0,277.0,118.0,328.0,29.040764177993573,132,20,53,57,234.0,-61.0,68.0,-3.0,140.0,11.0,-94.0,5950.0,90.0,-23.0,8.781000882930593,62.832291660962035,
131,549.3439,176.35806646272363,32.29415071180695,177.08328443358107,29.0,0.735,299.0,54.0,194.0,1096.0,22.0,271.0,121.0,337.0,15.918296118327014,126,18,52,57,236.0,-44.0,69.0,58.0,159.0,30.0,-77.0,6046.0,109.0,-5.0,8.858567531412687,62.832291660962035,
132,603.56433,191.6452329386291,26.66895674479747,187.98982906177278,28.0,0.7954,288.0,55.0,192.0,1075.0,21.0,274.0,115.0,324.0,15.764482957436238,112,11,50,57,239.0,-54.0,69.0,9.0,152.0,20.0,-87.0,6096.0,101.0,-14.0,8.931571435866413,62.832291660962035,
133,270.9707,296.69760603001987,49.901233968272045,254.98938846459674,28.0,0.6653,353.0,51.0,179.0,1147.0,28.0,234.0,145.0,382.0,39.04649044896743,122,15,48,55,201.0,-27.0,58.0,56.0,146.0,35.0,-55.0,5197.0,104.0,6.0,7.87245707004332,62.83020832762888,
134,456.36523,306.5190616833631,52.673724242927776,249.98172559229792,29.0,0.7694,353.0,52.0,181.0,1150.0,28.0,236.0,145.0,382.0,38.459814607606795,115,12,50,55,200.0,-28.0,58.0,55.0,144.0,34.0,-56.0,5189.0,103.0,6.0,7.8770194908313265,62.83020832762888,
135,306.07645,201.68503204154345,45.06276412803043,206.592236078381,28.0,0.8307,337.0,49.0,177.0,1114.0,27.0,235.0,139.0,368.0,25.98804011772069,132,8,51,62,214.0,-22.0,62.0,71.0,163.0,46.0,-51.0,5529.0,119.0,14.0,8.200951366779057,62.83020832762888,
136,318.38184,179.6420123132993,28.11456469233708,180.68705862091957,28.0,0.8113,337.0,49.0,177.0,1114.0,27.0,235.0,139.0,368.0,17.613563085290345,135,7,50,62,214.0,-22.0,62.0,71.0,163.0,46.0,-51.0,5529.0,119.0,14.0,8.205513787567062,62.83020832762888,
137,312.2504,142.62706736006928,15.000108825749766,161.0078615375143,29.0,0.79835,337.0,49.0,178.0,1119.0,27.0,235.0,139.0,370.0,11.581945754141861,136,8,51,60,214.0,-19.0,63.0,74.0,166.0,49.0,-48.0,5537.0,122.0,17.0,8.210076208355066,62.83020832762888,
138,560.4231,168.18734388562558,46.84824199367508,163.52998152406204,29.0,0.8303,302.0,54.0,192.0,1094.0,22.0,268.0,122.0,338.0,25.80143226601384,122,5,56,58,234.0,-47.0,68.0,54.0,155.0,26.0,-79.0,5972.0,105.0,-9.0,8.7575667029147,62.83020832762888,
139,679.26697,290.1287212162715,23.958519738568057,242.534485748152,29.0,0.7947,294.0,57.0,196.0,1088.0,21.0,277.0,118.0,328.0,22.898271477432225,138,22,55,60,234.0,-61.0,68.0,-3.0,140.0,11.0,-94.0,5950.0,90.0,-23.0,8.77581638606672,62.83020832762888,
140,499.12408,160.3163420310572,20.123094050592346,168.31607788993736,28.0,0.75205,299.0,54.0,194.0,1096.0,22.0,271.0,121.0,337.0,11.152117189355195,126,17,56,56,238.0,-46.0,69.0,59.0,159.0,29.0,-79.0,6070.0,109.0,-6.0,8.853377539462668,62.83020832762888,
141,542.7281,254.1426863489329,15.933323369960753,189.4127023196817,28.0,0.7509,291.0,55.0,193.0,1081.0,21.0,273.0,117.0,328.0,10.636780664712713,124,26,55,55,239.0,-51.0,69.0,12.0,154.0,23.0,-85.0,6089.0,104.0,-12.0,8.90812658891866,62.83020832762888,
142,551.4272,241.77537671104162,17.348653026192768,184.37503017678824,28.0,0.7708,290.0,55.0,192.0,1078.0,22.0,273.0,117.0,327.0,10.797684269449613,145,28,52,58,238.0,-52.0,69.0,11.0,153.0,22.0,-85.0,6089.0,102.0,-12.0,8.912689009706666,62.83020832762888,
143,593.6882,316.24339311937155,13.840564875599897,192.74262417347018,28.0,0.7515,286.0,55.0,191.0,1072.0,21.0,275.0,115.0,323.0,8.382503641273408,133,28,53,58,239.0,-55.0,69.0,7.0,151.0,19.0,-88.0,6093.0,100.0,-15.0,8.93550111364662,62.83020832762888,
144,324.05276,292.4832087128979,50.572435681780384,254.98119126667237,28.0,0.7371,353.0,51.0,179.0,1147.0,28.0,234.0,145.0,382.0,41.39482023880826,116,8,48,54,201.0,-27.0,58.0,56.0,146.0,35.0,-55.0,5197.0,104.0,6.0,7.8718994082267075,62.82812499429574,
145,162.41391,211.79282924824173,65.68277650361176,232.538851309371,28.0,0.823,337.0,49.0,177.0,1114.0,27.0,235.0,139.0,368.0,37.01157941462564,125,9,49,64,214.0,-22.0,62.0,71.0,163.0,46.0,-51.0,5529.0,119.0,14.0,8.200370435387946,62.82812499429574,
146,235.56082,199.67729022935706,49.71812998518141,207.3270281783516,28.0,0.82605,337.0,49.0,177.0,1114.0,27.0,235.0,139.0,368.0,26.813338326854925,129,10,47,62,214.0,-22.0,62.0,71.0,163.0,46.0,-51.0,5529.0,119.0,14.0,8.204932532987415,62.82812499429574,
147,264.08228,184.0863006999441,38.72187565039033,189.95449304790554,29.0,0.81555,337.0,49.0,178.0,1119.0,27.0,235.0,139.0,370.0,22.827619135128895,120,9,48,58,214.0,-19.0,63.0,74.0,166.0,49.0,-48.0,5537.0,122.0,17.0,8.209494630586887,62.82812499429574,
148,683.616,282.15203209267094,18.128070975734687,222.79410147681088,29.0,0.77825,294.0,57.0,196.0,1088.0,21.0,277.0,118.0,328.0,16.06004078063727,128,19,56,56,234.0,-61.0,68.0,-3.0,140.0,11.0,-94.0,5950.0,90.0,-23.0,8.77519473292024,62.82812499429574,
149,457.9504,173.1537229925325,17.199254558568033,171.52757057096548,28.0,0.7664,299.0,54.0,194.0,1096.0,22.0,271.0,121.0,337.0,10.477328976611561,120,21,54,59,238.0,-46.0,69.0,59.0,159.0,29.0,-79.0,6070.0,109.0,-6.0,8.852750392111098,62.82812499429574,
150,455.2374,241.75461129093347,11.542797555536268,184.75977649359385,29.0,0.7389,299.0,54.0,194.0,1096.0,22.0,271.0,121.0,337.0,8.192385198166752,113,7,55,58,236.0,-44.0,69.0,58.0,159.0,30.0,-77.0,6046.0,109.0,-5.0,8.861874587310039,62.82812499429574,
151,471.0909,186.79912155555624,23.010266255472686,182.76892018360613,28.0,0.7194,296.0,55.0,195.0,1091.0,22.0,272.0,119.0,333.0,11.671447521765765,144,27,54,60,238.0,-47.0,69.0,17.0,158.0,28.0,-80.0,6071.0,108.0,-7.0,8.875560880108381,62.82812499429574,
152,477.62436,279.187901421986,26.224157408417522,185.34619256248305,28.0,0.7437,296.0,55.0,195.0,1091.0,22.0,272.0,119.0,333.0,12.739362073463607,133,23,53,59,238.0,-47.0,69.0,17.0,158.0,28.0,-80.0,6071.0,108.0,-7.0,8.88012297770785,62.82812499429574,
153,487.52005,311.43807970694786,33.12406456802387,193.9819892542008,28.0,0.7391,294.0,55.0,194.0,1087.0,22.0,272.0,119.0,332.0,16.76036722225315,142,23,54,60,238.0,-48.0,69.0,15.0,156.0,26.0,-82.0,6063.0,106.0,-9.0,8.88468507530732,62.82812499429574,
154,519.4747,333.7997279559385,44.07275361021824,200.49896727122612,28.0,0.77845,294.0,55.0,194.0,1087.0,22.0,272.0,119.0,332.0,24.4073824568106,125,24,55,60,238.0,-48.0,69.0,15.0,156.0,26.0,-82.0,6063.0,106.0,-9.0,8.88924717290679,62.82812499429574,
155,543.4447,297.9807222280878,47.27655312659277,203.4047946182402,28.0,0.7318,293.0,55.0,194.0,1085.0,22.0,273.0,118.0,330.0,26.815518235975755,120,22,53,61,238.0,-50.0,69.0,13.0,155.0,24.0,-83.0,6094.0,105.0,-10.0,8.893809270506262,62.82812499429574,
156,574.73676,306.52622835464274,49.84541017054516,194.73635015903398,28.0,0.7292,293.0,55.0,194.0,1085.0,22.0,273.0,118.0,330.0,27.734885680573623,115,28,53,57,238.0,-50.0,69.0,13.0,155.0,24.0,-83.0,6094.0,105.0,-10.0,8.898371368105732,62.82812499429574,
157,595.0719,269.8516702991942,50.820077611080656,192.0886560387418,28.0,0.7514,291.0,55.0,193.0,1081.0,21.0,273.0,117.0,328.0,26.910621980851264,109,27,53,55,239.0,-51.0,69.0,12.0,154.0,23.0,-85.0,6089.0,104.0,-12.0,8.902933465705205,62.82812499429574,
158,610.684,261.4793219091483,54.17395627413923,191.17546940893735,28.0,0.7255,291.0,55.0,193.0,1081.0,21.0,273.0,117.0,328.0,27.97073102482086,110,22,56,55,239.0,-51.0,69.0,12.0,154.0,23.0,-85.0,6089.0,104.0,-12.0,8.907495563304675,62.82812499429574,
159,621.21246,249.58521574226077,54.58413001938483,187.3246266593112,28.0,0.7685,290.0,55.0,192.0,1078.0,22.0,273.0,117.0,327.0,28.450082484682607,116,22,57,56,238.0,-52.0,69.0,11.0,153.0,22.0,-85.0,6089.0,102.0,-12.0,8.912057660904146,62.82812499429574,
160,633.5003,217.57031740654733,53.94144980733235,185.0611064886969,28.0,0.784,290.0,55.0,192.0,1078.0,22.0,273.0,117.0,327.0,27.664912505793545,108,25,54,56,238.0,-52.0,69.0,11.0,153.0,22.0,-85.0,6089.0,102.0,-12.0,8.916619758503543,62.82812499429574,
161,633.8085,151.02137274080698,48.859037084964896,179.08172829417256,28.0,0.7723,289.0,55.0,192.0,1076.0,21.0,273.0,116.0,326.0,26.154607218753295,120,26,54,54,239.0,-53.0,69.0,10.0,153.0,21.0,-86.0,6086.0,102.0,-13.0,8.921181856103013,62.82812499429574,
162,633.0427,113.16567534864934,45.80578374622598,179.39848520052374,28.0,0.7672,288.0,55.0,192.0,1075.0,21.0,274.0,115.0,324.0,24.007856687660954,122,30,55,54,239.0,-54.0,69.0,9.0,152.0,20.0,-87.0,6096.0,101.0,-14.0,8.925743953702485,62.82812499429574,
163,635.4468,210.75884054325527,42.72981435984524,184.13076063627338,28.0,0.7663,288.0,55.0,192.0,1075.0,21.0,274.0,115.0,324.0,22.134024271045163,134,33,55,54,239.0,-54.0,69.0,9.0,152.0,20.0,-87.0,6096.0,101.0,-14.0,8.930306051301955,62.82812499429574,
164,212.51595,288.4282472111034,32.41154235181204,250.64622194020671,28.0,0.7349,353.0,51.0,179.0,1147.0,28.0,234.0,145.0,382.0,30.087827849823327,125,7,47,54,201.0,-27.0,58.0,56.0,146.0,35.0,-55.0,5197.0,104.0,6.0,7.866780061354159,62.82604166096259,
165,376.19458,286.86757862306223,41.450580191557364,251.34209960647766,28.0,0.7817,353.0,51.0,179.0,1147.0,28.0,234.0,145.0,382.0,37.135430762057744,115,10,45,55,201.0,-27.0,58.0,56.0,146.0,35.0,-55.0,5197.0,104.0,6.0,7.871341835816909,62.82604166096259,
166,82.964226,199.72284406769128,67.32511127750898,218.7454919426789,28.0,0.793,337.0,49.0,177.0,1114.0,27.0,235.0,139.0,368.0,38.90386993765051,126,7,48,63,214.0,-22.0,62.0,71.0,163.0,46.0,-51.0,5529.0,119.0,14.0,8.204351371597085,62.82604166096259,
167,137.39836,204.21003385652227,63.350195000882785,222.28473557396921,29.0,0.8173,337.0,49.0,178.0,1119.0,27.0,235.0,139.0,370.0,36.046638840984095,118,7,47,62,214.0,-19.0,63.0,74.0,166.0,49.0,-48.0,5537.0,122.0,17.0,8.208913146059835,62.82604166096259,
168,164.50421,176.0986126723156,55.60854034216763,167.29274798829715,29.0,0.8164,337.0,49.0,178.0,1119.0,27.0,235.0,139.0,370.0,30.59322976360382,127,5,49,63,214.0,-19.0,63.0,74.0,166.0,49.0,-48.0,5537.0,122.0,17.0,8.213474920522588,62.82604166096259,
169,524.24805,336.81079604259304,30.254254604998405,200.95345209930028,29.0,0.8026,302.0,54.0,192.0,1094.0,22.0,268.0,122.0,338.0,17.456112201231242,97,2,54,57,234.0,-47.0,68.0,54.0,155.0,26.0,-79.0,5972.0,105.0,-9.0,8.756326081588947,62.82604166096259,
170,555.49774,328.6147897162602,31.289183982005984,209.19353207807924,29.0,0.7989,299.0,55.0,194.0,1093.0,22.0,271.0,121.0,335.0,18.098336745793148,99,16,53,59,234.0,-50.0,68.0,50.0,151.0,22.0,-83.0,5939.0,101.0,-11.0,8.760887856051697,62.82604166096259,
171,605.5693,323.63514594992336,47.676100700006515,224.60118804905136,29.0,0.806,299.0,55.0,194.0,1093.0,22.0,271.0,121.0,335.0,25.71604167362281,130,18,51,56,234.0,-50.0,68.0,50.0,151.0,22.0,-83.0,5939.0,101.0,-11.0,8.76544963051445,62.82604166096259,
172,687.5103,324.2928082190269,52.38530057492149,224.63096956808627,29.0,0.78605,297.0,56.0,194.0,1087.0,21.0,272.0,119.0,330.0,32.270883210059694,122,19,52,57,234.0,-56.0,68.0,43.0,145.0,16.0,-89.0,5960.0,95.0,-18.0,8.770011404977199,62.82604166096259,
173,468.42722,116.11696626121785,20.813865476868802,146.57410900777919,29.0,0.7976,300.0,54.0,194.0,1099.0,22.0,271.0,121.0,338.0,15.79754014705886,130,22,56,57,237.0,-45.0,69.0,58.0,159.0,29.0,-78.0,6051.0,109.0,-5.0,8.842999796381072,62.82604166096259,
174,437.60477,237.71124683978064,6.336497907821173,184.37016094565624,28.0,0.7546,299.0,54.0,194.0,1096.0,22.0,271.0,121.0,337.0,2.7807746041493107,122,18,55,60,238.0,-46.0,69.0,59.0,159.0,29.0,-79.0,6070.0,109.0,-6.0,8.852123345306573,62.82604166096259,
175,478.022,321.6287697437556,19.164451591907646,205.64411209828674,29.0,0.7549,299.0,54.0,194.0,1096.0,22.0,271.0,121.0,337.0,13.041582621169164,113,4,54,64,236.0,-44.0,69.0,58.0,159.0,30.0,-77.0,6046.0,109.0,-5.0,8.861246894232076,62.82604166096259,
176,515.1567,332.65610346064506,37.24528478770812,210.62150332639627,29.0,0.7621,299.0,54.0,194.0,1096.0,22.0,271.0,121.0,337.0,21.526163580055773,93,19,53,60,236.0,-44.0,69.0,58.0,159.0,30.0,-77.0,6046.0,109.0,-5.0,8.865808668694827,62.82604166096259,
177,555.17004,330.2375360978299,60.36634434334715,200.1315713664289,29.0,0.7364,297.0,54.0,195.0,1093.0,22.0,272.0,120.0,335.0,31.677653300096612,100,25,54,60,237.0,-46.0,69.0,18.0,158.0,29.0,-79.0,6073.0,109.0,-6.0,8.87037044315758,62.82604166096259,
178,576.3204,230.31813202318477,67.09904382788166,187.3704942958677,29.0,0.73705,297.0,54.0,195.0,1093.0,22.0,272.0,120.0,335.0,34.20774169540681,113,29,55,60,237.0,-46.0,69.0,18.0,158.0,29.0,-79.0,6073.0,109.0,-6.0,8.874932217620257,62.82604166096259,
179,586.39795,255.32234155995903,66.78071358083076,190.31865942316284,28.0,0.7585,296.0,55.0,195.0,1091.0,22.0,272.0,119.0,333.0,33.29294986280757,143,23,55,57,238.0,-47.0,69.0,17.0,158.0,28.0,-80.0,6071.0,108.0,-7.0,8.87949399208301,62.82604166096259,
180,606.12854,307.79921439262597,71.34198957013604,197.18253302258603,28.0,0.76105,294.0,55.0,194.0,1087.0,22.0,272.0,119.0,332.0,35.32581729045647,142,24,53,57,238.0,-48.0,69.0,15.0,156.0,26.0,-82.0,6063.0,106.0,-9.0,8.884055766545758,62.82604166096259,
181,649.835,333.5471683025685,76.12218996530491,204.29655427784238,28.0,0.7632,294.0,55.0,194.0,1087.0,22.0,272.0,119.0,332.0,37.64531053788578,122,19,55,55,238.0,-48.0,69.0,15.0,156.0,26.0,-82.0,6063.0,106.0,-9.0,8.88861754100851,62.82604166096259,
182,685.0727,332.65240441653407,79.2476956215488,206.36553809820688,28.0,0.7585,293.0,55.0,194.0,1085.0,22.0,273.0,118.0,330.0,39.54148576486436,129,29,52,55,238.0,-50.0,69.0,13.0,155.0,24.0,-83.0,6094.0,105.0,-10.0,8.89317931547126,62.82604166096259,
183,234.46825,283.8510200656788,30.745444371361994,251.46512567022097,29.0,0.7817,349.0,49.0,173.0,1127.0,29.0,225.0,144.0,380.0,31.729735981857534,129,7,47,60,199.0,-19.0,58.0,65.0,153.0,44.0,-46.0,5183.0,112.0,15.0,7.866222901415631,62.82395832762945,
184,390.10025,254.89160770792924,26.64301119666813,231.67456403780508,29.0,0.7957,349.0,50.0,175.0,1131.0,28.0,228.0,144.0,380.0,26.0060322857157,124,11,50,57,200.0,-22.0,58.0,62.0,150.0,41.0,-50.0,5204.0,109.0,12.0,7.870784352793465,62.82395832762945,
185,423.67694,195.79801834017084,15.87103609791516,182.09147093813746,28.0,0.7611,349.0,50.0,176.0,1132.0,28.0,229.0,144.0,379.0,10.946952410647006,97,7,51,58,201.0,-25.0,58.0,59.0,149.0,38.0,-52.0,5224.0,107.0,10.0,7.875345804171299,62.82395832762945,
186,611.9217,325.28580655196777,64.33241020280005,202.8275333314386,29.0,0.79075,294.0,56.0,194.0,1082.0,21.0,272.0,118.0,328.0,31.65269882241797,110,7,53,56,234.0,-57.0,68.0,42.0,144.0,15.0,-90.0,5960.0,94.0,-19.0,8.755705920091701,62.82395832762945,
187,651.53046,327.00965228430243,73.47490040226083,215.71648729062355,29.0,0.77935,294.0,56.0,195.0,1085.0,21.0,275.0,118.0,328.0,37.09686244496871,103,14,53,55,234.0,-59.0,68.0,-1.0,142.0,12.0,-92.0,5956.0,92.0,-21.0,8.760267371469535,62.82395832762945,
188,510.74765,105.64696098716043,18.568720328893875,126.17791313681896,29.0,0.8188,301.0,54.0,194.0,1099.0,22.0,270.0,122.0,339.0,18.674102796103565,122,21,56,60,237.0,-43.0,69.0,61.0,161.0,32.0,-76.0,6052.0,111.0,-3.0,8.837812044892576,62.82395832762945,
189,455.70563,117.40019536341687,9.978434835502123,155.39254574075233,29.0,0.8128,297.0,54.0,193.0,1091.0,22.0,271.0,120.0,335.0,9.14738366017041,117,23,55,59,237.0,-46.0,69.0,57.0,158.0,28.0,-79.0,6050.0,108.0,-6.0,8.842373496270413,62.82395832762945,
190,437.21417,138.8158310550503,3.0752529580402053,174.24838157203752,29.0,0.77825,297.0,54.0,193.0,1091.0,22.0,271.0,120.0,335.0,2.7392993786447444,119,22,56,57,237.0,-46.0,69.0,57.0,158.0,28.0,-79.0,6050.0,108.0,-6.0,8.846934947648247,62.82395832762945,
191,515.04517,306.1131524575299,23.56197067447837,225.69039943272796,28.0,0.7524,289.0,58.0,195.0,1084.0,21.0,282.0,115.0,322.0,18.270641802867313,109,19,54,61,235.0,-68.0,68.0,-9.0,134.0,4.0,-101.0,5978.0,84.0,-29.0,8.860619301781751,62.82395832762945,
192,241.40729,274.6236213048295,23.582694242951128,250.42543687830172,29.0,0.8275,349.0,49.0,173.0,1127.0,29.0,225.0,144.0,380.0,25.860244539549317,127,6,48,62,199.0,-19.0,58.0,65.0,153.0,44.0,-46.0,5183.0,112.0,15.0,7.865665830791191,62.821874994296294,
193,354.4259,242.99374890314763,21.008712202207832,228.77716063210977,29.0,0.7962,349.0,50.0,175.0,1131.0,28.0,228.0,144.0,380.0,20.664136447693085,124,7,50,57,200.0,-22.0,58.0,62.0,150.0,41.0,-50.0,5204.0,109.0,12.0,7.8702269591359,62.821874994296294,
194,394.57013,220.26241751760236,12.102355112599165,197.185165004713,29.0,0.7541,349.0,50.0,175.0,1131.0,28.0,228.0,144.0,380.0,11.480053097767637,110,9,53,58,200.0,-22.0,58.0,62.0,150.0,41.0,-50.0,5204.0,109.0,12.0,7.874788087480609,62.821874994296294,
195,568.21936,123.46589536747236,29.643829488357927,116.57590464573838,29.0,0.7972,301.0,54.0,194.0,1098.0,22.0,269.0,122.0,339.0,25.45430490089063,117,18,55,58,237.0,-44.0,69.0,59.0,160.0,31.0,-77.0,6041.0,110.0,-4.0,8.83262503986776,62.821874994296294,
196,489.86148,120.37491397262644,21.560083746016005,130.11244179817015,29.0,0.8186,301.0,54.0,194.0,1099.0,22.0,270.0,122.0,339.0,18.798177694205002,119,22,54,58,237.0,-43.0,69.0,61.0,161.0,32.0,-76.0,6052.0,111.0,-3.0,8.837186168212469,62.821874994296294,
197,439.27783,159.0422827010539,10.496664940888621,162.59036831423026,29.0,0.7692,297.0,54.0,193.0,1091.0,22.0,271.0,120.0,335.0,8.543186199015324,109,22,55,59,237.0,-46.0,69.0,57.0,158.0,28.0,-79.0,6050.0,108.0,-6.0,8.84174729655718,62.821874994296294,
198,484.59747,303.363517956498,17.58558108025449,216.20468733342057,28.0,0.7499,291.0,55.0,192.0,1077.0,22.0,273.0,117.0,326.0,14.005472108590212,135,23,54,62,236.0,-54.0,68.0,7.0,149.0,19.0,-87.0,6011.0,99.0,-15.0,8.855430681591308,62.821874994296294,
199,553.47754,303.47026270756015,32.51096217217092,242.22230961904,28.0,0.7496,289.0,58.0,195.0,1084.0,21.0,282.0,115.0,322.0,24.96929529959033,113,23,52,61,235.0,-68.0,68.0,-9.0,134.0,4.0,-101.0,5978.0,84.0,-29.0,8.859991809936016,62.821874994296294,
200,329.32568,248.04721625586672,18.127409511568715,227.74651791172283,29.0,0.8171,349.0,50.0,175.0,1131.0,28.0,228.0,144.0,380.0,18.69858157015508,129,6,49,57,200.0,-22.0,58.0,62.0,150.0,41.0,-50.0,5204.0,109.0,12.0,7.869669654823765,62.819791660963155,
201,663.46204,145.37924256258324,43.07051664969975,138.58706758105916,28.0,0.78025,295.0,55.0,193.0,1086.0,22.0,271.0,119.0,332.0,25.765414715779148,117,8,53,56,236.0,-49.0,68.0,53.0,154.0,24.0,-82.0,6017.0,104.0,-11.0,8.822877975765016,62.819791660963155,
202,456.78113,127.1064836668376,20.434762754410897,138.17573148215268,29.0,0.7847,301.0,54.0,194.0,1099.0,22.0,270.0,122.0,339.0,16.970910022061396,118,18,54,58,237.0,-43.0,69.0,61.0,161.0,32.0,-76.0,6052.0,111.0,-3.0,8.836560391855032,62.819791660963155,
203,423.75113,166.60326180682924,7.45466397572536,174.37035833914086,29.0,0.74445,301.0,54.0,194.0,1099.0,22.0,270.0,122.0,339.0,5.060143510402025,109,21,56,60,237.0,-43.0,69.0,61.0,161.0,32.0,-76.0,6052.0,111.0,-3.0,8.841121197218397,62.819791660963155,
204,522.02094,309.9442309526278,31.79312209023692,233.82518640244427,28.0,0.7696,291.0,55.0,192.0,1077.0,22.0,273.0,117.0,326.0,23.137152328329496,126,34,55,60,236.0,-54.0,68.0,7.0,149.0,19.0,-87.0,6011.0,99.0,-15.0,8.854803613308489,62.819791660963155,
205,620.2131,309.53427024633135,47.43000206812494,251.49556020194808,28.0,0.7608,289.0,58.0,195.0,1084.0,21.0,282.0,115.0,322.0,33.114188651669565,125,26,53,58,235.0,-68.0,68.0,-9.0,134.0,4.0,-101.0,5978.0,84.0,-29.0,8.859364418671852,62.819791660963155,
206,612.71796,152.6515851261679,50.680270983944695,139.30488818417288,28.0,0.8068,295.0,55.0,193.0,1086.0,22.0,271.0,119.0,332.0,29.52720113481929,106,10,50,56,236.0,-49.0,68.0,53.0,154.0,24.0,-82.0,6017.0,104.0,-11.0,8.817692786062226,62.81770832763,
207,527.7943,146.01392089952202,36.945795602752234,141.03356011214373,29.0,0.81335,301.0,54.0,194.0,1098.0,22.0,269.0,122.0,339.0,23.159437086416563,120,8,57,60,237.0,-44.0,69.0,59.0,160.0,31.0,-77.0,6041.0,110.0,-4.0,8.826813750929798,62.81770832763,
208,468.56146,137.66623106673384,28.01531688420536,138.63534541752142,29.0,0.7942,301.0,54.0,194.0,1098.0,22.0,269.0,122.0,339.0,20.107759784729385,122,18,52,57,237.0,-44.0,69.0,59.0,160.0,31.0,-77.0,6041.0,110.0,-4.0,8.83137423336351,62.81770832763,
209,427.07413,138.8847689756973,13.315125825448648,160.81784585234232,29.0,0.767,301.0,54.0,194.0,1099.0,22.0,270.0,122.0,339.0,9.101317040882279,117,21,54,60,237.0,-43.0,69.0,61.0,161.0,32.0,-76.0,6052.0,111.0,-3.0,8.835934715797293,62.81770832763,
210,497.69293,310.75805261498425,31.94211308219241,234.4008653429298,29.0,0.7787,297.0,54.0,193.0,1091.0,22.0,271.0,120.0,335.0,23.61471555731131,125,16,54,61,237.0,-46.0,69.0,57.0,158.0,28.0,-79.0,6050.0,108.0,-6.0,8.849616163098652,62.81770832763,
211,590.2309,312.93754676003266,45.40997966538685,246.66902446423356,28.0,0.7796,291.0,55.0,192.0,1077.0,22.0,273.0,117.0,326.0,30.92567573508682,129,28,52,58,236.0,-54.0,68.0,7.0,149.0,19.0,-87.0,6011.0,99.0,-15.0,8.854176645532437,62.81770832763,
212,603.49286,163.06049616655542,57.84843689155842,152.9120615750422,29.0,0.7805,302.0,54.0,193.0,1098.0,22.0,268.0,122.0,339.0,31.236603416223137,107,17,51,55,237.0,-42.0,69.0,62.0,162.0,32.0,-75.0,6063.0,112.0,-2.0,8.8079481826806,62.81562499429686,
213,558.48096,158.48474304483452,52.41914454597963,148.31386261301236,28.0,0.82295,302.0,54.0,194.0,1099.0,22.0,269.0,122.0,339.0,29.408177713498333,104,10,55,58,236.0,-41.0,68.0,62.0,162.0,33.0,-74.0,6039.0,113.0,-2.0,8.812508342236562,62.81562499429686,
214,517.7345,162.81499498861896,42.18686426055849,158.08404638732912,29.0,0.82005,301.0,54.0,194.0,1098.0,22.0,269.0,122.0,339.0,23.864334762546424,116,8,52,59,237.0,-42.0,69.0,62.0,162.0,33.0,-75.0,6051.0,112.0,-2.0,8.817068501792527,62.81562499429686,
215,489.70203,164.25788389459882,31.61187067262632,163.1569212417871,29.0,0.7973,301.0,54.0,194.0,1098.0,22.0,269.0,122.0,339.0,18.60387654634638,100,10,53,61,237.0,-42.0,69.0,62.0,162.0,33.0,-75.0,6051.0,112.0,-2.0,8.821628661348488,62.81562499429686,
216,453.10632,150.82292059611285,31.564257921126625,150.48787476307032,29.0,0.7879,297.0,54.0,193.0,1089.0,22.0,269.0,120.0,335.0,19.65049706448366,94,11,53,62,237.0,-45.0,69.0,58.0,159.0,29.0,-78.0,6051.0,109.0,-5.0,8.826188820904452,62.81562499429686,
217,422.37683,155.4127621233169,16.960852282360438,164.9274450997811,29.0,0.7675,297.0,54.0,193.0,1089.0,22.0,269.0,120.0,335.0,9.873018510320293,102,19,53,60,237.0,-45.0,69.0,58.0,159.0,29.0,-78.0,6051.0,109.0,-5.0,8.830748980460342,62.81562499429686,
218,412.98163,174.12023314960783,5.2748204932166,178.88487108557584,29.0,0.7518,291.0,55.0,192.0,1074.0,21.0,271.0,117.0,326.0,2.330106816455009,104,19,55,59,237.0,-54.0,69.0,8.0,150.0,20.0,-87.0,6035.0,99.0,-15.0,8.835309140016303,62.81562499429686,
219,423.55267,279.0141096208524,13.922837947901783,201.8705527191751,29.0,0.7575,291.0,55.0,192.0,1074.0,21.0,271.0,117.0,326.0,9.256996835210272,127,23,55,61,237.0,-54.0,69.0,8.0,150.0,20.0,-87.0,6035.0,99.0,-15.0,8.83986929957227,62.81562499429686,
220,475.32343,311.15605509402445,31.779063517686144,232.89507931452215,28.0,0.8067,288.0,57.0,193.0,1075.0,21.0,278.0,115.0,321.0,23.17162728414385,119,21,55,60,236.0,-65.0,68.0,-5.0,138.0,8.0,-98.0,6017.0,88.0,-26.0,8.84442945912823,62.81562499429686,
221,564.3833,310.921442260842,43.764483461704685,247.2216613668827,28.0,0.80315,288.0,57.0,193.0,1075.0,21.0,278.0,115.0,321.0,30.771897194000747,131,18,53,61,236.0,-65.0,68.0,-5.0,138.0,8.0,-98.0,6017.0,88.0,-26.0,8.848989618684193,62.81562499429686,
222,680.85803,314.4258584289594,57.05770890313847,250.98629635579445,28.0,0.78425,288.0,58.0,194.0,1081.0,20.0,283.0,114.0,320.0,36.71299533308022,111,27,54,56,235.0,-69.0,68.0,-10.0,133.0,3.0,-102.0,5971.0,83.0,-30.0,8.853549778240158,62.81562499429686,
223,563.70233,156.62971991350759,56.70540740431113,143.12782332418803,28.0,0.7015,302.0,54.0,193.0,1098.0,22.0,268.0,122.0,339.0,30.962853108114096,109,15,50,53,236.0,-42.0,68.0,61.0,161.0,32.0,-75.0,6039.0,112.0,-3.0,8.7982049706501,62.81354166096371,
224,461.2629,160.6721660019674,37.44079665745496,157.5890262269849,28.0,0.79995,302.0,54.0,194.0,1099.0,22.0,269.0,122.0,339.0,22.206461095690898,117,9,54,61,236.0,-41.0,68.0,62.0,162.0,33.0,-74.0,6039.0,113.0,-2.0,8.811884480839755,62.81354166096371,
225,431.89563,169.4399334711498,30.150261929699642,165.89066549328078,28.0,0.7848,302.0,54.0,194.0,1099.0,22.0,269.0,122.0,339.0,17.975999838317676,94,9,55,60,236.0,-41.0,68.0,62.0,162.0,33.0,-74.0,6039.0,113.0,-2.0,8.816444317569639,62.81354166096371,
226,411.11777,162.67901852068465,11.2919653432372,167.7390640380902,29.0,0.7633,297.0,54.0,193.0,1089.0,22.0,269.0,120.0,335.0,6.206686537451401,99,6,55,61,237.0,-45.0,69.0,58.0,159.0,29.0,-78.0,6051.0,109.0,-5.0,8.825563991029407,62.81354166096371,
227,415.37775,284.530508202269,13.554992893118719,196.5266422025495,29.0,0.7389,291.0,55.0,192.0,1074.0,21.0,271.0,117.0,326.0,7.843026934756592,106,22,54,57,237.0,-54.0,69.0,8.0,150.0,20.0,-87.0,6035.0,99.0,-15.0,8.834683664489102,62.81354166096371,
228,460.79364,314.6342213348728,32.64443980896167,226.99752147098533,29.0,0.77985,291.0,55.0,192.0,1074.0,21.0,271.0,117.0,326.0,22.357696559456816,106,21,56,59,237.0,-54.0,69.0,8.0,150.0,20.0,-87.0,6035.0,99.0,-15.0,8.839243501218988,62.81354166096371,
229,545.46045,314.3203751014168,44.43802862651448,243.65005368394182,28.0,0.81515,288.0,57.0,193.0,1075.0,21.0,278.0,115.0,321.0,30.056372961376454,128,19,53,60,236.0,-65.0,68.0,-5.0,138.0,8.0,-98.0,6017.0,88.0,-26.0,8.843803337948872,62.81354166096371,
230,646.517,313.34686211708276,51.96033153206747,249.19062220187323,28.0,0.7971,288.0,57.0,193.0,1075.0,21.0,278.0,115.0,321.0,33.25625082794908,122,22,52,57,236.0,-65.0,68.0,-5.0,138.0,8.0,-98.0,6017.0,88.0,-26.0,8.848363174678756,62.81354166096371,
231,772.9442,306.4702589675501,50.83675418699348,254.65599748641577,28.0,0.7708,288.0,58.0,194.0,1081.0,20.0,283.0,114.0,320.0,35.951176531462536,130,17,51,57,235.0,-69.0,68.0,-10.0,133.0,3.0,-102.0,5971.0,83.0,-30.0,8.852923011408642,62.81354166096371,
232,601.18445,156.0385660854536,65.07289257586238,137.7209858039575,28.0,0.7754,299.0,54.0,192.0,1089.0,22.0,268.0,121.0,336.0,35.44234879423719,92,9,51,55,235.0,-45.0,68.0,57.0,157.0,28.0,-78.0,6023.0,108.0,-7.0,8.783903635681982,62.81145832763057,
233,547.03973,159.98958574969407,60.24744844600549,146.3440060355056,28.0,0.74745,299.0,54.0,192.0,1089.0,22.0,268.0,121.0,336.0,33.285799148114094,97,10,52,57,235.0,-45.0,68.0,57.0,157.0,28.0,-78.0,6023.0,108.0,-7.0,8.78846314963752,62.81145832763057,
234,420.27765,178.26923794291278,33.57111689753082,175.22465715296744,29.0,0.7476,302.0,54.0,193.0,1098.0,22.0,268.0,122.0,339.0,19.386744030063454,126,5,57,57,237.0,-42.0,69.0,62.0,162.0,32.0,-75.0,6063.0,112.0,-2.0,8.80214169150406,62.81145832763057,
235,415.69235,171.27886751351343,23.803706496196817,173.1336894424816,29.0,0.7531,302.0,54.0,193.0,1098.0,22.0,268.0,122.0,339.0,13.13954325847301,109,5,56,57,237.0,-42.0,69.0,62.0,162.0,32.0,-75.0,6063.0,112.0,-2.0,8.806701205459598,62.81145832763057,
236,405.05972,171.80557341571424,15.007915872831843,172.85576874447807,28.0,0.72125,302.0,54.0,194.0,1099.0,22.0,269.0,122.0,339.0,8.118483427328396,126,17,54,61,236.0,-41.0,68.0,62.0,162.0,33.0,-74.0,6039.0,113.0,-2.0,8.811260719415138,62.81145832763057,
237,532.1908,315.78493992916054,39.504053769602656,236.33322666938304,29.0,0.8147,291.0,55.0,192.0,1074.0,21.0,271.0,117.0,326.0,26.74666637993245,125,21,54,59,237.0,-54.0,69.0,8.0,150.0,20.0,-87.0,6035.0,99.0,-15.0,8.838617803148292,62.81145832763057,
238,631.136,312.7254232970607,51.84117746295131,249.56034761555136,28.0,0.81775,288.0,57.0,193.0,1075.0,21.0,278.0,115.0,321.0,34.99328335301564,124,23,53,60,236.0,-65.0,68.0,-5.0,138.0,8.0,-98.0,6017.0,88.0,-26.0,8.84317731710383,62.81145832763057,
239,754.21814,316.5703818210866,56.49077498534828,248.39593371027578,28.0,0.7798,288.0,57.0,193.0,1075.0,21.0,278.0,115.0,321.0,36.11282471243559,124,15,50,58,236.0,-65.0,68.0,-5.0,138.0,8.0,-98.0,6017.0,88.0,-26.0,8.847736831059368,62.81145832763057,
240,442.8427,177.9652146837769,34.865163564003964,171.76114947107985,28.0,0.8062,299.0,54.0,192.0,1089.0,22.0,268.0,121.0,336.0,19.089312891142985,90,8,56,57,235.0,-45.0,68.0,57.0,157.0,28.0,-78.0,6023.0,108.0,-7.0,8.787841101775344,62.809374994297414,
241,429.79193,156.30260273126132,27.46363019439722,158.66044838302903,28.0,0.7761,302.0,54.0,193.0,1098.0,22.0,268.0,122.0,339.0,16.399815283412778,101,12,55,56,236.0,-42.0,68.0,61.0,161.0,32.0,-75.0,6039.0,112.0,-3.0,8.792400293008182,62.809374994297414,
242,417.74692,202.1201086921819,21.557568112980903,182.87822690841463,29.0,0.74755,301.0,54.0,194.0,1098.0,22.0,269.0,122.0,339.0,11.540441352064644,114,8,54,59,237.0,-42.0,69.0,62.0,162.0,33.0,-75.0,6051.0,112.0,-2.0,8.819755440405652,62.809374994297414,
243,429.73846,325.70408468463745,25.473703572155596,194.86899997996423,29.0,0.78245,301.0,54.0,194.0,1098.0,22.0,269.0,122.0,339.0,14.844322433714968,112,19,54,61,237.0,-42.0,69.0,62.0,162.0,33.0,-75.0,6051.0,112.0,-2.0,8.824314631638565,62.809374994297414,
244,460.71213,327.1096011940942,32.01504078600604,215.7572665222709,29.0,0.77825,297.0,54.0,193.0,1089.0,22.0,269.0,120.0,335.0,21.23645158684964,117,17,54,62,237.0,-45.0,69.0,58.0,159.0,29.0,-78.0,6051.0,109.0,-5.0,8.828873822871401,62.809374994297414,
245,520.1628,317.6847265511402,36.634579480462286,229.41423432973278,29.0,0.80915,291.0,55.0,192.0,1074.0,21.0,271.0,117.0,326.0,23.96214908830265,128,17,53,59,237.0,-54.0,69.0,8.0,150.0,20.0,-87.0,6035.0,99.0,-15.0,8.833433014104314,62.809374994297414,
246,598.18964,313.4997617251483,43.61642333372568,239.16795678168276,29.0,0.81145,291.0,55.0,192.0,1074.0,21.0,271.0,117.0,326.0,27.227180361730515,106,20,50,61,237.0,-54.0,69.0,8.0,150.0,20.0,-87.0,6035.0,99.0,-15.0,8.837992205337226,62.809374994297414,
247,719.7885,306.70923732877696,54.15725723123881,253.6706554154496,28.0,0.80645,288.0,57.0,193.0,1075.0,21.0,278.0,115.0,321.0,37.012876637707436,114,22,52,58,236.0,-65.0,68.0,-5.0,138.0,8.0,-98.0,6017.0,88.0,-26.0,8.842551396570139,62.809374994297414,
248,832.6716,311.0908252309882,41.708505092884494,243.53323693925225,28.0,0.7482,288.0,57.0,193.0,1075.0,21.0,278.0,115.0,321.0,29.23223724358149,124,22,51,59,236.0,-65.0,68.0,-5.0,138.0,8.0,-98.0,6017.0,88.0,-26.0,8.84711058780305,62.809374994297414,
249,382.4872,155.1052392215147,20.054335086272108,162.3355735988627,28.0,0.8019,293.0,54.0,191.0,1075.0,22.0,268.0,118.0,329.0,13.926638180885494,107,9,57,56,235.0,-50.0,68.0,51.0,152.0,23.0,-83.0,6014.0,102.0,-12.0,8.791778022142989,62.807291660964275,
250,399.00275,274.31649057930264,17.492308430728805,219.05993960367624,28.0,0.7666,293.0,54.0,191.0,1075.0,22.0,268.0,118.0,329.0,16.82973139717921,105,8,56,58,235.0,-50.0,68.0,51.0,152.0,23.0,-83.0,6014.0,102.0,-12.0,8.79633689070498,62.807291660964275,
251,472.8119,332.9989592605014,42.03250258632346,199.70450626784262,28.0,0.76385,291.0,55.0,192.0,1073.0,22.0,270.0,117.0,326.0,22.38370258125142,110,7,56,56,236.0,-53.0,68.0,9.0,150.0,20.0,-86.0,6042.0,100.0,-14.0,8.805454627828968,62.807291660964275,
252,488.0972,183.27632510117346,39.9452493423185,184.54678002814626,28.0,0.76305,289.0,55.0,191.0,1070.0,21.0,271.0,116.0,324.0,20.559971654810038,114,7,56,56,236.0,-55.0,68.0,6.0,148.0,18.0,-88.0,6011.0,97.0,-16.0,8.810013496390964,62.807291660964275,
253,489.5489,171.41034078819908,38.38498884649421,183.21625095944344,28.0,0.7383,289.0,55.0,191.0,1070.0,21.0,271.0,116.0,324.0,21.32454824312707,114,15,55,55,236.0,-55.0,68.0,6.0,148.0,18.0,-88.0,6011.0,97.0,-16.0,8.814572364952959,62.807291660964275,
254,495.06,262.5102093004891,37.39608185680692,184.9310851897178,28.0,0.7591,288.0,56.0,192.0,1072.0,21.0,275.0,115.0,322.0,21.318929336663363,103,31,55,57,237.0,-60.0,68.0,0.0,144.0,13.0,-93.0,6030.0,93.0,-21.0,8.819131233514952,62.807291660964275,
255,507.90906,298.9608211707953,38.88794221869042,194.89467665419107,28.0,0.8079,288.0,56.0,192.0,1072.0,21.0,275.0,115.0,322.0,21.590011515402445,109,23,54,58,237.0,-60.0,68.0,0.0,144.0,13.0,-93.0,6030.0,93.0,-21.0,8.823690102076945,62.807291660964275,
256,540.2777,334.22890989375645,42.9316990208781,212.10718380129737,28.0,0.8062,287.0,57.0,193.0,1074.0,21.0,278.0,114.0,320.0,24.02651648499348,105,21,54,58,236.0,-65.0,68.0,-5.0,138.0,8.0,-98.0,6011.0,88.0,-25.0,8.828248970638866,62.807291660964275,
257,600.4397,324.9424884260694,52.56037609139222,233.0171531320454,28.0,0.8013,287.0,57.0,193.0,1074.0,21.0,278.0,114.0,320.0,30.870077213042837,106,19,52,57,236.0,-65.0,68.0,-5.0,138.0,8.0,-98.0,6011.0,88.0,-25.0,8.832807839200859,62.807291660964275,
258,700.0608,322.2608439771685,65.38251822664604,244.95968462761638,28.0,0.7961,287.0,57.0,193.0,1074.0,21.0,278.0,114.0,320.0,39.57810417719894,109,17,50,56,236.0,-66.0,68.0,-6.0,137.0,7.0,-99.0,6006.0,86.0,-27.0,8.837366707762854,62.807291660964275,
259,825.4192,317.79257186534244,54.546722344194414,244.0646884914885,28.0,0.7501,286.0,57.0,193.0,1072.0,21.0,278.0,114.0,319.0,33.54458812389411,129,19,54,58,236.0,-65.0,68.0,-5.0,138.0,8.0,-98.0,6009.0,88.0,-26.0,8.841925576324849,62.807291660964275,
260,506.55478,317.85785298603616,49.11543565322749,240.68456445106966,28.0,0.79725,291.0,55.0,192.0,1073.0,22.0,270.0,117.0,326.0,32.79892122484967,112,3,51,60,236.0,-53.0,68.0,9.0,150.0,20.0,-86.0,6042.0,100.0,-14.0,8.80027294286013,62.805208327631135,
261,596.63165,289.8714768835341,57.89486078685747,208.59687879476652,28.0,0.7975,291.0,55.0,192.0,1073.0,22.0,270.0,117.0,326.0,34.44146929162369,106,4,54,59,236.0,-53.0,68.0,9.0,150.0,20.0,-86.0,6042.0,100.0,-14.0,8.8048314888029,62.805208327631135,
262,602.5824,93.42866389830823,53.93626973337939,170.89582547615774,28.0,0.7929,289.0,55.0,191.0,1070.0,21.0,271.0,116.0,324.0,29.769536464082584,117,11,54,57,236.0,-55.0,68.0,6.0,148.0,18.0,-88.0,6011.0,97.0,-16.0,8.809390034745675,62.805208327631135,
263,588.9961,144.0586341453487,48.389490299475156,176.13976267608487,28.0,0.76575,289.0,55.0,191.0,1070.0,21.0,271.0,116.0,324.0,25.79144830171611,121,11,53,56,236.0,-55.0,68.0,6.0,148.0,18.0,-88.0,6011.0,97.0,-16.0,8.813948580688447,62.805208327631135,
264,587.98627,213.6044650844379,49.93178190419067,184.82196876849082,28.0,0.7813,288.0,56.0,192.0,1072.0,21.0,275.0,115.0,322.0,26.500262716722066,96,9,53,57,237.0,-60.0,68.0,0.0,144.0,13.0,-93.0,6030.0,93.0,-21.0,8.818507126631221,62.805208327631135,
265,607.39886,331.5170013640514,57.88511256087579,201.6623530674899,28.0,0.7971,288.0,56.0,192.0,1072.0,21.0,275.0,115.0,322.0,30.539637042768263,117,25,50,54,237.0,-60.0,68.0,0.0,144.0,13.0,-93.0,6030.0,93.0,-21.0,8.823065672573993,62.805208327631135,
266,652.3976,339.59081351677344,66.58434192546207,215.39097064348223,28.0,0.7853,287.0,57.0,193.0,1074.0,21.0,278.0,114.0,320.0,34.198138241413446,119,24,54,55,236.0,-65.0,68.0,-5.0,138.0,8.0,-98.0,6011.0,88.0,-25.0,8.827624218516693,62.805208327631135,
267,731.7271,328.11354341257874,74.60728014080904,241.98549374688818,28.0,0.7528,287.0,57.0,193.0,1074.0,21.0,278.0,114.0,320.0,41.2200922122938,125,22,52,55,236.0,-65.0,68.0,-5.0,138.0,8.0,-98.0,6011.0,88.0,-25.0,8.832182764459464,62.805208327631135,
268,697.54474,150.09607733495358,23.735516569926993,181.33777545154217,28.0,0.7712,289.0,55.0,191.0,1070.0,21.0,271.0,116.0,324.0,12.18505546373638,113,5,52,57,236.0,-55.0,68.0,6.0,148.0,18.0,-88.0,6011.0,97.0,-16.0,8.808766672981104,62.80312499429798,
269,717.6014,264.6771750503792,56.00764083670004,195.81661031016236,28.0,0.7754,288.0,56.0,192.0,1072.0,21.0,275.0,115.0,322.0,30.968988184876256,112,4,53,57,237.0,-60.0,68.0,0.0,144.0,13.0,-93.0,6030.0,93.0,-21.0,8.817883119731574,62.80312499429798,
270,758.1361,334.4519809899615,65.00222298088849,213.5370966402549,28.0,0.77535,288.0,56.0,192.0,1072.0,21.0,275.0,115.0,322.0,37.145937068717956,112,12,51,59,237.0,-60.0,68.0,0.0,144.0,13.0,-93.0,6030.0,93.0,-21.0,8.82244134310681,62.80312499429798,
271,171.38629,233.27637659912494,51.01383778465381,252.03723767082948,29.0,0.8394,317.0,52.0,182.0,1092.0,24.0,251.0,129.0,347.0,37.31773371163657,121,8,48,64,220.0,-44.0,64.0,50.0,146.0,25.0,-74.0,5666.0,100.0,-7.0,8.33412172170058,62.80104166096483,
272,342.485,244.86978687513428,56.132544689376225,255.0,29.0,0.797,317.0,52.0,182.0,1092.0,24.0,251.0,129.0,347.0,44.61561280934272,151,9,51,60,220.0,-44.0,64.0,50.0,146.0,25.0,-74.0,5666.0,100.0,-7.0,8.338679622559951,62.80104166096483,
273,80.45214,256.4784829083665,36.026784876803376,253.5183935063947,28.0,0.8171,322.0,50.0,178.0,1094.0,25.0,243.0,132.0,354.0,35.1621845858361,138,12,47,63,221.0,-32.0,64.0,63.0,158.0,37.0,-63.0,5664.0,112.0,4.0,8.333532095905984,62.798958327631674,
274,236.30647,266.81958814251766,41.88718671732811,253.8358460689007,28.0,0.8285,322.0,50.0,178.0,1094.0,25.0,243.0,132.0,354.0,38.17352881804854,140,11,46,63,221.0,-32.0,64.0,63.0,158.0,37.0,-63.0,5664.0,112.0,4.0,8.338089674301152,62.798958327631674,
275,179.53136,223.0075862218834,44.11099950516843,233.6504704770281,28.0,0.8062,322.0,50.0,178.0,1094.0,25.0,243.0,132.0,354.0,31.591509883469662,112,14,46,62,221.0,-32.0,64.0,63.0,158.0,37.0,-63.0,5664.0,112.0,4.0,8.337499820534674,62.796874994298534,
276,292.76187,241.35800192801966,53.14915239724498,245.3796000929764,29.0,0.8098,315.0,53.0,184.0,1092.0,23.0,254.0,127.0,344.0,41.129095180160036,108,11,47,60,220.0,-48.0,64.0,45.0,141.0,20.0,-79.0,5633.0,94.0,-12.0,8.34205707651729,62.796874994298534,
277,586.97424,275.0998450109181,11.058238985305188,187.1723008298062,28.0,0.7154,280.0,55.0,188.0,1056.0,21.0,273.0,112.0,317.0,3.6574840474495143,141,17,56,60,240.0,-56.0,69.0,7.0,151.0,19.0,-89.0,6136.0,100.0,-16.0,8.948172122204054,62.796874994298534,
278,598.41,283.6730191463005,16.750193411263883,194.89006214689132,28.0,0.7498,278.0,55.0,187.0,1051.0,21.0,274.0,111.0,314.0,7.55096324678485,135,11,54,59,240.0,-60.0,69.0,2.0,147.0,15.0,-93.0,6130.0,96.0,-20.0,8.952729378186671,62.796874994298534,
279,667.07404,314.6777511295771,33.90520840334557,219.70129050484633,28.0,0.7345,277.0,57.0,190.0,1057.0,20.0,280.0,110.0,313.0,22.919690498075877,142,28,52,60,240.0,-68.0,69.0,-7.0,138.0,6.0,-102.0,6095.0,87.0,51.0,8.961843890151904,62.796874994298534,
280,65.84868,226.27519134803873,40.37249880520281,238.36639796456325,28.0,0.8062,322.0,50.0,178.0,1094.0,25.0,243.0,132.0,354.0,30.7579016247846,124,15,46,63,221.0,-32.0,64.0,63.0,158.0,37.0,-63.0,5664.0,112.0,4.0,8.336910061238903,62.794791660965394,
281,228.3698,252.55370225017677,46.25385360386807,254.8984277220331,28.0,0.8171,322.0,50.0,178.0,1094.0,25.0,243.0,132.0,354.0,40.71027741988184,120,9,45,59,221.0,-32.0,64.0,63.0,158.0,37.0,-63.0,5664.0,112.0,4.0,8.341466994860603,62.794791660965394,
282,394.26498,242.97314678127054,47.52257973965514,254.56543574980128,29.0,0.7896,315.0,53.0,184.0,1092.0,23.0,254.0,127.0,344.0,37.325485981499455,103,12,51,57,220.0,-48.0,64.0,45.0,141.0,20.0,-79.0,5633.0,94.0,-12.0,8.346023928482305,62.794791660965394,
283,584.67487,315.6959935617491,21.288753235578007,198.053388694483,29.0,0.6883,282.0,54.0,188.0,1059.0,21.0,272.0,113.0,319.0,12.195849708975453,131,21,58,55,241.0,-54.0,70.0,11.0,154.0,22.0,-87.0,6139.0,103.0,-13.0,8.93386836568052,62.794791660965394,
284,640.33795,315.60266162994196,50.634886483769776,200.8966831107126,28.0,0.7418,280.0,55.0,188.0,1056.0,21.0,273.0,112.0,317.0,28.788167612904168,146,19,52,57,240.0,-56.0,69.0,7.0,151.0,19.0,-89.0,6136.0,100.0,-16.0,8.947539166545546,62.794791660965394,
285,663.67365,334.0744420977063,50.439466681727744,197.36098690753346,28.0,0.7716,278.0,55.0,187.0,1051.0,21.0,274.0,111.0,314.0,27.484887162252637,137,17,52,59,240.0,-60.0,69.0,2.0,147.0,15.0,-93.0,6130.0,96.0,-20.0,8.952096100167244,62.794791660965394,
286,693.97424,311.49633747499706,44.02068476450516,207.34200227161622,28.0,0.75055,278.0,55.0,187.0,1051.0,21.0,274.0,111.0,314.0,24.702540549489267,142,17,53,58,240.0,-60.0,69.0,2.0,147.0,15.0,-93.0,6130.0,96.0,-20.0,8.956653033788946,62.794791660965394,
287,115.63472,240.31744770366868,49.61531722184598,253.74811952387665,28.0,0.7881,322.0,50.0,178.0,1094.0,25.0,243.0,132.0,354.0,39.23693384079202,102,11,47,62,221.0,-32.0,64.0,63.0,158.0,37.0,-63.0,5664.0,112.0,4.0,8.34087700770464,62.79270832763224,
288,275.32193,237.0521543193757,52.17264555249425,252.7694868332493,29.0,0.8036,315.0,53.0,184.0,1092.0,23.0,254.0,127.0,344.0,37.00208432399112,112,14,49,60,220.0,-48.0,64.0,45.0,141.0,20.0,-79.0,5633.0,94.0,-12.0,8.34543361901705,62.79270832763224,
289,410.27225,224.1706555484548,63.45409575709676,248.25852263527653,29.0,0.799,315.0,53.0,184.0,1092.0,23.0,254.0,127.0,344.0,37.04560622798169,90,8,54,56,220.0,-48.0,64.0,45.0,141.0,20.0,-79.0,5633.0,94.0,-12.0,8.349990230329386,62.79270832763224,
290,526.67615,213.69828914017427,63.602487843000794,235.4470381325403,28.0,0.78425,315.0,54.0,186.0,1096.0,23.0,257.0,127.0,344.0,36.48780752942976,98,9,55,56,221.0,-51.0,64.0,42.0,139.0,17.0,-82.0,5663.0,92.0,-14.0,8.354546841641797,62.79270832763224,
291,486.97693,186.23501986521893,36.02142002731762,190.2299441671755,28.0,0.76485,286.0,55.0,190.0,1065.0,21.0,271.0,115.0,322.0,19.760841011322082,78,11,53,52,239.0,-54.0,69.0,9.0,152.0,20.0,-87.0,6105.0,101.0,-15.0,8.88311375388038,62.79270832763224,
292,520.7576,197.82258079049302,38.629029041575315,203.97968390711915,28.0,0.7568,285.0,55.0,190.0,1064.0,21.0,271.0,114.0,321.0,23.831498637925986,67,8,52,51,239.0,-54.0,69.0,9.0,152.0,20.0,-87.0,6105.0,101.0,-15.0,8.887670365192788,62.79270832763224,
293,549.48224,237.40455487691716,22.55706761710339,206.5088815126114,28.0,0.72455,286.0,54.0,189.0,1064.0,22.0,270.0,115.0,323.0,16.74673261027236,120,15,57,59,241.0,-52.0,69.0,12.0,156.0,24.0,-85.0,6153.0,105.0,-11.0,8.915010033067174,62.79270832763224,
294,660.9887,335.08101449643476,50.54481451725022,215.77536912800053,28.0,0.7551,284.0,54.0,188.0,1061.0,22.0,271.0,114.0,321.0,27.364016597994848,130,18,54,57,241.0,-52.0,69.0,11.0,155.0,23.0,-86.0,6163.0,104.0,-12.0,8.933236478316813,62.79270832763224,
295,711.96,316.4959350401055,68.11971328505633,207.99775369539907,29.0,0.7397,282.0,54.0,188.0,1059.0,21.0,272.0,113.0,319.0,35.42658894076595,112,15,53,53,241.0,-54.0,70.0,11.0,154.0,22.0,-87.0,6139.0,103.0,-13.0,8.937793089629224,62.79270832763224,
296,763.6691,322.6354439218369,77.15273365881272,205.70860886535638,28.0,0.698,280.0,55.0,188.0,1056.0,21.0,273.0,112.0,317.0,39.71831553297548,101,18,53,55,240.0,-56.0,69.0,7.0,151.0,19.0,-89.0,6136.0,100.0,-16.0,8.942349700941632,62.79270832763224,
297,798.90674,248.31748175214832,78.78051944246056,195.0314700568209,28.0,0.7061,280.0,55.0,188.0,1056.0,21.0,273.0,112.0,317.0,40.298342592893206,110,16,53,55,240.0,-56.0,69.0,7.0,151.0,19.0,-89.0,6136.0,100.0,-16.0,8.94690631225397,62.79270832763224,
298,810.83466,159.57103127647235,67.81202447009095,182.58584273785547,28.0,0.71965,278.0,55.0,187.0,1051.0,21.0,274.0,111.0,314.0,34.38190875713529,124,18,53,55,240.0,-60.0,69.0,2.0,147.0,15.0,-93.0,6130.0,96.0,-20.0,8.951462923566378,62.79270832763224,
299,150.99426,212.3793826158984,56.687056656837974,230.8735463237116,28.0,0.8023,332.0,49.0,179.0,1118.0,26.0,241.0,137.0,367.0,35.84211510355806,111,11,53,61,221.0,-20.0,64.0,77.0,170.0,50.0,-51.0,5687.0,125.0,17.0,8.344843404082527,62.79062499429909,
300,264.9397,235.55010937692265,59.00273962059214,253.95904130338207,28.0,0.8151,332.0,49.0,179.0,1118.0,26.0,241.0,137.0,367.0,40.20844696101257,111,11,51,58,221.0,-20.0,64.0,77.0,170.0,50.0,-51.0,5687.0,125.0,17.0,8.349399693137189,62.79062499429909,
301,402.1226,201.88359819533588,57.39921011537262,216.1263086739514,28.0,0.8112,325.0,49.0,178.0,1099.0,26.0,241.0,134.0,358.0,33.55283278084249,107,10,54,56,222.0,-28.0,64.0,69.0,164.0,42.0,-58.0,5726.0,118.0,9.0,8.353955982191922,62.79062499429909,
302,451.37186,205.93979897203818,70.56082497557169,224.51855140209452,28.0,0.7831,318.0,50.0,178.0,1085.0,25.0,244.0,130.0,349.0,38.35529940338959,110,9,55,54,223.0,-35.0,64.0,61.0,157.0,35.0,-66.0,5725.0,110.0,2.0,8.358512271246655,62.79062499429909,
303,555.92535,199.17601468595174,59.208940286417906,211.9621295516375,28.0,0.7509,318.0,50.0,178.0,1085.0,25.0,244.0,130.0,349.0,34.79289641368092,92,14,53,54,223.0,-35.0,64.0,61.0,157.0,35.0,-66.0,5725.0,110.0,2.0,8.363068560301388,62.79062499429909,
304,461.39087,191.49917192616212,27.300444983027564,189.15858889890282,29.0,0.7272,294.0,53.0,192.0,1083.0,22.0,269.0,119.0,333.0,15.24023689597223,125,12,54,58,240.0,-43.0,70.0,23.0,164.0,33.0,-76.0,6153.0,114.0,-3.0,8.891598090649497,62.79062499429909,
305,480.85138,210.20096942783627,28.544256209632508,210.34204802738535,29.0,0.6993,288.0,54.0,191.0,1070.0,22.0,269.0,116.0,326.0,18.435071285510595,110,12,56,58,241.0,-47.0,70.0,18.0,160.0,28.0,-81.0,6148.0,109.0,-8.0,8.89615437970423,62.79062499429909,
306,631.6703,304.98800574663136,39.026587532744315,203.2353253428681,28.0,0.7433,278.0,56.0,189.0,1054.0,21.0,275.0,111.0,314.0,22.64570644708508,135,21,53,59,240.0,-63.0,69.0,-1.0,144.0,12.0,-96.0,6132.0,93.0,-23.0,8.923492114032557,62.79062499429909,
307,694.3139,323.3780020745011,54.60732677061496,235.7737764797898,28.0,0.7362,280.0,58.0,191.0,1064.0,20.0,283.0,111.0,314.0,32.14676744166399,130,23,51,59,239.0,-70.0,69.0,-11.0,135.0,3.0,-104.0,6067.0,84.0,48.0,8.92804840308729,62.79062499429909,
308,139.8941,225.55208520624424,58.89211115993785,244.00365978411318,28.0,0.8129,332.0,49.0,179.0,1118.0,26.0,241.0,137.0,367.0,39.312217512276305,105,5,47,59,221.0,-20.0,64.0,77.0,170.0,50.0,-51.0,5687.0,125.0,17.0,8.348809250505708,62.78854166096595,
309,247.77995,197.72124716805655,73.73159214087144,213.3257376147386,28.0,0.8098,325.0,49.0,178.0,1099.0,26.0,241.0,134.0,358.0,37.75216856576689,105,5,52,58,222.0,-28.0,64.0,69.0,164.0,42.0,-58.0,5726.0,118.0,9.0,8.353365217354368,62.78854166096595,
310,304.47058,215.7276364311003,61.02323739099384,234.50565734643095,28.0,0.8068,325.0,49.0,178.0,1099.0,26.0,241.0,134.0,358.0,35.10940006112563,93,14,53,54,222.0,-28.0,64.0,69.0,164.0,42.0,-58.0,5726.0,118.0,9.0,8.357921184203027,62.78854166096595,
311,394.79852,206.8402212357514,71.23054411172177,227.13257058122963,28.0,0.7819,318.0,50.0,178.0,1085.0,25.0,244.0,130.0,349.0,38.701454560580665,106,10,52,51,223.0,-35.0,64.0,61.0,157.0,35.0,-66.0,5725.0,110.0,2.0,8.362477151051685,62.78854166096595,
312,486.4773,227.7846522534136,57.26889594915282,234.92828802275798,29.0,0.7698,315.0,51.0,180.0,1082.0,24.0,247.0,128.0,345.0,39.06331089037709,108,6,54,54,222.0,-39.0,65.0,56.0,152.0,30.0,-70.0,5684.0,105.0,-2.0,8.367033117900343,62.78854166096595,
313,554.89935,170.9681577172133,60.44372946089164,164.19596747524983,29.0,0.7514,315.0,51.0,180.0,1082.0,24.0,247.0,128.0,345.0,33.02574411285614,98,8,53,54,222.0,-39.0,65.0,56.0,152.0,30.0,-70.0,5684.0,105.0,-2.0,8.371589084749003,62.78854166096595,
314,416.0488,208.33921102465163,26.701677292325506,205.28912639856856,29.0,0.725,288.0,54.0,191.0,1070.0,22.0,269.0,116.0,326.0,17.03996237718364,124,8,55,60,241.0,-47.0,70.0,18.0,160.0,28.0,-81.0,6148.0,109.0,-8.0,8.895525272343814,62.78854166096595,
315,573.7226,292.64606242615923,30.822446917204783,240.6273000237463,28.0,0.7416,280.0,55.0,188.0,1053.0,21.0,273.0,112.0,315.0,23.854332059528396,125,2,57,61,240.0,-59.0,69.0,3.0,147.0,15.0,-93.0,6116.0,96.0,-19.0,8.909193172889717,62.78854166096595,
316,719.69116,250.60305110024171,41.93659242941637,207.05639713554862,28.0,0.7309,278.0,56.0,189.0,1054.0,21.0,275.0,111.0,314.0,26.00065818351977,130,19,54,59,240.0,-63.0,69.0,-1.0,144.0,12.0,-96.0,6132.0,93.0,-23.0,8.922861073435694,62.78854166096595,
317,237.08151,201.81184288072805,64.49329486613424,216.78387874067022,28.0,0.77,318.0,50.0,178.0,1085.0,25.0,244.0,130.0,349.0,35.41369324599838,106,10,51,60,223.0,-35.0,64.0,61.0,157.0,35.0,-66.0,5725.0,110.0,2.0,8.36188583649585,62.78645832763281,
318,327.7349,218.550595450745,70.12398437946835,239.94955262521847,28.0,0.7702,318.0,50.0,178.0,1085.0,25.0,244.0,130.0,349.0,39.06357907425215,111,9,49,58,223.0,-35.0,64.0,61.0,157.0,35.0,-66.0,5725.0,110.0,2.0,8.366441481190023,62.78645832763281,
319,387.19632,171.83331926033344,85.87979633881412,163.55688561957336,29.0,0.7897,315.0,51.0,180.0,1082.0,24.0,247.0,128.0,345.0,42.84970437068133,108,17,54,55,222.0,-39.0,65.0,56.0,152.0,30.0,-70.0,5684.0,105.0,-2.0,8.370997125884196,62.78645832763281,
320,360.14825,181.56113345736398,68.16117567921737,183.0142545037098,29.0,0.7819,311.0,53.0,183.0,1083.0,23.0,254.0,126.0,341.0,39.128703010520155,50,29,45,55,222.0,-47.0,65.0,47.0,144.0,22.0,-78.0,5692.0,97.0,-11.0,8.375552770578372,62.78645832763281,
321,427.4932,244.10479761433442,47.75047928620858,224.33907336365544,29.0,0.8055,311.0,53.0,183.0,1083.0,23.0,254.0,126.0,341.0,42.214868639648635,67,27,45,55,222.0,-47.0,65.0,47.0,144.0,22.0,-78.0,5692.0,97.0,-11.0,8.380108415272547,62.78645832763281,
322,703.5948,283.85080931990797,23.226372382363458,235.315355682395,28.0,0.7602,312.0,54.0,186.0,1089.0,23.0,257.0,126.0,341.0,22.13122722769649,95,10,53,57,222.0,-52.0,64.0,42.0,140.0,17.0,-82.0,5682.0,93.0,-15.0,8.389219704660825,62.78645832763281,
323,420.93634,232.58767398071683,21.50256682669309,222.45712620288694,29.0,0.70725,288.0,54.0,191.0,1070.0,22.0,269.0,116.0,326.0,21.484259929235648,125,6,56,61,241.0,-47.0,70.0,18.0,160.0,28.0,-81.0,6148.0,109.0,-8.0,8.899451910407498,62.78645832763281,
324,493.42325,240.6780189303478,20.539779972483103,225.58994746151444,28.0,0.7341,282.0,55.0,188.0,1058.0,21.0,273.0,113.0,318.0,18.48647296623872,128,1,58,63,240.0,-58.0,69.0,5.0,149.0,17.0,-91.0,6125.0,98.0,-17.0,8.904007555101598,62.78645832763281,
325,606.64935,282.5468362378134,44.57483087441563,253.56488584694583,28.0,0.74565,280.0,55.0,188.0,1053.0,21.0,273.0,112.0,315.0,39.50118346531544,119,7,56,56,240.0,-59.0,69.0,3.0,147.0,15.0,-93.0,6116.0,96.0,-19.0,8.908563199795774,62.78645832763281,
326,362.3001,57.00409072145669,13.265288271506021,154.93733323971696,29.0,0.751,343.0,48.0,169.0,1108.0,29.0,218.0,142.0,376.0,10.705049938682992,116,7,51,60,199.0,-15.0,58.0,69.0,157.0,47.0,-42.0,5161.0,115.0,19.0,7.819211228252265,62.784374994299654,
327,338.0696,159.17910988038034,14.24034589879436,169.1840505121665,29.0,0.80285,343.0,48.0,169.0,1108.0,29.0,218.0,142.0,376.0,13.697248074901756,113,7,50,59,199.0,-15.0,58.0,69.0,157.0,47.0,-42.0,5161.0,115.0,19.0,7.823766550843534,62.784374994299654,
328,80.449066,204.84812168687364,59.42855860561325,232.86086970356897,28.0,0.7128,318.0,50.0,178.0,1085.0,25.0,244.0,130.0,349.0,37.14755268251837,111,12,48,59,223.0,-35.0,64.0,61.0,157.0,35.0,-66.0,5725.0,110.0,2.0,8.361294616612227,62.784374994299654,
329,167.55663,205.40602738962397,72.89646686134026,224.43282381381007,28.0,0.789,318.0,50.0,178.0,1085.0,25.0,244.0,130.0,349.0,40.45723916548834,110,10,50,58,223.0,-35.0,64.0,61.0,157.0,35.0,-66.0,5725.0,110.0,2.0,8.365849939203494,62.784374994299654,
330,196.83658,176.41748769029073,73.33809187455549,167.84393295748728,29.0,0.7992,315.0,51.0,180.0,1082.0,24.0,247.0,128.0,345.0,38.93027047656363,112,11,52,58,222.0,-39.0,65.0,56.0,152.0,30.0,-70.0,5684.0,105.0,-2.0,8.370405261794764,62.784374994299654,
331,255.62973,248.42983344629508,44.031845331302954,238.8611567010381,29.0,0.8047,315.0,51.0,180.0,1082.0,24.0,247.0,128.0,345.0,37.21996939049163,61,43,49,50,222.0,-39.0,65.0,56.0,152.0,30.0,-70.0,5684.0,105.0,-2.0,8.374960584386033,62.784374994299654,
332,415.32413,264.0235576603805,50.24775758959029,254.88294988291042,29.0,0.80385,311.0,53.0,183.0,1083.0,23.0,254.0,126.0,341.0,40.50245228191636,51,43,46,52,222.0,-47.0,65.0,47.0,144.0,22.0,-78.0,5692.0,97.0,-11.0,8.379515906977302,62.784374994299654,
333,655.2543,210.95904040249616,60.17443482680091,217.40160117286453,28.0,0.75955,312.0,54.0,186.0,1089.0,23.0,257.0,126.0,341.0,32.25910821728528,86,9,52,55,222.0,-52.0,64.0,42.0,140.0,17.0,-82.0,5682.0,93.0,-15.0,8.388626552159765,62.784374994299654,
334,606.0958,280.05487393453456,53.89707116478866,249.54642274358284,28.0,0.75015,282.0,55.0,188.0,1058.0,21.0,273.0,113.0,318.0,41.044001461869065,134,16,51,57,240.0,-58.0,69.0,5.0,149.0,17.0,-91.0,6125.0,98.0,-17.0,8.907933327563455,62.784374994299654,
335,424.73022,147.71560184402026,7.631939550771477,171.33212949444544,28.0,0.6875,346.0,49.0,171.0,1117.0,29.0,222.0,143.0,377.0,5.247415121446905,118,10,52,60,198.0,-20.0,57.0,63.0,151.0,42.0,-47.0,5153.0,110.0,13.0,7.804993425508788,62.7822916609665,
336,409.18347,115.92238398195543,6.887193982402184,166.16546872153276,29.0,0.6921,343.0,48.0,169.0,1107.0,29.0,218.0,142.0,376.0,6.215489367453174,116,9,54,61,199.0,-16.0,58.0,68.0,156.0,46.0,-43.0,5161.0,114.0,18.0,7.809548426048718,62.7822916609665,
337,392.99283,100.50606023445255,5.419045814247757,166.89676762466527,29.0,0.7121,343.0,48.0,169.0,1107.0,29.0,218.0,142.0,376.0,4.702482932960661,117,9,53,60,199.0,-16.0,58.0,68.0,156.0,46.0,-43.0,5161.0,114.0,18.0,7.814103426588648,62.7822916609665,
338,368.50412,104.67658099948476,8.55295478449253,154.44699356617812,29.0,0.73795,342.0,47.0,167.0,1101.0,30.0,217.0,142.0,375.0,9.128257369769443,112,6,51,59,199.0,-14.0,58.0,70.0,158.0,48.0,-41.0,5175.0,117.0,20.0,7.818658427128578,62.7822916609665,
339,321.7323,112.55632782274824,14.846589004131406,138.0408147989213,29.0,0.8156,342.0,47.0,167.0,1101.0,30.0,217.0,142.0,375.0,14.88306750855947,107,7,50,57,199.0,-14.0,58.0,70.0,158.0,48.0,-41.0,5175.0,117.0,20.0,7.823213427668506,62.7822916609665,
340,262.0285,198.21121361978103,100.3861829221035,214.27050880611438,29.0,0.66215,331.0,49.0,181.0,1123.0,27.0,241.0,137.0,371.0,46.914577074420784,74,16,51,58,222.0,-13.0,65.0,87.0,179.0,59.0,-43.0,5744.0,134.0,25.0,8.378923493538897,62.7822916609665,
341,350.57248,199.76875094999718,135.0035189458495,222.79658102769565,29.0,0.695,330.0,49.0,181.0,1118.0,26.0,245.0,136.0,365.0,58.686433580482806,107,13,57,57,223.0,-21.0,65.0,78.0,172.0,50.0,-51.0,5731.0,125.0,17.0,8.383478494078826,62.7822916609665,
342,437.58093,185.88894488419925,111.8305261371713,191.42210820166844,29.0,0.7452,330.0,49.0,181.0,1118.0,26.0,245.0,136.0,365.0,51.185187950541085,96,7,58,56,223.0,-21.0,65.0,78.0,172.0,50.0,-51.0,5731.0,125.0,17.0,8.388033494618682,62.7822916609665,
343,427.7696,171.0577007469026,101.10427945259936,159.8557074984186,29.0,0.7781,321.0,50.0,179.0,1096.0,25.0,244.0,132.0,355.0,46.86625929341967,95,10,56,53,224.0,-29.0,65.0,69.0,164.0,42.0,-60.0,5754.0,117.0,8.0,8.392588495158611,62.7822916609665,
344,417.77283,182.65705831749568,87.19173403723951,183.37874356234352,29.0,0.786,321.0,50.0,179.0,1096.0,25.0,244.0,132.0,355.0,42.19915722238177,100,8,56,53,224.0,-29.0,65.0,69.0,164.0,42.0,-60.0,5754.0,117.0,8.0,8.397143495698542,62.7822916609665,
345,513.5119,236.15930580365142,65.9160363645045,246.50035476279265,28.0,0.80035,312.0,51.0,179.0,1076.0,24.0,248.0,127.0,342.0,41.85730691821506,75,19,57,55,225.0,-40.0,65.0,57.0,154.0,30.0,-71.0,5753.0,106.0,-3.0,8.40169849623847,62.7822916609665,
346,640.04236,214.30411003910208,75.94037567203826,238.43930328347827,28.0,0.8121,312.0,51.0,179.0,1076.0,24.0,248.0,127.0,342.0,41.70435646075908,89,12,57,52,225.0,-40.0,65.0,57.0,154.0,30.0,-71.0,5753.0,106.0,-3.0,8.4062534967784,62.7822916609665,
347,420.57,209.40499068483174,9.524621006418206,187.02171801221485,28.0,0.74315,349.0,50.0,174.0,1127.0,29.0,225.0,144.0,380.0,6.953173060893336,125,5,48,60,199.0,-22.0,57.0,61.0,150.0,40.0,-49.0,5163.0,108.0,12.0,7.7953323217980754,62.78020832763336,
348,404.90717,120.82552680011393,7.429087413759555,166.2440609124933,29.0,0.7034,343.0,48.0,169.0,1107.0,29.0,218.0,142.0,376.0,6.1877108250722035,113,7,49,61,199.0,-16.0,58.0,68.0,156.0,46.0,-43.0,5161.0,114.0,18.0,7.808996357418512,62.78020832763336,
349,386.80353,127.56195202068733,10.96612905982697,165.5243682730262,29.0,0.7387,343.0,48.0,169.0,1107.0,29.0,218.0,142.0,376.0,7.942352455060999,115,7,50,61,199.0,-16.0,58.0,68.0,156.0,46.0,-43.0,5161.0,114.0,18.0,7.813551035958657,62.78020832763336,
350,355.1866,118.56805791836118,18.43343988981316,144.32482722421665,29.0,0.7713,342.0,47.0,167.0,1101.0,30.0,217.0,142.0,375.0,15.61147312664985,111,6,50,57,199.0,-14.0,58.0,70.0,158.0,48.0,-41.0,5175.0,117.0,20.0,7.818105714498803,62.78020832763336,
351,304.0732,116.59499836266527,13.858660556023057,143.74623935789802,29.0,0.80525,342.0,47.0,167.0,1101.0,30.0,217.0,142.0,375.0,13.404149386451284,111,5,50,57,199.0,-14.0,58.0,70.0,158.0,48.0,-41.0,5175.0,117.0,20.0,7.822660393038948,62.78020832763336,
352,265.29074,98.89782752940114,6.925771641179433,159.21749499471434,29.0,0.7885,341.0,47.0,166.0,1099.0,30.0,216.0,141.0,374.0,7.488924108545143,111,6,50,58,199.0,-14.0,58.0,71.0,158.0,49.0,-41.0,5204.0,117.0,20.0,7.827215071579093,62.78020832763336,
353,190.80032,157.37280698514758,18.81149567813607,182.46316367009914,29.0,0.7747,338.0,46.0,165.0,1091.0,30.0,214.0,140.0,372.0,13.304274602967668,136,3,52,65,199.0,-11.0,58.0,75.0,162.0,53.0,-37.0,5203.0,121.0,24.0,7.854543142819892,62.78020832763336,
354,180.72296,126.55238673718752,10.592199416413857,174.36412583169556,28.0,0.74835,336.0,46.0,164.0,1087.0,30.0,213.0,140.0,372.0,11.347011901336588,129,2,55,62,201.0,-9.0,58.0,77.0,164.0,54.0,-37.0,5222.0,123.0,25.0,7.859097821360037,62.78020832763336,
355,173.03305,121.2644550414502,9.009919788615727,164.9200739943488,28.0,0.7712,336.0,46.0,164.0,1087.0,30.0,213.0,140.0,372.0,10.038177799951093,124,7,55,59,201.0,-9.0,58.0,77.0,164.0,54.0,-37.0,5222.0,123.0,25.0,7.863652499900182,62.78020832763336,
356,148.60661,82.9345973050297,4.465190977182013,167.18990661838035,28.0,0.75855,336.0,46.0,164.0,1086.0,30.0,214.0,140.0,371.0,4.4325429546379675,129,6,51,65,201.0,-10.0,58.0,77.0,163.0,54.0,-38.0,5259.0,123.0,25.0,7.868207178440327,62.78020832763336,
357,177.46967,199.79146086250967,96.55479863306597,216.24293202081117,29.0,0.7328,330.0,49.0,181.0,1118.0,26.0,245.0,136.0,365.0,45.52400739588295,105,7,58,55,223.0,-21.0,65.0,78.0,172.0,50.0,-51.0,5731.0,125.0,17.0,8.387440532015871,62.78020832763336,
358,201.02025,182.36560001274486,93.56935063663668,185.2454813271749,29.0,0.7737,321.0,50.0,179.0,1096.0,25.0,244.0,132.0,355.0,43.655798787617826,106,11,57,55,224.0,-29.0,65.0,69.0,164.0,42.0,-60.0,5754.0,117.0,8.0,8.391995210556015,62.78020832763336,
359,257.08878,218.41577406184442,69.29779658484473,222.44394519087763,29.0,0.7972,321.0,50.0,179.0,1096.0,25.0,244.0,132.0,355.0,42.372513690105784,106,10,57,54,224.0,-29.0,65.0,69.0,164.0,42.0,-60.0,5754.0,117.0,8.0,8.39654988909616,62.78020832763336,
360,368.5031,197.77503162348012,74.52919086326388,206.43807629230497,28.0,0.82435,312.0,51.0,179.0,1076.0,24.0,248.0,127.0,342.0,42.47160333330485,77,14,60,55,225.0,-40.0,65.0,57.0,154.0,30.0,-71.0,5753.0,106.0,-3.0,8.401104567636306,62.78020832763336,
361,441.84686,212.3019333553372,76.93526363122525,235.16191219873,28.0,0.83955,312.0,51.0,179.0,1076.0,24.0,248.0,127.0,342.0,42.16891916297306,72,18,58,57,225.0,-40.0,65.0,57.0,154.0,30.0,-71.0,5753.0,106.0,-3.0,8.40565924617645,62.78020832763336,
362,554.13055,202.84188979333516,87.82208911083801,222.58417408302367,29.0,0.8089,308.0,53.0,183.0,1077.0,23.0,254.0,125.0,338.0,45.162777375571764,76,14,62,55,224.0,-49.0,65.0,46.0,144.0,20.0,-80.0,5732.0,96.0,-12.0,8.410213924716599,62.78020832763336,
363,609.94745,216.7099202104436,60.27157992690296,220.50932981710721,29.0,0.7835,308.0,53.0,183.0,1077.0,23.0,254.0,125.0,338.0,38.946629293718644,81,11,55,51,224.0,-49.0,65.0,46.0,144.0,20.0,-80.0,5732.0,96.0,-12.0,8.414768603256743,62.78020832763336,
364,382.0366,220.0485151023504,31.414908199417887,208.43114540806903,28.0,0.7914,349.0,50.0,174.0,1127.0,29.0,225.0,144.0,380.0,21.215347378727586,127,6,50,59,199.0,-22.0,57.0,61.0,150.0,40.0,-49.0,5163.0,108.0,12.0,7.7947813073831895,62.77812499430022,
365,393.1201,184.5925540990073,32.34906522559889,179.03055754886574,28.0,0.7514,349.0,50.0,174.0,1127.0,29.0,225.0,144.0,380.0,17.998405653501585,123,5,53,58,199.0,-22.0,57.0,61.0,150.0,40.0,-49.0,5163.0,108.0,12.0,7.799335663975095,62.77812499430022,
366,384.77878,177.4645418556504,29.45792532244412,175.0302282920791,28.0,0.7675,346.0,49.0,171.0,1117.0,29.0,222.0,143.0,377.0,18.161301568116127,123,6,47,57,198.0,-20.0,57.0,63.0,151.0,42.0,-47.0,5153.0,110.0,13.0,7.803890020566998,62.77812499430022,
367,375.59607,168.26419704534572,19.312817263944574,173.01458780112424,29.0,0.7649,343.0,48.0,169.0,1107.0,29.0,218.0,142.0,376.0,11.711172176535863,114,8,50,62,199.0,-16.0,58.0,68.0,156.0,46.0,-43.0,5161.0,114.0,18.0,7.808444377158903,62.77812499430022,
368,355.36032,139.97853022843,18.04837939143455,154.96086977015116,29.0,0.7516,343.0,48.0,169.0,1107.0,29.0,218.0,142.0,376.0,13.863429253523016,116,6,50,62,199.0,-16.0,58.0,68.0,156.0,46.0,-43.0,5161.0,114.0,18.0,7.812998733750806,62.77812499430022,
369,320.20535,120.67431979273282,14.120887482288229,154.46000683691636,29.0,0.77345,342.0,47.0,167.0,1101.0,30.0,217.0,142.0,375.0,10.229299984171382,117,5,49,58,199.0,-14.0,58.0,70.0,158.0,48.0,-41.0,5175.0,117.0,20.0,7.817553090342711,62.77812499430022,
370,260.17148,102.58921203133322,5.608930136331708,163.6679901274204,29.0,0.7556,341.0,47.0,166.0,1099.0,30.0,216.0,141.0,374.0,5.994313188689607,114,8,49,55,199.0,-14.0,58.0,71.0,158.0,49.0,-41.0,5204.0,117.0,20.0,7.826661803526518,62.77812499430022,
371,239.01086,144.90010641085345,11.41128483417629,172.66549974761674,29.0,0.7549,339.0,47.0,166.0,1093.0,30.0,214.0,141.0,373.0,8.340979259217525,122,6,52,61,199.0,-12.0,58.0,74.0,161.0,52.0,-38.0,5196.0,120.0,23.0,7.844879229894063,62.77812499430022,
372,226.66524,102.18678200772023,10.28380843436022,171.20532124253793,29.0,0.7471,339.0,47.0,166.0,1093.0,30.0,214.0,141.0,373.0,6.989598351057419,137,4,54,63,199.0,-12.0,58.0,74.0,161.0,52.0,-38.0,5196.0,120.0,23.0,7.849433586485967,62.77812499430022,
373,209.04303,108.25550191234763,6.47759524089218,164.66899459538217,29.0,0.76755,338.0,46.0,165.0,1091.0,30.0,214.0,140.0,372.0,6.088568392851875,138,4,51,64,199.0,-11.0,58.0,75.0,162.0,53.0,-37.0,5203.0,121.0,24.0,7.85398794307787,62.77812499430022,
374,183.46011,104.6161972695441,8.839478045900732,155.43830962939867,28.0,0.78185,336.0,46.0,164.0,1087.0,30.0,213.0,140.0,372.0,9.507718190377929,136,4,54,64,201.0,-9.0,58.0,77.0,164.0,54.0,-37.0,5222.0,123.0,25.0,7.858542299669773,62.77812499430022,
375,179.63815,205.8679945153582,76.61679953639934,223.52670432045625,28.0,0.8126,312.0,51.0,179.0,1076.0,24.0,248.0,127.0,342.0,41.580754490901285,91,15,61,54,225.0,-40.0,65.0,57.0,154.0,30.0,-71.0,5753.0,106.0,-3.0,8.400510734105335,62.77812499430022,
376,274.66104,211.6759655051867,73.42236378382037,235.64220501734613,28.0,0.8304,312.0,51.0,179.0,1076.0,24.0,248.0,127.0,342.0,41.103100279677086,77,18,55,57,225.0,-40.0,65.0,57.0,154.0,30.0,-71.0,5753.0,106.0,-3.0,8.40506509069724,62.77812499430022,
377,368.84186,213.69919480255248,71.53696165670637,226.37770032167924,29.0,0.81835,308.0,53.0,183.0,1077.0,23.0,254.0,125.0,338.0,41.66960780222645,86,17,53,56,224.0,-49.0,65.0,46.0,144.0,20.0,-80.0,5732.0,96.0,-12.0,8.409619447289145,62.77812499430022,
378,507.1727,232.9259401640368,58.72023073998464,245.43083237930298,29.0,0.802,308.0,53.0,183.0,1077.0,23.0,254.0,125.0,338.0,41.334943173645634,83,17,57,55,224.0,-49.0,65.0,46.0,144.0,20.0,-80.0,5732.0,96.0,-12.0,8.414173803881049,62.77812499430022,
379,625.4729,203.49070011993865,67.46203274187576,218.8477376484856,28.0,0.8052,307.0,54.0,185.0,1081.0,23.0,257.0,124.0,338.0,38.017617100376086,101,10,53,55,225.0,-52.0,65.0,42.0,141.0,17.0,-84.0,5731.0,93.0,-15.0,8.418728160472954,62.77812499430022,
380,317.0997,251.76710469813574,19.78240902163028,202.6819649041967,28.0,0.7898,349.0,50.0,174.0,1127.0,29.0,225.0,144.0,380.0,14.163267168011863,124,7,50,61,199.0,-22.0,57.0,61.0,150.0,40.0,-49.0,5163.0,108.0,12.0,7.794230381164105,62.77604166096707,
381,329.77542,124.55453695544081,16.785567941461707,179.29211469136158,28.0,0.7756,349.0,50.0,174.0,1127.0,29.0,225.0,144.0,380.0,6.6452678460979495,134,7,49,57,199.0,-22.0,57.0,61.0,150.0,40.0,-49.0,5163.0,108.0,12.0,7.7987844158593,62.77604166096707,
382,339.81567,169.91936636483402,12.29405041524157,181.0212261571407,28.0,0.7389,346.0,49.0,171.0,1117.0,29.0,222.0,143.0,377.0,6.628426229612179,120,8,52,57,198.0,-20.0,57.0,63.0,151.0,42.0,-47.0,5153.0,110.0,13.0,7.807892485249688,62.77604166096707,
383,328.84445,128.23883757775516,10.416867688068624,165.8421734184971,29.0,0.741,343.0,48.0,169.0,1107.0,29.0,218.0,142.0,376.0,8.52732578179625,119,5,50,59,199.0,-16.0,58.0,68.0,156.0,46.0,-43.0,5161.0,114.0,18.0,7.812446519944882,62.77604166096707,
384,305.80728,112.35782505042961,8.678319410562594,159.74844347754532,29.0,0.753,342.0,47.0,167.0,1101.0,30.0,217.0,142.0,375.0,8.049859539892816,120,5,50,61,199.0,-14.0,58.0,70.0,158.0,48.0,-41.0,5175.0,117.0,20.0,7.817000554640077,62.77604166096707,
385,282.4115,91.75742825411824,5.6126338967423495,164.31646349317887,29.0,0.75205,342.0,47.0,167.0,1101.0,30.0,217.0,142.0,375.0,5.540870768568466,119,5,50,59,199.0,-14.0,58.0,70.0,158.0,48.0,-41.0,5175.0,117.0,20.0,7.82155458933527,62.77604166096707,
386,263.1443,114.81641921120254,5.467772599010507,166.89691162637294,29.0,0.745,341.0,47.0,166.0,1099.0,30.0,216.0,141.0,374.0,6.039566059666591,117,6,51,58,199.0,-14.0,58.0,71.0,158.0,49.0,-41.0,5204.0,117.0,20.0,7.826108624030464,62.77604166096707,
387,253.34778,155.1458992524119,9.649264662474382,179.98529983875932,29.0,0.72,341.0,47.0,166.0,1099.0,30.0,216.0,141.0,374.0,6.505254924328133,118,7,52,58,199.0,-14.0,58.0,71.0,158.0,49.0,-41.0,5204.0,117.0,20.0,7.830662658725586,62.77604166096707,
388,256.90775,190.27219355988788,5.010519235771509,184.28181453899055,29.0,0.7326,340.0,47.0,166.0,1096.0,30.0,215.0,141.0,373.0,4.443298786187999,118,5,51,62,199.0,-13.0,58.0,72.0,160.0,51.0,-39.0,5191.0,119.0,22.0,7.835216693420779,62.77604166096707,
389,259.9282,148.76838938472724,6.546297441294972,176.16332318993432,29.0,0.7603,340.0,47.0,166.0,1096.0,30.0,215.0,141.0,373.0,7.1918850035486015,125,5,51,63,199.0,-13.0,58.0,72.0,160.0,51.0,-39.0,5191.0,119.0,22.0,7.839770728115973,62.77604166096707,
390,239.45879,117.45754389895522,7.686573657845252,160.15979112045846,29.0,0.7502,339.0,47.0,166.0,1093.0,30.0,214.0,141.0,373.0,7.421880757443048,125,5,54,63,199.0,-12.0,58.0,74.0,161.0,52.0,-38.0,5196.0,120.0,23.0,7.844324762811168,62.77604166096707,
391,224.15724,186.83218732495502,5.193105082643785,175.57754656480384,29.0,0.7204,339.0,47.0,166.0,1093.0,30.0,214.0,141.0,373.0,5.545592050425597,126,5,54,63,199.0,-12.0,58.0,74.0,161.0,52.0,-38.0,5196.0,120.0,23.0,7.848878797506363,62.77604166096707,
392,218.78763,120.79793801200523,8.747026422706318,172.2307486001824,29.0,0.7451,338.0,46.0,165.0,1091.0,30.0,214.0,140.0,372.0,6.029808866019973,129,6,49,64,199.0,-11.0,58.0,75.0,162.0,53.0,-37.0,5203.0,121.0,24.0,7.853432832201556,62.77604166096707,
393,201.13943,53.6741493161496,16.809559579633802,161.46409544013906,29.0,0.77545,338.0,46.0,165.0,1091.0,30.0,214.0,140.0,372.0,12.203839916711738,134,4,52,64,199.0,-11.0,58.0,75.0,162.0,53.0,-37.0,5203.0,121.0,24.0,7.85798686689675,62.77604166096707,
394,173.27167,37.376353276312244,18.318319961882224,162.4722792648012,28.0,0.7944,336.0,46.0,164.0,1087.0,30.0,213.0,140.0,372.0,11.471618604032997,133,2,52,65,201.0,-9.0,58.0,77.0,164.0,54.0,-37.0,5222.0,123.0,25.0,7.862540901591943,62.77604166096707,
395,159.9511,131.12926756469972,17.750743265386102,179.0383755741705,28.0,0.7916,336.0,46.0,164.0,1086.0,30.0,214.0,140.0,371.0,8.953533998809638,131,3,54,65,201.0,-10.0,58.0,77.0,163.0,54.0,-38.0,5259.0,123.0,25.0,7.867094936287138,62.77604166096707,
396,109.4821,222.26225690449712,55.2556611261587,240.3010401626712,28.0,0.81325,312.0,51.0,179.0,1076.0,24.0,248.0,127.0,342.0,33.66250459678407,70,13,55,57,225.0,-40.0,65.0,57.0,154.0,30.0,-71.0,5753.0,106.0,-3.0,8.404471030319025,62.77604166096707,
397,217.74683,231.15833335894868,55.428540314346726,249.03176820851186,29.0,0.8186,308.0,53.0,183.0,1077.0,23.0,254.0,125.0,338.0,37.777212191362345,62,20,61,53,224.0,-49.0,65.0,46.0,144.0,20.0,-80.0,5732.0,96.0,-12.0,8.409025065014221,62.77604166096707,
398,358.56503,226.12183424914824,62.75306261081891,245.3379529011949,29.0,0.8176,308.0,53.0,183.0,1077.0,23.0,254.0,125.0,338.0,38.26845822804243,87,21,58,55,224.0,-49.0,65.0,46.0,144.0,20.0,-80.0,5732.0,96.0,-12.0,8.413579099709414,62.77604166096707,
399,437.49582,196.98884495460388,77.63635501389977,211.0108865793445,28.0,0.8213,307.0,54.0,185.0,1081.0,23.0,257.0,124.0,338.0,40.79439465447906,110,13,60,58,225.0,-52.0,65.0,42.0,141.0,17.0,-84.0,5731.0,93.0,-15.0,8.418133134404608,62.77604166096707,
400,177.61745,117.5661289409351,10.452259962753555,174.98065356767106,28.0,0.74235,343.0,47.0,167.0,1105.0,30.0,215.0,142.0,378.0,7.235736859461673,131,8,53,62,197.0,-11.0,57.0,73.0,159.0,51.0,-38.0,5166.0,119.0,23.0,7.761803553170719,62.77395832763391,
401,178.86089,293.7781711011439,7.113226727388894,187.8067287181556,28.0,0.7607,344.0,48.0,168.0,1107.0,30.0,216.0,143.0,378.0,5.1096161580655854,125,8,51,65,197.0,-13.0,57.0,71.0,157.0,49.0,-40.0,5166.0,117.0,21.0,7.7709109788707265,62.77395832763391,
402,187.9812,275.74662665754084,5.852907175110939,188.1495512896515,28.0,0.7499,348.0,49.0,171.0,1121.0,29.0,222.0,144.0,380.0,4.863185262931904,127,9,52,65,198.0,-21.0,57.0,62.0,150.0,41.0,-48.0,5137.0,109.0,13.0,7.77546469172073,62.77395832763391,
403,227.36723,272.123453521622,10.75414937157949,207.2336996312783,29.0,0.7965,349.0,50.0,174.0,1127.0,29.0,225.0,144.0,380.0,9.010677123069625,119,7,50,63,198.0,-23.0,58.0,60.0,148.0,39.0,-50.0,5143.0,107.0,10.0,7.784572117420738,62.77395832763391,
404,282.84503,300.5854280294433,31.628570516564515,230.64369559067538,29.0,0.7999,349.0,50.0,174.0,1127.0,29.0,225.0,144.0,380.0,23.138015440510475,127,9,50,63,198.0,-23.0,58.0,60.0,148.0,39.0,-50.0,5143.0,107.0,10.0,7.789125830270667,62.77395832763391,
405,356.7051,280.9107778644592,36.76118084009262,211.62674085206564,29.0,0.7604,347.0,50.0,173.0,1123.0,29.0,225.0,143.0,378.0,24.51286099850681,127,6,50,65,199.0,-23.0,58.0,60.0,148.0,39.0,-51.0,5141.0,107.0,10.0,7.793679543120672,62.77395832763391,
406,359.17407,70.42960499471086,21.350355044530566,161.0569526456727,29.0,0.7182,347.0,50.0,173.0,1123.0,29.0,225.0,143.0,378.0,14.605650264490444,126,8,51,56,199.0,-23.0,58.0,60.0,148.0,39.0,-51.0,5141.0,107.0,10.0,7.7982332559706755,62.77395832763391,
407,350.1556,163.50839215564017,16.253165749795194,174.9433966883816,29.0,0.6942,346.0,49.0,171.0,1114.0,29.0,221.0,143.0,377.0,10.150967583814106,120,7,51,56,199.0,-20.0,58.0,64.0,152.0,43.0,-47.0,5171.0,111.0,14.0,7.807340681670683,62.77395832763391,
408,335.36316,96.30712597002353,15.536524939508423,163.4790212903855,29.0,0.719,343.0,48.0,168.0,1103.0,30.0,217.0,142.0,375.0,11.23654345434565,108,6,50,57,199.0,-16.0,58.0,68.0,156.0,46.0,-43.0,5171.0,115.0,18.0,7.811894394520685,62.77395832763391,
409,316.25833,85.3984095442981,15.796974602196487,164.2648200567313,29.0,0.7507,343.0,48.0,168.0,1103.0,30.0,217.0,142.0,375.0,12.707143013871944,112,6,50,62,199.0,-16.0,58.0,68.0,156.0,46.0,-43.0,5171.0,115.0,18.0,7.816448107370691,62.77395832763391,
410,289.20554,84.47915250905845,7.8085913789533015,159.74854054722633,29.0,0.7561,341.0,47.0,166.0,1098.0,30.0,216.0,141.0,373.0,7.961476375436663,117,5,50,60,199.0,-15.0,58.0,69.0,157.0,48.0,-42.0,5173.0,116.0,19.0,7.821001820220695,62.77395832763391,
411,273.70148,196.2609040664248,4.116827515907039,179.97056713240707,29.0,0.73525,340.0,47.0,166.0,1095.0,30.0,215.0,141.0,373.0,3.9609150205557,123,5,50,61,200.0,-15.0,58.0,70.0,158.0,48.0,-42.0,5213.0,117.0,20.0,7.8255555330706965,62.77395832763391,
412,275.49435,180.11783613406377,6.365223970957354,177.97973050228683,29.0,0.7453,340.0,47.0,166.0,1095.0,30.0,215.0,141.0,373.0,5.39415081906805,125,4,51,61,200.0,-15.0,58.0,70.0,158.0,48.0,-42.0,5213.0,117.0,20.0,7.830109245920627,62.77395832763391,
413,263.34198,102.1756331982415,5.709348773717763,165.2674212410935,28.0,0.7394,342.0,48.0,168.0,1101.0,29.0,219.0,141.0,372.0,6.052789200025533,125,5,50,62,201.0,-19.0,58.0,66.0,155.0,44.0,-46.0,5232.0,113.0,15.0,7.834662958770632,62.77395832763391,
414,246.51482,126.27230586476257,6.243762663249519,168.86976865841618,28.0,0.743,342.0,48.0,168.0,1101.0,29.0,219.0,141.0,372.0,5.163176855406837,127,5,52,61,201.0,-19.0,58.0,66.0,155.0,44.0,-46.0,5232.0,113.0,15.0,7.839216671620635,62.77395832763391,
415,241.38298,276.1964216961129,22.643681609571228,186.6822038618964,28.0,0.76385,342.0,48.0,169.0,1101.0,29.0,220.0,141.0,371.0,10.268238633422985,124,6,51,62,201.0,-21.0,58.0,64.0,153.0,42.0,-48.0,5260.0,112.0,13.0,7.8528778101706465,62.77395832763391,
416,254.01071,198.3810281088794,38.384948897015946,191.01802283654158,28.0,0.7838,342.0,48.0,169.0,1101.0,29.0,220.0,141.0,371.0,21.889527174543815,126,5,51,64,201.0,-21.0,58.0,64.0,153.0,42.0,-48.0,5260.0,112.0,13.0,7.85743152302065,62.77395832763391,
417,245.77798,40.04983688735391,41.56892176674248,157.71427976558027,29.0,0.8157,340.0,48.0,168.0,1098.0,29.0,219.0,141.0,371.0,25.651732828464272,126,7,50,64,203.0,-20.0,59.0,65.0,155.0,43.0,-48.0,5262.0,113.0,14.0,7.861985235870654,62.77395832763391,
418,111.057274,236.27478775163024,49.88852493734105,251.28381028259247,29.0,0.78535,328.0,49.0,181.0,1116.0,26.0,245.0,135.0,364.0,37.855587406870704,74,6,55,57,224.0,-22.0,65.0,77.0,172.0,50.0,-52.0,5778.0,125.0,16.0,8.408430777870079,62.77395832763391,
419,218.05916,198.65691930416617,70.08118687231124,207.09129729177658,29.0,0.7747,328.0,49.0,181.0,1116.0,26.0,245.0,135.0,364.0,36.99313265250255,63,7,56,56,224.0,-22.0,65.0,77.0,172.0,50.0,-52.0,5778.0,125.0,16.0,8.412984490720083,62.77395832763391,
420,268.03522,210.21944237747272,67.76603879272172,224.04600839522232,29.0,0.8202,317.0,50.0,179.0,1087.0,25.0,246.0,130.0,349.0,39.550375920157165,92,13,61,52,224.0,-32.0,65.0,66.0,161.0,39.0,-63.0,5785.0,115.0,5.0,8.417538203570086,62.77395832763391,
421,378.3486,208.9582588019319,65.91677331732546,227.3694519476767,29.0,0.8047,317.0,50.0,179.0,1087.0,25.0,246.0,130.0,349.0,38.340123805629695,84,8,58,57,224.0,-32.0,65.0,66.0,161.0,39.0,-63.0,5785.0,115.0,5.0,8.422091916420017,62.77395832763391,
422,500.43988,241.45988355111305,42.78963804780981,242.59573973300203,29.0,0.818,309.0,51.0,179.0,1072.0,24.0,248.0,126.0,341.0,34.077845301916945,58,12,55,55,226.0,-41.0,66.0,56.0,154.0,29.0,-72.0,5781.0,106.0,-3.0,8.42664562927002,62.77395832763391,
423,257.45355,207.32693080831862,45.76941381640872,193.08663265381702,29.0,0.7571,347.0,48.0,169.0,1117.0,30.0,219.0,144.0,381.0,23.180156694290204,122,5,50,62,195.0,-15.0,57.0,68.0,154.0,47.0,-41.0,5125.0,114.0,19.0,7.743041491613351,62.77187499430076,
424,285.07355,177.37547417618558,55.821433399926775,178.24364486547645,29.0,0.7547,347.0,48.0,169.0,1117.0,30.0,219.0,144.0,381.0,32.53454703598409,120,6,48,62,195.0,-15.0,57.0,68.0,154.0,47.0,-41.0,5125.0,114.0,19.0,7.747594882669672,62.77187499430076,
425,266.0001,27.946060269685976,42.219017210229126,156.50792225975408,29.0,0.7201,344.0,48.0,168.0,1109.0,30.0,215.0,143.0,379.0,25.31912834272635,114,9,48,66,195.0,-12.0,57.0,72.0,157.0,50.0,-38.0,5116.0,117.0,22.0,7.752148273725919,62.77187499430076,
426,210.21707,34.361142848570836,21.018575753455828,160.8545795638913,28.0,0.76555,343.0,47.0,167.0,1105.0,30.0,215.0,142.0,378.0,12.937987522982452,119,10,50,65,197.0,-11.0,57.0,73.0,159.0,51.0,-38.0,5166.0,119.0,23.0,7.7612550558385625,62.77187499430076,
427,201.48483,239.0665760179176,22.02090706784569,185.44219322479796,28.0,0.78075,343.0,47.0,167.0,1105.0,30.0,215.0,142.0,378.0,13.18960200194975,125,10,51,63,197.0,-11.0,57.0,73.0,159.0,51.0,-38.0,5166.0,119.0,23.0,7.765808446894882,62.77187499430076,
428,204.61693,205.34235269704965,15.77342290067631,183.92850465366507,28.0,0.7972,344.0,48.0,168.0,1107.0,30.0,216.0,143.0,378.0,9.309671150115417,121,8,53,64,197.0,-13.0,57.0,71.0,157.0,49.0,-40.0,5166.0,117.0,21.0,7.770361837951204,62.77187499430076,
429,207.91737,233.04746402687337,13.62656460564841,183.04071088803937,28.0,0.7929,344.0,48.0,168.0,1107.0,30.0,216.0,143.0,378.0,7.373125769469013,125,8,53,64,197.0,-13.0,57.0,71.0,157.0,49.0,-40.0,5166.0,117.0,21.0,7.774915229007525,62.77187499430076,
430,220.41206,313.99784144393516,20.260217272803118,199.36434893863486,28.0,0.7842,348.0,49.0,171.0,1121.0,29.0,222.0,144.0,380.0,12.487716870231594,123,8,51,63,198.0,-21.0,57.0,62.0,150.0,41.0,-48.0,5137.0,109.0,13.0,7.779468620063845,62.77187499430076,
431,254.67752,320.09435005436546,33.4728187106434,220.3945942167164,29.0,0.7907,349.0,50.0,174.0,1127.0,29.0,225.0,144.0,380.0,22.21527693763886,123,9,49,58,198.0,-23.0,58.0,60.0,148.0,39.0,-50.0,5143.0,107.0,10.0,7.784022011120166,62.77187499430076,
432,347.48825,298.7383821656549,43.682515188806974,245.83203114207677,29.0,0.7776,349.0,50.0,174.0,1127.0,29.0,225.0,144.0,380.0,33.1004593517632,132,7,50,64,198.0,-23.0,58.0,60.0,148.0,39.0,-50.0,5143.0,107.0,10.0,7.7885754021764155,62.77187499430076,
433,406.0047,55.42908137276879,20.36372569770494,146.1589213504617,29.0,0.7424,347.0,50.0,173.0,1123.0,29.0,225.0,143.0,378.0,14.642169562594017,124,7,51,60,199.0,-23.0,58.0,60.0,148.0,39.0,-51.0,5141.0,107.0,10.0,7.797682184289057,62.77187499430076,
434,388.3573,171.02018662504284,28.066300312953388,184.68470319698145,29.0,0.7022,346.0,49.0,171.0,1114.0,29.0,221.0,143.0,377.0,15.107595172368457,114,11,51,58,199.0,-20.0,58.0,64.0,152.0,43.0,-47.0,5171.0,111.0,14.0,7.802235575345378,62.77187499430076,
435,402.58127,205.86317549205356,30.300433067038075,183.22620948694603,29.0,0.6985,346.0,49.0,171.0,1114.0,29.0,221.0,143.0,377.0,19.018486554366294,109,8,52,54,199.0,-20.0,58.0,64.0,152.0,43.0,-47.0,5171.0,111.0,14.0,7.8067889664017,62.77187499430076,
436,393.57355,42.406105817087365,25.670469160128857,164.1354148900967,29.0,0.7028,343.0,48.0,168.0,1103.0,30.0,217.0,142.0,375.0,16.63945260773008,121,8,52,56,199.0,-16.0,58.0,68.0,156.0,46.0,-43.0,5171.0,115.0,18.0,7.811342357458019,62.77187499430076,
437,357.77777,71.37951614116801,16.05738241839873,137.8513289573064,29.0,0.7543,343.0,48.0,168.0,1103.0,30.0,217.0,142.0,375.0,15.527633865358137,117,5,50,60,199.0,-16.0,58.0,68.0,156.0,46.0,-43.0,5171.0,115.0,18.0,7.815895748514341,62.77187499430076,
438,299.94263,88.43264730465525,9.815756229366324,144.36344303517524,29.0,0.7797,341.0,47.0,166.0,1098.0,30.0,216.0,141.0,373.0,11.88101338331077,118,6,48,59,199.0,-15.0,58.0,69.0,157.0,48.0,-42.0,5173.0,116.0,19.0,7.820449139570663,62.77187499430076,
439,275.1078,120.61215432748101,2.7762438316427773,175.00516499794085,29.0,0.72855,340.0,47.0,166.0,1095.0,30.0,215.0,141.0,373.0,2.2710321617612657,128,4,54,58,200.0,-15.0,58.0,70.0,158.0,48.0,-42.0,5213.0,117.0,20.0,7.825002530626983,62.77187499430076,
440,254.97618,120.47956472068866,5.8716291689935325,166.56735528545892,28.0,0.7363,342.0,48.0,168.0,1101.0,29.0,219.0,141.0,372.0,5.386564023556336,126,5,51,61,201.0,-19.0,58.0,66.0,155.0,44.0,-46.0,5232.0,113.0,15.0,7.834109312739551,62.77187499430076,
441,252.64317,319.5707050478286,20.011247171425058,197.2242022964842,28.0,0.7458,344.0,49.0,171.0,1113.0,29.0,225.0,142.0,374.0,11.196164614509948,126,4,50,63,201.0,-24.0,58.0,61.0,150.0,39.0,-51.0,5219.0,108.0,10.0,7.8432160948521945,62.77187499430076,
442,285.0219,326.46016780912197,41.9249596068252,210.88313001297144,28.0,0.79645,344.0,49.0,171.0,1113.0,29.0,225.0,142.0,374.0,24.801587239144478,125,6,50,60,201.0,-24.0,58.0,61.0,150.0,39.0,-51.0,5219.0,108.0,10.0,7.8477694859085165,62.77187499430076,
443,330.97165,325.3235619144875,56.71628143883882,209.43425611725485,28.0,0.8144,342.0,48.0,169.0,1101.0,29.0,220.0,141.0,371.0,31.38500031639591,126,6,50,59,201.0,-21.0,58.0,64.0,153.0,42.0,-48.0,5260.0,112.0,13.0,7.852322876964836,62.77187499430076,
444,369.98718,267.37603461789405,55.539714299381295,199.44130884056364,28.0,0.79815,342.0,48.0,169.0,1101.0,29.0,220.0,141.0,371.0,31.230191091844453,126,4,49,60,201.0,-21.0,58.0,64.0,153.0,42.0,-48.0,5260.0,112.0,13.0,7.856876268021158,62.77187499430076,
445,343.1062,83.9647624848315,36.602275810193575,139.77216654058552,29.0,0.80805,340.0,48.0,168.0,1098.0,29.0,219.0,141.0,371.0,23.31313409607515,126,5,51,62,203.0,-20.0,59.0,65.0,155.0,43.0,-48.0,5262.0,113.0,14.0,7.861429659077477,62.77187499430076,
446,240.40843,235.6424815516381,51.16244628740195,245.40501164668154,29.0,0.7995,317.0,50.0,179.0,1087.0,25.0,246.0,130.0,349.0,37.9403078350592,77,12,60,53,224.0,-32.0,65.0,66.0,161.0,39.0,-63.0,5785.0,115.0,5.0,8.42149675900387,62.77187499430076,
447,407.95377,232.07060343361644,60.28513454614049,244.93277630456996,29.0,0.79885,309.0,51.0,179.0,1072.0,24.0,248.0,126.0,341.0,42.74862042271824,94,15,59,53,226.0,-41.0,66.0,56.0,154.0,29.0,-72.0,5781.0,106.0,-3.0,8.42605015006019,62.77187499430076,
448,340.96188,197.6658797393708,51.27568467436995,184.70410874394474,28.0,0.7807,350.0,49.0,171.0,1127.0,30.0,219.0,145.0,385.0,26.64727250586102,123,14,54,59,195.0,-14.0,56.0,67.0,154.0,47.0,-41.0,5070.0,114.0,19.0,7.715175953140021,62.76979166096762,
449,341.11295,221.9260304918978,52.050582029078264,188.16225530893524,29.0,0.7967,350.0,49.0,171.0,1127.0,30.0,219.0,145.0,385.0,31.57481982942967,131,11,51,62,194.0,-15.0,57.0,68.0,153.0,47.0,-41.0,5092.0,114.0,19.0,7.719729022454155,62.76979166096762,
450,349.55518,167.8477371421569,32.44001910880447,177.2602300084171,29.0,0.7876,350.0,49.0,171.0,1127.0,30.0,219.0,145.0,385.0,20.451769776323527,124,10,54,60,194.0,-15.0,57.0,68.0,153.0,47.0,-41.0,5092.0,114.0,19.0,7.7242820917682895,62.76979166096762,
451,332.99414,110.3759555702451,21.44229031487901,165.76915694171512,28.0,0.7876,347.0,48.0,170.0,1119.0,30.0,218.0,144.0,382.0,12.817635127094583,130,9,53,61,195.0,-14.0,56.0,69.0,155.0,48.0,-40.0,5083.0,115.0,20.0,7.728835161082425,62.76979166096762,
452,319.51218,156.67873050041263,37.46780355526126,184.6713857425235,29.0,0.7752,351.0,49.0,172.0,1129.0,29.0,222.0,145.0,383.0,20.868065034427985,135,9,51,63,195.0,-19.0,57.0,64.0,150.0,43.0,-45.0,5104.0,110.0,16.0,7.733388230396559,62.76979166096762,
453,355.91202,310.52951776059433,62.12543842726558,210.13205155839404,29.0,0.7545,351.0,49.0,172.0,1129.0,29.0,222.0,145.0,383.0,37.76162583149887,139,10,51,63,195.0,-19.0,57.0,64.0,150.0,43.0,-45.0,5104.0,110.0,16.0,7.737941299710693,62.76979166096762,
454,402.76743,216.4784828433439,58.57340036432352,196.74278678916102,29.0,0.71415,347.0,48.0,169.0,1117.0,30.0,219.0,144.0,381.0,27.734473426075873,129,10,49,59,195.0,-15.0,57.0,68.0,154.0,47.0,-41.0,5125.0,114.0,19.0,7.742494369024827,62.76979166096762,
455,411.12827,69.87384630745896,36.73456201343769,163.3010513617495,29.0,0.70615,347.0,48.0,169.0,1117.0,30.0,219.0,144.0,381.0,18.053904524868322,128,7,51,60,195.0,-15.0,57.0,68.0,154.0,47.0,-41.0,5125.0,114.0,19.0,7.747047438338962,62.76979166096762,
456,369.65878,33.07913635907647,33.33848136499732,145.50943206719435,29.0,0.7617,344.0,48.0,168.0,1109.0,30.0,215.0,143.0,379.0,22.172447818965992,107,10,52,61,195.0,-12.0,57.0,72.0,157.0,50.0,-38.0,5116.0,117.0,22.0,7.7516005076530226,62.76979166096762,
457,316.40164,35.931225994488415,33.9514102541552,138.75215860745845,29.0,0.7766,344.0,48.0,168.0,1109.0,30.0,215.0,143.0,379.0,23.65525903172048,94,15,51,60,195.0,-12.0,57.0,72.0,157.0,50.0,-38.0,5116.0,117.0,22.0,7.756153576967157,62.76979166096762,
458,281.6039,45.65569478533977,35.8101491935445,164.7140615946137,28.0,0.7796,343.0,47.0,167.0,1105.0,30.0,215.0,142.0,378.0,22.770256438852893,120,7,52,66,197.0,-11.0,57.0,73.0,159.0,51.0,-38.0,5166.0,119.0,23.0,7.760706646281292,62.76979166096762,
459,269.7774,107.89560546529565,30.771384837938246,171.9947871566812,28.0,0.7842,343.0,47.0,167.0,1105.0,30.0,215.0,142.0,378.0,18.744410903023542,119,9,51,68,197.0,-11.0,57.0,73.0,159.0,51.0,-38.0,5166.0,119.0,23.0,7.765259715595427,62.76979166096762,
460,249.20596,55.7426028163885,23.688100097472248,167.94332910557856,28.0,0.8024,344.0,48.0,168.0,1107.0,30.0,216.0,143.0,378.0,14.305616405404564,117,8,53,66,197.0,-13.0,57.0,71.0,157.0,49.0,-40.0,5166.0,117.0,21.0,7.7698127849095595,62.76979166096762,
461,244.6298,284.5067942441166,21.453878315603603,186.99909005452903,28.0,0.7994,344.0,48.0,168.0,1107.0,30.0,216.0,143.0,378.0,13.11393704849766,122,8,54,62,197.0,-13.0,57.0,71.0,157.0,49.0,-40.0,5166.0,117.0,21.0,7.774365854223695,62.76979166096762,
462,272.81662,321.8019826430283,32.362761171832084,221.02629689088891,28.0,0.79955,348.0,49.0,171.0,1121.0,29.0,222.0,144.0,380.0,21.80852227226185,124,7,51,62,198.0,-21.0,57.0,62.0,150.0,41.0,-48.0,5137.0,109.0,13.0,7.778918923537829,62.76979166096762,
463,342.02533,321.1993051427002,48.007256937224675,236.00633447862324,29.0,0.79895,349.0,50.0,174.0,1127.0,29.0,225.0,144.0,380.0,29.744898227257448,124,12,49,59,198.0,-23.0,58.0,60.0,148.0,39.0,-50.0,5143.0,107.0,10.0,7.783471992851963,62.76979166096762,
464,437.48126,316.5459294881211,45.93073091138626,236.3679047775209,29.0,0.7622,349.0,50.0,174.0,1127.0,29.0,225.0,144.0,380.0,31.052061121869084,125,10,49,59,198.0,-23.0,58.0,60.0,148.0,39.0,-50.0,5143.0,107.0,10.0,7.7880250621660245,62.76979166096762,
465,363.7754,112.68310243298298,16.02088207251633,134.70572589317544,29.0,0.7721,343.0,48.0,168.0,1103.0,30.0,217.0,142.0,375.0,16.58222682414704,117,6,49,58,199.0,-16.0,58.0,68.0,156.0,46.0,-43.0,5171.0,115.0,18.0,7.81534347805083,62.76979166096762,
466,307.44974,92.99159978171308,10.006842739248096,143.41525221396012,29.0,0.7869,341.0,47.0,166.0,1098.0,30.0,216.0,141.0,373.0,12.219873787315853,115,6,49,60,199.0,-15.0,58.0,69.0,157.0,48.0,-42.0,5173.0,116.0,19.0,7.819896547364965,62.76979166096762,
467,309.9556,326.38306558725213,36.69541010335706,219.57391747881547,28.0,0.8002,344.0,49.0,171.0,1113.0,29.0,225.0,142.0,374.0,23.576282906178783,100,5,49,63,201.0,-24.0,58.0,61.0,150.0,39.0,-51.0,5219.0,108.0,10.0,7.8426618939355635,62.76979166096762,
468,393.02695,319.4709462829923,55.31872343061426,240.87981753809487,28.0,0.8143,344.0,49.0,171.0,1113.0,29.0,225.0,142.0,374.0,35.68646688067872,120,6,48,61,201.0,-24.0,58.0,61.0,150.0,39.0,-51.0,5219.0,108.0,10.0,7.847214963249698,62.76979166096762,
469,462.3694,321.8917586006719,50.74472327422504,210.60679357923885,28.0,0.7808,342.0,48.0,169.0,1101.0,29.0,220.0,141.0,371.0,30.56785288967938,116,8,48,59,201.0,-21.0,58.0,64.0,153.0,42.0,-48.0,5260.0,112.0,13.0,7.851768032563832,62.76979166096762,
470,485.90063,118.0421057414366,34.75728253221969,171.13821568925638,28.0,0.7651,342.0,48.0,169.0,1101.0,29.0,220.0,141.0,371.0,19.560375487271745,116,6,50,56,201.0,-21.0,58.0,64.0,153.0,42.0,-48.0,5260.0,112.0,13.0,7.856321101877966,62.76979166096762,
471,418.05975,84.95768985254288,29.94316226439865,114.37904444920319,29.0,0.8066,340.0,48.0,168.0,1098.0,29.0,219.0,141.0,371.0,27.768034655240594,124,6,49,58,203.0,-20.0,59.0,65.0,155.0,43.0,-48.0,5262.0,113.0,14.0,7.8608741711921,62.76979166096762,
472,585.7007,239.23752604240076,47.091208799085145,254.1500190337007,29.0,0.79115,279.0,55.0,186.0,1047.0,21.0,270.0,112.0,315.0,37.51474057831706,117,5,51,60,241.0,-57.0,70.0,5.0,150.0,17.0,-91.0,6132.0,99.0,-18.0,8.908080113441024,62.76979166096762,
473,743.2768,240.61275860644864,45.36749807077204,253.84723553829656,28.0,0.75655,277.0,56.0,187.0,1050.0,21.0,277.0,110.0,311.0,35.49248248481513,137,15,54,59,240.0,-66.0,69.0,-4.0,141.0,8.0,-99.0,6107.0,90.0,55.0,8.912633182755156,62.76979166096762,
474,312.04626,319.5248841102074,35.7126337930401,203.70747890746907,28.0,0.7924,350.0,49.0,171.0,1127.0,30.0,218.0,145.0,385.0,17.420780001578713,134,12,58,59,194.0,-12.0,56.0,70.0,156.0,49.0,-38.0,5070.0,116.0,22.0,7.691867110127519,62.76770832763448,
475,343.61374,315.8232519459659,37.8779461001358,198.01861879871683,28.0,0.78025,350.0,49.0,171.0,1127.0,30.0,218.0,145.0,385.0,20.289765499424014,132,11,60,59,194.0,-12.0,56.0,70.0,156.0,49.0,-38.0,5070.0,116.0,22.0,7.696419857750953,62.76770832763448,
476,379.29428,300.09940282063457,29.739503378008852,210.18943492021972,28.0,0.77435,350.0,49.0,171.0,1126.0,30.0,218.0,145.0,385.0,17.76380110297172,131,13,63,59,194.0,-13.0,56.0,69.0,155.0,48.0,-39.0,5058.0,115.0,21.0,7.700972605374383,62.76770832763448,
477,408.5372,168.03493517126066,29.24949139061128,181.40372469075496,28.0,0.76235,350.0,49.0,171.0,1126.0,30.0,218.0,145.0,385.0,16.127536977732067,138,9,55,60,194.0,-13.0,56.0,69.0,155.0,48.0,-39.0,5058.0,115.0,21.0,7.705525352997815,62.76770832763448,
478,405.89487,216.38815412642467,41.36665954226269,194.2514035671097,28.0,0.75475,350.0,49.0,171.0,1127.0,30.0,219.0,145.0,385.0,23.266041316438898,134,9,54,60,195.0,-14.0,56.0,67.0,154.0,47.0,-41.0,5070.0,114.0,19.0,7.710078100621174,62.76770832763448,
479,451.33182,223.11737502066597,38.39855134567339,196.64293373374815,28.0,0.7437,350.0,49.0,171.0,1127.0,30.0,219.0,145.0,385.0,23.009182739387548,135,14,49,61,195.0,-14.0,56.0,67.0,154.0,47.0,-41.0,5070.0,114.0,19.0,7.714630848244606,62.76770832763448,
480,402.53638,76.50449822465639,19.003405167993233,151.55220538715977,29.0,0.768,350.0,49.0,171.0,1127.0,30.0,219.0,145.0,385.0,14.579131030969974,139,11,55,59,194.0,-15.0,57.0,68.0,153.0,47.0,-41.0,5092.0,114.0,19.0,7.72373634349147,62.76770832763448,
481,392.6391,251.69592384836642,30.793443919082826,193.67268418460006,28.0,0.7825,347.0,48.0,170.0,1119.0,30.0,218.0,144.0,382.0,18.757964094612557,141,9,50,59,195.0,-14.0,56.0,69.0,155.0,48.0,-40.0,5083.0,115.0,20.0,7.728289091114902,62.76770832763448,
482,433.66525,334.97675445856305,50.38001615676098,217.4096796496,28.0,0.7456,347.0,48.0,170.0,1119.0,30.0,218.0,144.0,382.0,30.73985532659765,138,7,51,61,195.0,-14.0,56.0,69.0,155.0,48.0,-40.0,5083.0,115.0,20.0,7.7328418387383335,62.76770832763448,
483,478.73828,300.151246778384,39.98253301446196,206.08734748077788,29.0,0.7299,351.0,49.0,172.0,1129.0,29.0,222.0,145.0,383.0,21.911156780692806,134,7,51,59,195.0,-19.0,57.0,64.0,150.0,43.0,-45.0,5104.0,110.0,16.0,7.7373945863617655,62.76770832763448,
484,488.16125,104.5829685600684,24.67981801909397,168.2033427991039,29.0,0.7035,347.0,48.0,169.0,1117.0,30.0,219.0,144.0,381.0,15.867067362716655,122,6,53,62,195.0,-15.0,57.0,68.0,154.0,47.0,-41.0,5125.0,114.0,19.0,7.741947333985197,62.76770832763448,
485,303.424,119.96178324282592,15.314576106062605,161.1650465255677,28.0,0.7606,344.0,48.0,168.0,1107.0,30.0,216.0,143.0,378.0,11.604278049134443,116,9,53,64,197.0,-13.0,57.0,71.0,157.0,49.0,-40.0,5166.0,117.0,21.0,7.769263819725714,62.76770832763448,
486,296.2553,274.4112867133659,16.420024446220182,186.21610109152547,28.0,0.7633,344.0,48.0,168.0,1107.0,30.0,216.0,143.0,378.0,9.737400894328454,123,8,53,64,197.0,-13.0,57.0,71.0,157.0,49.0,-40.0,5166.0,117.0,21.0,7.7738165673491455,62.76770832763448,
487,333.87708,300.60592584234564,28.477102710514842,237.20791276730097,28.0,0.7885,348.0,49.0,171.0,1121.0,29.0,222.0,144.0,380.0,23.50982438797099,127,7,52,60,198.0,-21.0,57.0,62.0,150.0,41.0,-48.0,5137.0,109.0,13.0,7.778369314972577,62.76770832763448,
488,445.15918,318.7046474879308,46.344800423305195,233.87668112613153,28.0,0.7912,348.0,49.0,171.0,1121.0,29.0,222.0,144.0,380.0,33.82335453221324,124,8,52,61,198.0,-21.0,57.0,62.0,150.0,41.0,-48.0,5137.0,109.0,13.0,7.782922062596009,62.76770832763448,
489,481.22287,102.67344982730496,19.319438358096935,120.74044163121424,29.0,0.7234,346.0,49.0,171.0,1114.0,29.0,221.0,143.0,377.0,21.131322814446047,121,8,53,57,199.0,-20.0,58.0,64.0,152.0,43.0,-47.0,5171.0,111.0,14.0,7.805685800713096,62.76770832763448,
490,398.07288,120.68730970299671,22.59051498607767,127.0192534381343,29.0,0.75575,343.0,48.0,168.0,1103.0,30.0,217.0,142.0,375.0,20.32547254744193,105,9,54,56,199.0,-16.0,58.0,68.0,156.0,46.0,-43.0,5171.0,115.0,18.0,7.810238548336528,62.76770832763448,
491,291.0322,99.21047746345597,7.8684365407118815,175.47840249437493,29.0,0.72155,341.0,47.0,166.0,1098.0,30.0,216.0,141.0,373.0,4.640324383091646,121,5,51,57,199.0,-15.0,58.0,69.0,157.0,48.0,-42.0,5173.0,116.0,19.0,7.823896791206824,62.76770832763448,
492,336.3605,330.4676212263667,44.28278946651623,215.26265617003472,28.0,0.7987,342.0,48.0,168.0,1101.0,29.0,219.0,141.0,372.0,25.185594815708928,118,8,49,60,201.0,-19.0,58.0,66.0,155.0,44.0,-46.0,5232.0,113.0,15.0,7.837555034077045,62.76770832763448,
493,394.87344,284.11237713668015,37.64260519629542,207.74298856719838,28.0,0.80325,344.0,49.0,171.0,1113.0,29.0,225.0,142.0,374.0,22.7835411595778,109,9,50,61,201.0,-24.0,58.0,61.0,150.0,39.0,-51.0,5219.0,108.0,10.0,7.842107781700479,62.76770832763448,
494,484.93405,298.4837853983461,37.44969618051456,241.3378132879266,28.0,0.7992,344.0,49.0,171.0,1113.0,29.0,225.0,142.0,374.0,30.57959856910719,127,5,48,58,201.0,-24.0,58.0,61.0,150.0,39.0,-51.0,5219.0,108.0,10.0,7.846660529323911,62.76770832763448,
495,768.722,317.9896177402632,50.847646407046454,219.90162335561533,28.0,0.753,285.0,54.0,188.0,1057.0,22.0,267.0,115.0,322.0,31.01040998983353,125,1,52,56,240.0,-52.0,69.0,12.0,155.0,23.0,-85.0,6126.0,104.0,-12.0,8.848265006477085,62.76770832763448,
496,805.94507,140.18472588643417,46.455738992051536,169.49086533559617,28.0,0.7071,283.0,54.0,187.0,1053.0,22.0,268.0,114.0,319.0,23.751885066306276,131,14,53,57,240.0,-53.0,69.0,11.0,154.0,22.0,-86.0,6137.0,103.0,-13.0,8.852817754100519,62.76770832763448,
497,770.0881,79.13573123167497,48.19845262952647,158.14375572828922,28.0,0.7346,283.0,54.0,187.0,1053.0,22.0,268.0,114.0,319.0,28.686377116399225,127,14,53,58,240.0,-53.0,69.0,11.0,154.0,22.0,-86.0,6137.0,103.0,-13.0,8.857370501723876,62.76770832763448,
498,473.3652,234.58643866863358,47.67784458121385,250.95921648077675,29.0,0.84375,279.0,55.0,186.0,1047.0,21.0,270.0,112.0,315.0,33.86637130693887,112,8,52,60,241.0,-57.0,70.0,5.0,150.0,17.0,-91.0,6132.0,99.0,-18.0,8.907450725581553,62.76770832763448,
499,618.81445,235.34017616462737,54.78137172353751,254.76715783686532,28.0,0.802,277.0,56.0,187.0,1050.0,21.0,277.0,110.0,311.0,38.89141209922489,123,7,54,58,240.0,-66.0,69.0,-4.0,141.0,8.0,-99.0,6107.0,90.0,55.0,8.912003473204985,62.76770832763448,
500,318.2421,296.4859510280711,40.538331782580535,201.64752902657432,28.0,0.80475,364.0,54.0,185.0,1183.0,28.0,237.0,149.0,396.0,21.675415195168068,137,11,53,62,194.0,-28.0,56.0,52.0,140.0,33.0,-54.0,5045.0,100.0,6.0,7.682218848679903,62.76562499430133,
501,357.62762,332.93335699757097,50.918044742564845,219.95467843443288,28.0,0.8028,366.0,54.0,186.0,1188.0,28.0,240.0,150.0,397.0,28.744567246458313,139,8,53,58,194.0,-30.0,56.0,50.0,137.0,30.0,-57.0,5047.0,97.0,3.0,7.686771274664105,62.76562499430133,
502,412.6648,308.0698069316034,55.087453458913785,210.94588184356292,28.0,0.7809,366.0,54.0,186.0,1188.0,28.0,240.0,150.0,397.0,31.34988151912563,132,9,55,58,194.0,-30.0,56.0,50.0,137.0,30.0,-57.0,5047.0,97.0,3.0,7.691323700648305,62.76562499430133,
503,446.20856,202.8002233078053,48.0735475030293,190.33785954604852,29.0,0.7591,363.0,54.0,185.0,1178.0,28.0,237.0,149.0,394.0,28.15874777170346,134,11,56,57,195.0,-28.0,57.0,51.0,140.0,32.0,-55.0,5066.0,99.0,5.0,7.695876126632508,62.76562499430133,
504,443.995,184.62350659476604,46.93382562133761,182.68883602446226,29.0,0.763,358.0,52.0,180.0,1160.0,29.0,231.0,147.0,390.0,25.264860447311666,127,10,57,57,195.0,-25.0,57.0,56.0,143.0,36.0,-52.0,5069.0,103.0,8.0,7.70042855261671,62.76562499430133,
505,466.372,101.32860058466474,19.626960167964747,117.55858619906012,29.0,0.7625,343.0,48.0,168.0,1102.0,30.0,217.0,142.0,374.0,21.446689059714323,116,8,53,56,199.0,-17.0,58.0,67.0,155.0,45.0,-44.0,5171.0,114.0,17.0,7.805134350253131,62.76562499430133,
506,383.01407,92.11272167740853,17.28087060938004,124.06049718303223,29.0,0.7765,342.0,48.0,168.0,1100.0,29.0,217.0,141.0,373.0,19.341600175309605,122,10,53,56,200.0,-18.0,58.0,67.0,155.0,45.0,-45.0,5208.0,114.0,16.0,7.809686776237331,62.76562499430133,
507,342.34418,334.27110885970217,35.21411422082178,206.93118943176347,28.0,0.7706,344.0,49.0,171.0,1113.0,29.0,225.0,142.0,374.0,18.96661631978095,97,8,49,58,201.0,-25.0,58.0,59.0,148.0,37.0,-53.0,5201.0,106.0,9.0,7.827896480174066,62.76562499430133,
508,405.55057,334.35928221188743,61.35355045918437,223.34309472824262,28.0,0.7847,344.0,49.0,171.0,1113.0,29.0,225.0,142.0,374.0,34.06451622090414,123,8,50,60,201.0,-25.0,58.0,59.0,148.0,37.0,-53.0,5201.0,106.0,9.0,7.832448906158268,62.76562499430133,
509,457.42465,238.62680981548817,50.192092126789504,192.81989539978977,28.0,0.7694,341.0,48.0,168.0,1100.0,29.0,219.0,141.0,372.0,29.092133940961048,127,7,49,59,202.0,-20.0,58.0,65.0,154.0,43.0,-48.0,5249.0,112.0,14.0,7.837001332142469,62.76562499430133,
510,460.1988,102.76183501442124,20.88916609721721,166.32988716990994,28.0,0.778,341.0,48.0,168.0,1100.0,29.0,219.0,141.0,372.0,13.15588707050087,128,4,51,57,202.0,-20.0,58.0,65.0,154.0,43.0,-48.0,5249.0,112.0,14.0,7.841553758126673,62.76562499430133,
511,376.77893,246.3975215748355,32.816106636935245,247.86191949347435,29.0,0.83795,282.0,53.0,186.0,1051.0,22.0,267.0,114.0,320.0,27.993519523661877,133,6,53,63,241.0,-50.0,70.0,15.0,158.0,26.0,-83.0,6170.0,107.0,-10.0,8.906821438427912,62.76562499430133,
512,499.03357,238.23373243935958,44.93009592929876,251.5813191456082,28.0,0.81335,276.0,56.0,187.0,1048.0,21.0,277.0,110.0,310.0,34.2354868733553,125,8,53,58,241.0,-67.0,69.0,-5.0,140.0,7.0,-101.0,6119.0,89.0,54.0,8.911373864412115,62.76562499430133,
513,658.10913,248.30059972330483,46.71827763749214,252.23276563146845,28.0,0.786,276.0,56.0,187.0,1048.0,21.0,277.0,110.0,310.0,40.28746859090606,142,17,50,55,241.0,-67.0,69.0,-5.0,140.0,7.0,-101.0,6119.0,89.0,54.0,8.915926290396317,62.76562499430133,
514,423.34244,326.21367447898734,71.94217623811112,219.1197117770795,28.0,0.7632,364.0,54.0,185.0,1183.0,28.0,237.0,149.0,396.0,36.60879493132323,130,8,52,62,194.0,-28.0,56.0,52.0,140.0,33.0,-54.0,5045.0,100.0,6.0,7.681676169319054,62.76354166096817,
515,493.5501,221.51729297874016,63.726399097876644,200.2652300005431,28.0,0.7707,366.0,54.0,186.0,1188.0,28.0,240.0,150.0,397.0,33.96261779150988,130,7,50,59,194.0,-30.0,56.0,50.0,137.0,30.0,-57.0,5047.0,97.0,3.0,7.686228273715487,62.76354166096817,
516,454.45578,109.3085377706405,19.53294527204017,125.39316293101106,29.0,0.7614,343.0,48.0,168.0,1102.0,30.0,217.0,142.0,374.0,19.664560335356512,115,8,53,54,199.0,-17.0,58.0,67.0,155.0,45.0,-44.0,5171.0,114.0,17.0,7.80458298802251,62.76354166096817,
517,380.07498,111.34708506372368,18.729449130056505,123.56879874604729,29.0,0.7757,342.0,48.0,168.0,1100.0,29.0,217.0,141.0,373.0,20.370020092218535,105,9,53,54,200.0,-18.0,58.0,67.0,155.0,45.0,-45.0,5208.0,114.0,16.0,7.809135092418942,62.76354166096817,
518,338.57315,296.7758597173385,18.862143396656048,220.66887166859294,29.0,0.7697,344.0,49.0,172.0,1113.0,29.0,224.0,142.0,374.0,15.218643169439092,123,10,50,58,200.0,-24.0,58.0,60.0,149.0,39.0,-51.0,5196.0,107.0,10.0,7.822791405608239,62.76354166096817,
519,427.43707,301.9980202676147,42.44869926466461,241.38269267600342,28.0,0.80975,344.0,49.0,171.0,1113.0,29.0,225.0,142.0,374.0,32.608657547839385,124,9,51,57,201.0,-25.0,58.0,59.0,148.0,37.0,-53.0,5201.0,106.0,9.0,7.8273435100045985,62.76354166096817,
520,455.57236,93.40834108021463,40.00210303450074,116.00579498182793,28.0,0.8145,293.0,53.0,191.0,1080.0,22.0,266.0,119.0,333.0,31.189046590425765,131,15,55,58,242.0,-39.0,70.0,69.0,170.0,38.0,-72.0,6190.0,119.0,1.0,8.892535938767878,62.76354166096817,
521,377.7917,68.60530847054403,36.02580698224205,121.44638667419835,28.0,0.79535,293.0,53.0,191.0,1080.0,22.0,266.0,119.0,333.0,29.061549651764476,115,4,54,59,242.0,-39.0,70.0,69.0,170.0,38.0,-72.0,6190.0,119.0,1.0,8.897088043164237,62.76354166096817,
522,338.4852,258.4589897098379,18.476291301738588,238.16624321097945,29.0,0.83395,282.0,53.0,186.0,1051.0,22.0,267.0,114.0,320.0,19.656648929408853,120,5,51,62,241.0,-50.0,70.0,15.0,158.0,26.0,-83.0,6170.0,107.0,-10.0,8.906192251957101,62.76354166096817,
523,438.97577,267.11700506505645,31.873371269690555,252.24766324514601,28.0,0.8222,276.0,56.0,187.0,1048.0,21.0,277.0,110.0,310.0,31.827252433799817,126,6,51,59,241.0,-67.0,69.0,-5.0,140.0,7.0,-101.0,6119.0,89.0,54.0,8.910744356353534,62.76354166096817,
524,619.0521,271.28415528716357,42.92162430458931,255.0,28.0,0.7827,276.0,56.0,187.0,1048.0,21.0,277.0,110.0,310.0,41.54548103758812,140,18,52,57,241.0,-67.0,69.0,-5.0,140.0,7.0,-101.0,6119.0,89.0,54.0,8.915296460749968,62.76354166096817,
525,437.1581,308.3759417906786,44.57972898093228,243.33715912767707,28.0,0.8038,364.0,54.0,185.0,1183.0,28.0,237.0,149.0,396.0,33.282223461442506,125,11,51,62,194.0,-28.0,56.0,52.0,140.0,33.0,-54.0,5045.0,100.0,6.0,7.6765817939181655,62.76145832763503,
526,438.7766,101.08470020666046,22.262032206641692,122.9202485327251,29.0,0.79825,343.0,48.0,168.0,1102.0,30.0,217.0,142.0,374.0,21.553147420173538,102,8,51,54,199.0,-17.0,58.0,67.0,155.0,45.0,-44.0,5171.0,114.0,17.0,7.8040317140010815,62.76145832763503,
527,358.3418,115.76959791040653,19.374581979737208,129.04592321852755,29.0,0.81355,342.0,48.0,168.0,1100.0,29.0,217.0,141.0,373.0,18.946347998368218,96,10,54,56,200.0,-18.0,58.0,67.0,155.0,45.0,-45.0,5208.0,114.0,16.0,7.808583496861193,62.76145832763503,
528,184.76942,203.73438120747952,61.66861078262491,190.873454391983,28.0,0.8408,329.0,48.0,177.0,1108.0,27.0,238.0,136.0,365.0,33.09127063692301,99,12,52,63,222.0,-17.0,64.0,80.0,174.0,53.0,-48.0,5710.0,128.0,20.0,8.332038525773116,62.76145832763503,
529,174.80586,82.56404679349652,68.77817233494497,164.53258474899596,28.0,0.8298,329.0,48.0,178.0,1111.0,27.0,238.0,136.0,367.0,36.43220902338302,90,15,51,59,222.0,-15.0,64.0,83.0,176.0,56.0,-46.0,5722.0,131.0,23.0,8.336590308633228,62.76145832763503,
530,506.53488,75.7921788193842,39.53680946186132,80.2902606017848,28.0,0.79745,293.0,53.0,191.0,1080.0,22.0,266.0,119.0,333.0,36.96869420188988,138,15,56,55,242.0,-39.0,70.0,69.0,170.0,38.0,-72.0,6190.0,119.0,1.0,8.891907817565864,62.76145832763503,
531,389.49518,104.38866772931758,20.1997839485864,119.52680601855486,28.0,0.8211,293.0,53.0,191.0,1080.0,22.0,266.0,119.0,333.0,21.165846287988558,122,6,55,59,242.0,-39.0,70.0,69.0,170.0,38.0,-72.0,6190.0,119.0,1.0,8.896459600425903,62.76145832763503,
532,309.45868,97.50513790623438,13.2884499149104,138.3027570363391,29.0,0.82715,282.0,53.0,186.0,1051.0,22.0,267.0,114.0,320.0,15.34692897276877,119,9,55,58,241.0,-50.0,70.0,15.0,158.0,26.0,-83.0,6170.0,107.0,-10.0,8.901011383286013,62.76145832763503,
533,321.71655,264.69849666800974,16.979779024283015,230.2848850073195,29.0,0.82,282.0,53.0,186.0,1051.0,22.0,267.0,114.0,320.0,18.16251113628472,122,5,51,62,241.0,-50.0,70.0,15.0,158.0,26.0,-83.0,6170.0,107.0,-10.0,8.905563166146127,62.76145832763503,
534,449.408,284.6521989742878,37.78892427322685,254.70064225167488,28.0,0.7989,276.0,56.0,187.0,1048.0,21.0,277.0,110.0,310.0,36.81666953336982,125,5,50,60,241.0,-67.0,69.0,-5.0,140.0,7.0,-101.0,6119.0,89.0,54.0,8.910114949006237,62.76145832763503,
535,440.06717,259.1218453160078,36.44630699230734,253.72553054364118,28.0,0.8113,364.0,54.0,185.0,1183.0,28.0,237.0,149.0,396.0,36.90714680477317,122,11,54,60,194.0,-28.0,56.0,52.0,140.0,33.0,-54.0,5045.0,100.0,6.0,7.676039609662509,62.75937499430189,
536,195.0335,303.7905557109379,27.5925703746989,238.04369690099918,28.0,0.8497,329.0,48.0,177.0,1108.0,27.0,238.0,136.0,365.0,22.718531406177423,139,6,54,63,222.0,-17.0,64.0,80.0,174.0,53.0,-48.0,5710.0,128.0,20.0,8.326898586319041,62.75937499430189,
537,278.83286,293.0691776853281,29.667717068617442,229.85736067053276,28.0,0.836,329.0,48.0,177.0,1108.0,27.0,238.0,136.0,365.0,21.775278296263373,123,8,53,61,222.0,-17.0,64.0,80.0,174.0,53.0,-48.0,5710.0,128.0,20.0,8.33145004769427,62.75937499430189,
538,296.31262,77.17508919413685,33.571605754205045,158.1166152112138,28.0,0.8257,329.0,48.0,178.0,1111.0,27.0,238.0,136.0,367.0,17.774345285245243,115,13,52,60,222.0,-15.0,64.0,83.0,176.0,56.0,-46.0,5722.0,131.0,23.0,8.336001509069497,62.75937499430189,
539,256.03876,34.03955124602205,37.378049564723966,145.9908779659841,28.0,0.8364,329.0,48.0,178.0,1111.0,27.0,238.0,136.0,367.0,21.75880218403978,104,16,49,59,222.0,-15.0,64.0,83.0,176.0,56.0,-46.0,5722.0,131.0,23.0,8.340552970444653,62.75937499430189,
540,320.0317,258.17148223698234,20.3350386395719,220.56272736292243,29.0,0.82945,282.0,53.0,186.0,1051.0,22.0,267.0,114.0,320.0,20.143702269733932,134,3,52,59,241.0,-50.0,70.0,15.0,158.0,26.0,-83.0,6170.0,107.0,-10.0,8.904934180971987,62.75937499430189,
541,453.7264,268.8231120271602,32.3513902990908,254.7406029578188,28.0,0.7745,276.0,56.0,187.0,1048.0,21.0,277.0,110.0,310.0,34.396353609253936,136,20,53,61,241.0,-67.0,69.0,-5.0,140.0,7.0,-101.0,6119.0,89.0,54.0,8.909485642347216,62.75937499430189,
542,389.38324,261.2980037120356,31.651659244180568,249.31981644168252,28.0,0.8112,366.0,55.0,187.0,1193.0,28.0,242.0,150.0,398.0,32.04097736415451,107,10,52,61,194.0,-31.0,56.0,48.0,136.0,29.0,-58.0,5050.0,96.0,2.0,7.675497512135837,62.75729166096874,
543,577.7477,260.2989367568804,31.566413931311402,240.98193403425455,28.0,0.7432,366.0,55.0,187.0,1193.0,28.0,242.0,150.0,398.0,31.984105892715732,113,10,53,58,194.0,-31.0,56.0,48.0,136.0,29.0,-58.0,5050.0,96.0,2.0,7.680048652077608,62.75729166096874,
544,347.02744,69.76203398562987,41.6804749474655,146.95692149755857,29.0,0.82565,318.0,49.0,175.0,1075.0,26.0,238.0,131.0,349.0,27.757509269661778,116,12,54,59,223.0,-30.0,65.0,67.0,162.0,40.0,-61.0,5727.0,116.0,7.0,8.339963943633137,62.75729166096874,
545,270.519,36.048464185503995,46.314395701665745,138.98108620234396,28.0,0.8396,324.0,48.0,175.0,1092.0,26.0,238.0,133.0,357.0,29.613512460223305,124,9,53,59,223.0,-24.0,64.0,74.0,169.0,47.0,-54.0,5745.0,122.0,13.0,8.34451508357491,62.75729166096874,
546,230.28654,56.26535395001112,39.18180000190541,148.27141822060224,28.0,0.83955,324.0,48.0,175.0,1092.0,26.0,238.0,133.0,357.0,24.17106578951066,145,8,59,55,223.0,-24.0,64.0,74.0,169.0,47.0,-54.0,5745.0,122.0,13.0,8.34906622351668,62.75729166096874,
547,396.6856,50.97594495611197,34.211323087202146,129.30266969437682,28.0,0.8139,285.0,53.0,188.0,1060.0,22.0,266.0,115.0,324.0,23.4125073739052,126,14,57,58,243.0,-46.0,70.0,21.0,164.0,31.0,-79.0,6215.0,113.0,-5.0,8.899754156469928,62.75729166096874,
548,343.2695,173.32045919372783,21.687849056430085,179.71122375750562,28.0,0.83385,280.0,53.0,185.0,1047.0,22.0,267.0,113.0,318.0,21.49842191582469,113,3,53,59,242.0,-50.0,70.0,15.0,158.0,25.0,-84.0,6180.0,107.0,-11.0,8.9043052964117,62.75729166096874,
549,428.92487,275.47953785332254,26.399847568363512,253.5080471040126,29.0,0.8068,274.0,55.0,185.0,1039.0,21.0,274.0,109.0,308.0,30.199254403355432,117,20,55,60,241.0,-65.0,70.0,-3.0,143.0,10.0,-98.0,6151.0,92.0,57.0,8.908856436353469,62.75729166096874,
550,583.62604,258.68728501413295,37.03427597892013,254.9606726807083,29.0,0.74455,274.0,55.0,185.0,1039.0,21.0,274.0,109.0,308.0,36.98157545191752,127,16,53,61,241.0,-65.0,70.0,-3.0,143.0,10.0,-98.0,6151.0,92.0,57.0,8.91340757629524,62.75729166096874,
551,525.8129,252.1396691019206,41.98493205497922,254.3796740279572,28.0,0.7664,366.0,55.0,187.0,1193.0,28.0,242.0,150.0,398.0,39.37039123052141,114,10,53,60,194.0,-31.0,56.0,48.0,136.0,29.0,-58.0,5050.0,96.0,2.0,7.679506319878072,62.755208327635586,
552,144.76883,298.97182788445605,25.427127975282072,237.52117935401128,28.0,0.8082,328.0,46.0,163.0,1063.0,29.0,217.0,136.0,357.0,23.24755249315676,114,0,49,65,211.0,-21.0,61.0,70.0,161.0,46.0,-50.0,5460.0,118.0,15.0,8.039020986095823,62.755208327635586,
553,222.32253,326.31099172871427,40.662304290900984,222.92363765051647,28.0,0.7791,327.0,47.0,166.0,1067.0,28.0,222.0,135.0,355.0,27.965077759983078,124,0,49,65,211.0,-26.0,61.0,64.0,156.0,40.0,-55.0,5447.0,112.0,10.0,8.043571804655551,62.755208327635586,
554,274.6687,333.79465572990375,47.70833428838741,218.31343749673906,28.0,0.7879,327.0,47.0,166.0,1067.0,28.0,222.0,135.0,355.0,30.502466111839738,125,3,52,61,211.0,-26.0,61.0,64.0,156.0,40.0,-55.0,5447.0,112.0,10.0,8.048122623215276,62.755208327635586,
555,327.61325,318.03483167179223,42.167789220522565,219.20481029795582,29.0,0.7842,326.0,48.0,169.0,1073.0,27.0,228.0,134.0,354.0,27.13608278792197,127,3,50,59,210.0,-32.0,61.0,57.0,150.0,34.0,-60.0,5439.0,106.0,3.0,8.052673441775003,62.755208327635586,
556,380.50613,329.18981514194314,42.658847194535895,216.40463574703145,29.0,0.804,326.0,48.0,169.0,1073.0,27.0,228.0,134.0,354.0,23.355584653488602,132,12,55,58,210.0,-32.0,61.0,57.0,150.0,34.0,-60.0,5439.0,106.0,3.0,8.05722426033473,62.755208327635586,
557,418.54575,274.4266458260491,24.396604207670105,223.93544476207407,29.0,0.8379,318.0,49.0,175.0,1075.0,26.0,238.0,131.0,349.0,19.375114545690213,137,4,56,60,223.0,-30.0,65.0,67.0,162.0,40.0,-61.0,5727.0,116.0,7.0,8.334824192477546,62.755208327635586,
558,424.33734,65.26214858780328,18.399070376101797,151.98365376555816,29.0,0.8331,318.0,49.0,175.0,1075.0,26.0,238.0,131.0,349.0,11.636807661273787,132,3,51,59,223.0,-30.0,65.0,67.0,162.0,40.0,-61.0,5727.0,116.0,7.0,8.339375011037198,62.755208327635586,
559,392.599,92.22915612575245,34.38113311660345,142.5915931124326,28.0,0.8303,280.0,53.0,185.0,1047.0,22.0,267.0,113.0,318.0,25.436640633310457,120,18,55,60,242.0,-50.0,70.0,15.0,158.0,25.0,-84.0,6180.0,107.0,-11.0,8.903676512442283,62.755208327635586,
560,420.75046,262.4870228027333,23.169289137504844,241.17623221676425,28.0,0.80275,280.0,53.0,185.0,1047.0,22.0,267.0,113.0,318.0,24.848242402090463,123,17,56,60,242.0,-50.0,70.0,15.0,158.0,25.0,-84.0,6180.0,107.0,-11.0,8.90822733100201,62.755208327635586,
561,531.3171,266.78626083307716,27.194291409908928,254.45083701889155,29.0,0.7941,274.0,55.0,185.0,1039.0,21.0,274.0,109.0,308.0,28.4334415619156,121,18,55,60,241.0,-65.0,70.0,-3.0,143.0,10.0,-98.0,6151.0,92.0,57.0,8.91277814956174,62.755208327635586,
562,332.1453,205.75366588142634,5.491979003568165,180.86722275571137,28.0,0.71655,360.0,52.0,180.0,1164.0,29.0,231.0,148.0,393.0,4.554842535780697,115,13,50,60,194.0,-23.0,56.0,57.0,144.0,37.0,-50.0,5041.0,104.0,10.0,7.669863079961152,62.753124994302446,
563,344.30518,285.542211136014,9.264343343209644,203.4044795733352,28.0,0.7416,360.0,52.0,180.0,1164.0,29.0,231.0,148.0,393.0,8.345726776520975,109,11,50,59,194.0,-23.0,56.0,57.0,144.0,37.0,-50.0,5041.0,104.0,10.0,7.674413577190237,62.753124994302446,
564,445.0364,245.86267451685356,43.550432548484196,251.80684521539968,28.0,0.7681,366.0,55.0,187.0,1193.0,28.0,242.0,150.0,398.0,36.91184199192279,124,8,52,60,194.0,-31.0,56.0,48.0,136.0,29.0,-58.0,5050.0,96.0,2.0,7.678964074419323,62.753124994302446,
565,153.2395,281.70592229454996,20.205902168203618,236.29535957934135,28.0,0.8179,328.0,46.0,163.0,1063.0,29.0,217.0,136.0,357.0,20.368342064507324,110,3,52,64,211.0,-21.0,61.0,70.0,161.0,46.0,-50.0,5460.0,118.0,15.0,8.038453355516337,62.753124994302446,
566,261.2382,278.0912490113459,25.362886743795773,251.2587166771248,28.0,0.8119,327.0,47.0,166.0,1067.0,28.0,222.0,135.0,355.0,27.1782635873029,115,3,47,60,211.0,-26.0,61.0,64.0,156.0,40.0,-55.0,5447.0,112.0,10.0,8.043003852745422,62.753124994302446,
567,346.36548,294.13327418147503,21.487313267269965,217.98127657355195,28.0,0.78745,327.0,47.0,166.0,1067.0,28.0,222.0,135.0,355.0,13.663984291699695,120,5,51,58,211.0,-26.0,61.0,64.0,156.0,40.0,-55.0,5447.0,112.0,10.0,8.047554349974508,62.753124994302446,
568,460.66824,86.40367124370898,25.189531993994425,108.31987932895142,28.0,0.81715,280.0,53.0,185.0,1047.0,22.0,267.0,113.0,318.0,25.073272901442685,129,15,54,58,242.0,-50.0,70.0,15.0,158.0,25.0,-84.0,6180.0,107.0,-11.0,8.90304782904078,62.753124994302446,
569,444.80856,277.5102599995378,19.832488094521207,222.4459761536362,28.0,0.8163,280.0,53.0,185.0,1047.0,22.0,267.0,113.0,318.0,18.11711079561019,113,17,54,61,242.0,-50.0,70.0,15.0,158.0,25.0,-84.0,6180.0,107.0,-11.0,8.907598326269865,62.753124994302446,
570,524.38763,283.8635476053145,22.148295625767833,246.35513021703898,29.0,0.787,274.0,55.0,185.0,1039.0,21.0,274.0,109.0,308.0,23.444185015002308,112,16,55,62,241.0,-65.0,70.0,-3.0,143.0,10.0,-98.0,6151.0,92.0,57.0,8.91214882349895,62.753124994302446,
571,344.54288,224.94676920683182,2.9098762729163754,185.78325895328717,28.0,0.7012,360.0,52.0,180.0,1164.0,29.0,231.0,148.0,393.0,2.5635823023488262,119,11,53,61,194.0,-23.0,56.0,57.0,144.0,37.0,-50.0,5041.0,104.0,10.0,7.673871739731712,62.75104166096931,
572,377.77634,255.9324037788857,21.765380769514277,229.91978104191898,28.0,0.7796,366.0,55.0,187.0,1193.0,28.0,242.0,150.0,398.0,18.912295301487067,117,10,53,60,194.0,-31.0,56.0,48.0,136.0,29.0,-58.0,5050.0,96.0,2.0,7.678421915681546,62.75104166096931,
573,500.63037,244.0153870725575,35.697862788592595,246.80478771297413,28.0,0.79065,366.0,55.0,187.0,1193.0,28.0,242.0,150.0,398.0,31.381445998404175,113,8,54,58,194.0,-31.0,56.0,48.0,136.0,29.0,-58.0,5050.0,96.0,2.0,7.682972091631378,62.75104166096931,
574,263.52756,258.64159358862804,22.601436810637598,233.43776197893516,28.0,0.8323,327.0,47.0,166.0,1067.0,28.0,222.0,135.0,355.0,21.438567050082824,120,4,46,58,211.0,-26.0,61.0,64.0,156.0,40.0,-55.0,5447.0,112.0,10.0,8.042435991667487,62.75104166096931,
575,428.06735,284.9396569297467,25.82734968347463,240.20794710188866,29.0,0.81695,326.0,48.0,169.0,1073.0,27.0,228.0,134.0,354.0,24.117023764261248,86,7,46,60,210.0,-32.0,61.0,57.0,150.0,34.0,-60.0,5439.0,106.0,3.0,8.05153634356715,62.75104166096931,
576,483.62698,87.20189240751925,22.466906391280098,109.72791643633201,28.0,0.79275,280.0,53.0,185.0,1047.0,22.0,267.0,113.0,318.0,24.831293499594697,140,19,54,58,242.0,-50.0,70.0,15.0,158.0,25.0,-84.0,6180.0,107.0,-11.0,8.902419246184216,62.75104166096931,
577,464.4362,280.704564599913,14.159516967053763,219.53176341591228,28.0,0.78025,280.0,53.0,185.0,1047.0,22.0,267.0,113.0,318.0,14.737543566205877,121,17,54,60,242.0,-50.0,70.0,15.0,158.0,25.0,-84.0,6180.0,107.0,-11.0,8.906969422134047,62.75104166096931,
578,359.36523,252.79358365064743,9.102510594485612,204.31748431365247,29.0,0.7422,359.0,52.0,179.0,1160.0,29.0,231.0,148.0,391.0,8.366054102133944,118,8,51,60,194.0,-24.0,57.0,56.0,143.0,36.0,-51.0,5058.0,103.0,9.0,7.677879843644941,62.74895832763615,
579,438.90472,261.56726538199024,28.697266000110076,250.40102367148785,29.0,0.7847,359.0,52.0,179.0,1160.0,29.0,231.0,148.0,391.0,29.078365824925704,112,12,49,57,194.0,-24.0,57.0,56.0,143.0,36.0,-51.0,5058.0,103.0,9.0,7.6824296983669,62.74895832763615,
580,335.82666,260.6295929050419,22.498952182711744,234.88551326235722,28.0,0.8401,327.0,46.0,164.0,1062.0,28.0,219.0,135.0,355.0,20.924239499619755,120,9,48,62,212.0,-23.0,61.0,68.0,160.0,44.0,-52.0,5477.0,116.0,13.0,8.046418076122958,62.74895832763615,
581,434.4198,268.3593641900668,28.935504642158143,249.26903152134736,28.0,0.8115,326.0,46.0,163.0,1059.0,28.0,217.0,135.0,355.0,29.472265458166234,112,8,50,61,212.0,-21.0,61.0,70.0,162.0,46.0,-50.0,5472.0,118.0,14.0,8.050967930844916,62.74895832763615,
582,507.47723,85.73179100586742,24.7966330654222,102.37640777091733,28.0,0.776,276.0,54.0,184.0,1036.0,21.0,267.0,111.0,312.0,27.386310467261044,130,21,59,57,242.0,-55.0,70.0,9.0,153.0,20.0,-89.0,6181.0,102.0,-15.0,8.901790763849633,62.74895832763615,
583,478.70554,272.63018994002425,12.121833861291364,210.34235710114294,28.0,0.7708,276.0,54.0,184.0,1036.0,21.0,267.0,111.0,312.0,12.059151115252979,129,18,57,59,242.0,-55.0,70.0,9.0,153.0,20.0,-89.0,6181.0,102.0,-15.0,8.90634061857159,62.74895832763615,
584,412.96155,261.4370669406855,17.20090606445918,223.81342697650382,29.0,0.7672,359.0,52.0,179.0,1160.0,29.0,231.0,148.0,391.0,17.03349816702209,112,4,52,56,194.0,-24.0,57.0,56.0,143.0,36.0,-51.0,5058.0,103.0,9.0,7.6818873918351676,62.746874994303006,
585,127.28392,211.8550756256198,53.51654107316927,226.34920546005617,29.0,0.81915,327.0,45.0,161.0,1060.0,29.0,214.0,136.0,359.0,29.90384823700128,122,9,52,66,210.0,-15.0,61.0,77.0,167.0,52.0,-43.0,5435.0,123.0,21.0,8.036751008379778,62.746874994303006,
586,182.92165,200.81496069170532,67.17866982711269,217.53530178736526,29.0,0.83425,327.0,45.0,161.0,1060.0,29.0,214.0,136.0,359.0,37.2499431003906,123,9,48,65,210.0,-15.0,61.0,77.0,167.0,52.0,-43.0,5435.0,123.0,21.0,8.041300541925231,62.746874994303006,
587,257.7398,220.31689095204538,57.30105727631429,241.1599241066082,28.0,0.8436,327.0,46.0,164.0,1062.0,28.0,219.0,135.0,355.0,35.126735872690496,126,10,48,66,212.0,-23.0,61.0,68.0,160.0,44.0,-52.0,5477.0,116.0,13.0,8.045850075470684,62.746874994303006,
588,369.7406,227.44896535930434,51.71563580752233,245.61297636141177,28.0,0.8385,326.0,46.0,163.0,1059.0,28.0,217.0,135.0,355.0,34.09885511390096,126,7,51,61,212.0,-21.0,61.0,70.0,162.0,46.0,-50.0,5472.0,118.0,14.0,8.050399609016134,62.746874994303006,
589,445.14017,192.31249735254625,65.5311077763933,201.86891332879802,28.0,0.8179,326.0,46.0,163.0,1059.0,28.0,217.0,135.0,355.0,35.16502575685538,130,6,51,60,212.0,-21.0,61.0,70.0,162.0,46.0,-50.0,5472.0,118.0,14.0,8.054949142561588,62.746874994303006,
590,429.11063,163.93263743418038,72.54051401078058,149.9422083865878,28.0,0.8382,326.0,46.0,164.0,1060.0,28.0,218.0,135.0,355.0,36.611125890348646,125,5,50,57,212.0,-21.0,61.0,70.0,162.0,46.0,-50.0,5472.0,118.0,14.0,8.059498676106966,62.746874994303006,
591,550.46497,66.98694931778408,38.71475057466431,95.34145898907296,28.0,0.7401,276.0,54.0,184.0,1036.0,21.0,267.0,111.0,312.0,32.00284455785986,127,20,56,54,242.0,-55.0,70.0,9.0,153.0,20.0,-89.0,6181.0,102.0,-15.0,8.90116238201408,62.746874994303006,
592,486.1264,178.13452610338834,14.746479300592835,185.03476234512686,28.0,0.7573,276.0,54.0,184.0,1036.0,21.0,267.0,111.0,312.0,12.53712913432323,142,21,57,57,242.0,-55.0,70.0,9.0,153.0,20.0,-89.0,6181.0,102.0,-15.0,8.905711915559534,62.746874994303006,
593,226.11154,217.37705649037704,64.21753433551386,243.35371894279544,28.0,0.82685,327.0,46.0,164.0,1062.0,28.0,219.0,135.0,355.0,37.812527888220885,122,7,51,61,212.0,-23.0,61.0,68.0,160.0,44.0,-52.0,5477.0,116.0,13.0,8.04983137806006,62.74479166096986,
594,288.2731,187.4789856734268,61.25057542732983,192.1779963866227,28.0,0.84425,326.0,46.0,163.0,1059.0,28.0,217.0,135.0,355.0,31.769320910730233,123,8,51,60,212.0,-21.0,61.0,70.0,162.0,46.0,-50.0,5472.0,118.0,14.0,8.054380590480362,62.74479166096986,
595,153.80493,171.31941465173577,55.07281119965778,165.31806966213395,28.0,0.811,326.0,46.0,163.0,1059.0,28.0,217.0,135.0,355.0,31.72227784082388,125,6,50,59,212.0,-21.0,61.0,70.0,162.0,46.0,-50.0,5472.0,118.0,14.0,8.053812129302434,62.74270832763671,
596,17.634388,173.061184148484,2.9980676644745614,180.64457345671417,28.0,0.7994,350.0,49.0,172.0,1145.0,31.0,214.0,146.0,400.0,1.9088342354850345,109,7,52,60,184.0,5.0,53.0,82.0,164.0,63.0,-20.0,4869.0,127.0,37.0,7.48467246850621,62.740624994303566,
597,19.919874,269.18960432212447,1.7715426254450832,183.60646710667396,28.0,0.7044,350.0,49.0,172.0,1145.0,31.0,214.0,146.0,400.0,1.6187711789316537,116,10,54,58,184.0,5.0,53.0,82.0,164.0,63.0,-20.0,4869.0,127.0,37.0,7.4841443104672765,62.73854166097042,
598,673.3574,107.02389726786551,19.129780757947643,121.96290348479619,28.0,0.75835,273.0,54.0,183.0,1031.0,21.0,269.0,109.0,308.0,19.99024267860036,113,8,58,54,242.0,-59.0,70.0,5.0,150.0,17.0,-92.0,6199.0,99.0,-18.0,8.903198108556337,62.73854166097042,
599,17.825214,271.6679465366377,2.2092792520080193,182.720834111444,28.0,0.7213,350.0,49.0,172.0,1148.0,31.0,215.0,146.0,401.0,1.3905707386714543,126,10,51,59,184.0,6.0,53.0,84.0,165.0,65.0,-19.0,4872.0,129.0,38.0,7.469972451556878,62.73645832763727,
600,637.9348,172.12250930163057,6.704471949696265,180.5792958420141,28.0,0.742,273.0,54.0,183.0,1031.0,21.0,269.0,109.0,308.0,4.419969180718895,130,5,57,56,242.0,-59.0,70.0,5.0,150.0,17.0,-92.0,6199.0,99.0,-18.0,8.907117836385124,62.73645832763727,
601,19.763597,270.5848802454845,3.123650346257853,184.46818429921157,28.0,0.7209,350.0,49.0,172.0,1150.0,32.0,216.0,146.0,402.0,2.6806126352850628,120,11,52,62,183.0,6.0,53.0,84.0,164.0,65.0,-19.0,4856.0,128.0,39.0,7.464897817394993,62.734374994304126,
602,25.427874,275.9009128125736,4.515942124572634,184.25208899489422,28.0,0.7166,350.0,49.0,172.0,1148.0,31.0,215.0,146.0,401.0,3.336102124622838,124,11,55,59,184.0,6.0,53.0,84.0,165.0,65.0,-19.0,4872.0,129.0,38.0,7.46944542495945,62.734374994304126,
603,41.413666,303.4829711537281,7.441110918993494,187.6985226390141,29.0,0.69355,349.0,49.0,172.0,1143.0,31.0,214.0,145.0,398.0,4.236438669993279,124,2,52,63,185.0,4.0,54.0,81.0,164.0,63.0,-21.0,4864.0,126.0,37.0,7.49673107034619,62.734374994304126,
604,420.97733,256.1711946798099,59.889576856768926,253.28298715692657,28.0,0.8624,295.0,51.0,179.0,1048.0,23.0,252.0,120.0,328.0,44.74443088684063,105,4,52,61,232.0,-46.0,67.0,56.0,155.0,28.0,-77.0,5979.0,106.0,-7.0,8.546625441679005,62.73229166097098,
605,626.05145,204.6212892113717,33.2395490093745,205.79953384846652,28.0,0.827,287.0,52.0,183.0,1047.0,22.0,259.0,116.0,323.0,19.90331197804719,125,7,54,58,239.0,-47.0,69.0,58.0,159.0,28.0,-80.0,6103.0,109.0,-7.0,8.737611485060574,62.73229166097098,
606,707.71246,210.46409483827443,48.49795730123051,220.6188717070208,28.0,0.78345,283.0,52.0,184.0,1041.0,22.0,262.0,114.0,318.0,27.22624753642181,114,7,53,47,240.0,-50.0,69.0,14.0,157.0,25.0,-83.0,6132.0,106.0,-10.0,8.76034791879652,62.73229166097098,
607,238.75822,231.07268240672565,79.5630111511158,254.58232022560492,28.0,0.8426,295.0,51.0,179.0,1048.0,23.0,252.0,120.0,328.0,46.56362508497494,123,6,55,58,232.0,-46.0,67.0,56.0,155.0,28.0,-77.0,5979.0,106.0,-7.0,8.54602256199197,62.73020832763783,
608,447.58002,225.58549202649218,87.59152274994214,252.5127151223828,29.0,0.8519,292.0,55.0,187.0,1059.0,22.0,265.0,117.0,323.0,51.6532929527591,113,8,54,58,230.0,-63.0,67.0,34.0,135.0,8.0,-95.0,5864.0,86.0,-24.0,8.550569527973163,62.73020832763783,
609,635.31866,224.91539401567786,71.11872567161016,247.63159515489227,29.0,0.81585,292.0,55.0,187.0,1059.0,22.0,265.0,117.0,323.0,47.11916336923269,121,17,54,56,230.0,-63.0,67.0,34.0,135.0,8.0,-95.0,5864.0,86.0,-24.0,8.555116493954356,62.73020832763783,
610,499.35126,218.7959703951034,33.71211022722056,226.02010806258863,29.0,0.8422,288.0,52.0,184.0,1050.0,22.0,259.0,117.0,325.0,25.437406615776418,129,6,56,59,237.0,-45.0,69.0,59.0,160.0,30.0,-77.0,6065.0,110.0,-6.0,8.732448167220568,62.73020832763783,
611,544.07275,198.14533879210913,37.58644314218656,201.7200950867685,28.0,0.8352,287.0,52.0,183.0,1047.0,22.0,259.0,116.0,323.0,22.21447855599159,133,6,55,59,239.0,-47.0,69.0,58.0,159.0,28.0,-80.0,6103.0,109.0,-7.0,8.736995133201761,62.73020832763783,
612,562.2533,186.2741506826377,38.54959473800703,187.89569612272305,28.0,0.8327,287.0,52.0,183.0,1047.0,22.0,259.0,116.0,323.0,21.233559798756815,105,7,53,58,239.0,-47.0,69.0,58.0,159.0,28.0,-80.0,6103.0,109.0,-7.0,8.741542099182956,62.73020832763783,
613,571.75464,185.07834889645915,39.41353513312817,185.32777002527294,28.0,0.837,287.0,52.0,183.0,1046.0,22.0,259.0,116.0,322.0,22.212864003671015,127,8,54,59,239.0,-47.0,69.0,58.0,159.0,28.0,-80.0,6096.0,108.0,-7.0,8.74608906516415,62.73020832763783,
614,576.2641,179.31898044823836,41.26780808363591,179.27381853342814,28.0,0.849,284.0,52.0,183.0,1043.0,23.0,260.0,115.0,321.0,22.520142955215807,121,7,51,56,240.0,-49.0,69.0,56.0,159.0,27.0,-81.0,6151.0,108.0,-9.0,8.750636031145344,62.73020832763783,
615,572.18365,182.4648099410491,37.66815623972951,183.8994199041344,28.0,0.85285,284.0,52.0,183.0,1043.0,23.0,260.0,115.0,321.0,19.687921485452794,113,6,51,56,240.0,-49.0,69.0,56.0,159.0,27.0,-81.0,6151.0,108.0,-9.0,8.75518299712654,62.73020832763783,
616,592.8331,192.79042048810115,48.128106431066655,200.4938824709636,28.0,0.84775,283.0,52.0,184.0,1041.0,22.0,262.0,114.0,318.0,28.885787790003473,119,7,53,52,240.0,-50.0,69.0,14.0,157.0,25.0,-83.0,6132.0,106.0,-10.0,8.759729963107734,62.73020832763783,
617,626.92,190.13609610195923,74.64147237945319,198.80158642871447,28.0,0.82285,283.0,52.0,184.0,1041.0,22.0,262.0,114.0,318.0,35.00940553284951,111,11,50,50,240.0,-50.0,69.0,14.0,157.0,25.0,-83.0,6132.0,106.0,-10.0,8.764276929088929,62.73020832763783,
618,664.2611,190.23583134513976,99.71579971706787,199.7582600634296,28.0,0.81635,280.0,53.0,183.0,1035.0,22.0,263.0,113.0,315.0,42.24901055738611,117,11,50,53,240.0,-54.0,69.0,10.0,153.0,21.0,-87.0,6119.0,102.0,-14.0,8.76882389507005,62.73020832763783,
619,684.9632,187.49882106193274,87.16278612937859,194.41450874867846,28.0,0.7514,280.0,53.0,183.0,1035.0,22.0,263.0,113.0,315.0,38.63534745007841,108,12,51,54,240.0,-54.0,69.0,10.0,153.0,21.0,-87.0,6119.0,102.0,-14.0,8.773370861051243,62.73020832763783,
620,90.4749,225.89131732004245,53.67867795233323,246.03694100321093,28.0,0.82745,295.0,51.0,179.0,1048.0,23.0,252.0,120.0,328.0,39.39755256152408,133,6,55,60,232.0,-46.0,67.0,56.0,155.0,28.0,-77.0,5979.0,106.0,-7.0,8.545419778650617,62.72812499430469,
621,264.82507,247.9087580399016,68.91037398475551,254.17726187694407,28.0,0.8469,295.0,51.0,179.0,1048.0,23.0,252.0,120.0,328.0,45.50622864287317,131,10,53,59,232.0,-46.0,67.0,56.0,155.0,28.0,-77.0,5979.0,106.0,-7.0,8.549966423917079,62.72812499430469,
622,498.09534,276.2666426132134,54.457645305397136,251.92639214645308,29.0,0.83395,292.0,55.0,187.0,1059.0,22.0,265.0,117.0,323.0,40.42374177112185,132,10,55,54,230.0,-63.0,67.0,34.0,135.0,8.0,-95.0,5864.0,86.0,-24.0,8.554513069183539,62.72812499430469,
623,691.03516,254.64914128763257,61.40919011188855,252.85714980995672,28.0,0.7519,302.0,60.0,201.0,1111.0,21.0,285.0,120.0,332.0,45.90057170435405,125,22,52,55,229.0,-75.0,66.0,-20.0,121.0,-6.0,-108.0,5779.0,71.0,-37.0,8.55905971445,62.72812499430469,
624,371.83502,242.7699808575759,22.960767627884522,230.51683226489993,29.0,0.79625,288.0,52.0,184.0,1050.0,22.0,259.0,117.0,325.0,20.832264980065375,110,6,55,61,237.0,-45.0,69.0,59.0,160.0,30.0,-77.0,6065.0,110.0,-6.0,8.727285589308687,62.72812499430469,
625,429.06216,233.77771179229313,23.221349417615627,214.08177272241576,29.0,0.77575,288.0,52.0,184.0,1050.0,22.0,259.0,117.0,325.0,14.575796655986949,117,4,53,59,237.0,-45.0,69.0,59.0,160.0,30.0,-77.0,6065.0,110.0,-6.0,8.731832234575148,62.72812499430469,
626,461.33475,196.31760670283217,25.857142931345404,191.26374459617946,28.0,0.80825,287.0,52.0,183.0,1047.0,22.0,259.0,116.0,323.0,15.628595292593879,132,2,56,60,239.0,-47.0,69.0,58.0,159.0,28.0,-80.0,6103.0,109.0,-7.0,8.73637887984161,62.72812499430469,
627,464.96884,187.57743588772004,35.972309424958056,189.59693362470458,28.0,0.8441,287.0,52.0,183.0,1047.0,22.0,259.0,116.0,323.0,20.406256662145847,133,6,57,60,239.0,-47.0,69.0,58.0,159.0,28.0,-80.0,6103.0,109.0,-7.0,8.74092552510807,62.72812499430469,
628,477.82376,187.1175187229035,36.99123425208269,188.31275397132433,28.0,0.8416,287.0,52.0,183.0,1046.0,22.0,259.0,116.0,322.0,20.958385818591523,123,7,59,58,239.0,-47.0,69.0,58.0,159.0,28.0,-80.0,6096.0,108.0,-7.0,8.74547217037453,62.72812499430469,
629,490.6772,185.9923719774126,37.22257596985169,187.04910550549917,28.0,0.8388,284.0,52.0,183.0,1043.0,23.0,260.0,115.0,321.0,20.808788504197945,125,2,56,55,240.0,-49.0,69.0,56.0,159.0,27.0,-81.0,6151.0,108.0,-9.0,8.75001881564099,62.72812499430469,
630,499.0731,185.86347067935475,32.96232518334406,186.89994465170582,28.0,0.8408,284.0,52.0,183.0,1043.0,23.0,260.0,115.0,321.0,18.35130444970821,117,5,53,56,240.0,-49.0,69.0,56.0,159.0,27.0,-81.0,6151.0,108.0,-9.0,8.754565460907452,62.72812499430469,
631,498.8412,181.07693517367642,30.42338515384757,181.17907672201505,28.0,0.8385,283.0,52.0,184.0,1041.0,22.0,262.0,114.0,318.0,15.503501829446472,115,6,53,56,240.0,-50.0,69.0,14.0,157.0,25.0,-83.0,6132.0,106.0,-10.0,8.759112106173914,62.72812499430469,
632,511.136,195.6494056600828,33.20564505330838,194.63997749357029,28.0,0.84245,283.0,52.0,184.0,1041.0,22.0,262.0,114.0,318.0,16.76221066127941,122,6,51,58,240.0,-50.0,69.0,14.0,157.0,25.0,-83.0,6132.0,106.0,-10.0,8.763658751440374,62.72812499430469,
633,536.4586,192.82431328149497,33.986341259893535,195.05579632130065,28.0,0.8256,280.0,53.0,183.0,1035.0,22.0,263.0,113.0,315.0,17.27615253486241,109,7,50,55,240.0,-54.0,69.0,10.0,153.0,21.0,-87.0,6119.0,102.0,-14.0,8.768205396706762,62.72812499430469,
634,554.0998,200.90760380863836,37.34150859151588,200.57728984306027,28.0,0.7369,280.0,53.0,183.0,1035.0,22.0,263.0,113.0,315.0,19.30390232360094,108,7,54,59,240.0,-54.0,69.0,10.0,153.0,21.0,-87.0,6119.0,102.0,-14.0,8.772752041973222,62.72812499430469,
635,585.6738,196.93261072676188,38.10633839205489,199.32596751041999,28.0,0.77575,279.0,53.0,183.0,1037.0,22.0,266.0,112.0,314.0,21.25536194835528,130,7,55,53,240.0,-58.0,69.0,5.0,149.0,17.0,-91.0,6102.0,98.0,-17.0,8.777298687239682,62.72812499430469,
636,601.8783,206.763016643429,29.30325785465976,203.1055702462418,28.0,0.80075,279.0,53.0,183.0,1037.0,22.0,266.0,112.0,314.0,19.542162770299356,109,7,56,59,240.0,-58.0,69.0,5.0,149.0,17.0,-91.0,6102.0,98.0,-17.0,8.781845332506144,62.72812499430469,
637,669.346,270.5440042063658,18.395381243336963,238.41561772227385,28.0,0.802,278.0,54.0,184.0,1037.0,21.0,268.0,111.0,311.0,20.910143151512724,118,6,56,57,238.0,-60.0,69.0,1.0,145.0,14.0,-93.0,6062.0,94.0,-21.0,8.786391977772606,62.72812499430469,
638,209.18019,174.90750864433093,48.12595337085043,182.2203285095731,28.0,0.8322,347.0,48.0,168.0,1116.0,30.0,216.0,144.0,382.0,37.6162233058762,88,11,50,59,194.0,-14.0,56.0,68.0,154.0,48.0,-40.0,5082.0,115.0,20.0,7.667376443259972,62.72604166097154,
639,210.39233,156.95847016706145,65.91403573401882,138.43036281176197,28.0,0.83115,347.0,48.0,168.0,1116.0,30.0,216.0,144.0,382.0,35.65775701524779,99,12,52,57,194.0,-14.0,56.0,68.0,154.0,48.0,-40.0,5082.0,115.0,20.0,7.671922767862949,62.72604166097154,
640,120.71241,150.79687798217927,66.061322776613,128.07791696808948,28.0,0.8374,339.0,47.0,164.0,1097.0,31.0,210.0,141.0,379.0,36.76161690746543,96,13,57,55,194.0,-7.0,56.0,76.0,162.0,55.0,-32.0,5095.0,122.0,27.0,7.676469092465926,62.72604166097154,
641,135.82452,239.76733968642,57.18949193757923,254.69744953540078,28.0,0.82415,295.0,51.0,179.0,1048.0,23.0,252.0,120.0,328.0,40.24458657602085,114,9,55,58,232.0,-46.0,67.0,56.0,155.0,28.0,-77.0,5979.0,106.0,-7.0,8.54936341623594,62.72604166097154,
642,390.25497,241.22379255079855,84.48555756780867,255.0,29.0,0.83395,292.0,55.0,187.0,1059.0,22.0,265.0,117.0,323.0,55.33699428584746,117,22,52,53,230.0,-63.0,67.0,34.0,135.0,8.0,-95.0,5864.0,86.0,-24.0,8.553909740838916,62.72604166097154,
643,645.01556,263.84761017164925,56.75067897043579,254.5230672137151,28.0,0.8142,302.0,60.0,201.0,1111.0,21.0,285.0,120.0,332.0,43.85077245217262,136,18,55,53,229.0,-75.0,66.0,-20.0,121.0,-6.0,-108.0,5779.0,71.0,-37.0,8.558456065441893,62.72604166097154,
644,847.5378,251.63887090566408,63.06817630138221,233.82851712299444,28.0,0.737,302.0,60.0,201.0,1111.0,21.0,285.0,120.0,332.0,45.40154524336976,106,19,51,55,229.0,-75.0,66.0,-20.0,121.0,-6.0,-108.0,5779.0,71.0,-37.0,8.563002390044868,62.72604166097154,
645,339.0258,212.06189488906503,11.926428044884181,196.31616466558185,29.0,0.7287,288.0,52.0,184.0,1050.0,22.0,259.0,117.0,325.0,11.403613699735347,106,8,55,61,237.0,-45.0,69.0,59.0,160.0,30.0,-77.0,6065.0,110.0,-6.0,8.726670075751683,62.72604166097154,
646,384.6875,244.07714114354508,17.45281998521873,222.27100601999564,29.0,0.7086,288.0,52.0,184.0,1050.0,22.0,259.0,117.0,325.0,15.719060435126307,111,3,55,61,237.0,-45.0,69.0,59.0,160.0,30.0,-77.0,6065.0,110.0,-6.0,8.73121640035466,62.72604166097154,
647,419.2289,188.04614903514306,18.149576709098557,182.9874103404902,28.0,0.68635,287.0,52.0,183.0,1047.0,22.0,259.0,116.0,323.0,13.067450706018281,126,2,55,58,239.0,-47.0,69.0,58.0,159.0,28.0,-80.0,6103.0,109.0,-7.0,8.735762724957636,62.72604166097154,
648,406.66086,169.90276414824567,14.95237202260185,180.17792801014858,28.0,0.7433,287.0,52.0,183.0,1047.0,22.0,259.0,116.0,323.0,7.375565151948944,117,4,55,61,239.0,-47.0,69.0,58.0,159.0,28.0,-80.0,6103.0,109.0,-7.0,8.740309049560613,62.72604166097154,
649,413.03995,178.98653226575254,17.38767572442108,181.54382514096335,28.0,0.7674,287.0,52.0,183.0,1046.0,22.0,259.0,116.0,322.0,8.162545734298497,124,5,56,57,239.0,-47.0,69.0,58.0,159.0,28.0,-80.0,6096.0,108.0,-7.0,8.74485537416359,62.72604166097154,
650,412.32297,169.7904123647435,20.99888143489835,178.58833099581759,28.0,0.756,287.0,52.0,183.0,1046.0,22.0,259.0,116.0,322.0,12.032887235269023,138,4,55,57,239.0,-47.0,69.0,58.0,159.0,28.0,-80.0,6096.0,108.0,-7.0,8.749401698766569,62.72604166097154,
651,418.41006,173.95379222309498,26.03966576912603,192.5274594568569,28.0,0.7756,284.0,52.0,183.0,1043.0,23.0,260.0,115.0,321.0,15.523347695545125,124,7,54,57,240.0,-49.0,69.0,56.0,159.0,27.0,-81.0,6151.0,108.0,-9.0,8.753948023369547,62.72604166097154,
652,432.36008,188.6913475926991,27.533906625661025,187.9720066829581,28.0,0.82825,283.0,52.0,184.0,1041.0,22.0,262.0,114.0,318.0,15.67317812552378,130,6,55,53,240.0,-50.0,69.0,14.0,157.0,25.0,-83.0,6132.0,106.0,-10.0,8.758494347972524,62.72604166097154,
653,447.31873,194.51226825324207,28.474867415498075,193.45933172829206,28.0,0.8125,283.0,52.0,184.0,1041.0,22.0,262.0,114.0,318.0,16.607480132411357,99,8,55,56,240.0,-50.0,69.0,14.0,157.0,25.0,-83.0,6132.0,106.0,-10.0,8.763040672575501,62.72604166097154,
654,468.0098,195.64116095737623,30.318999512620287,196.6961836187432,28.0,0.8198,280.0,53.0,183.0,1035.0,22.0,263.0,113.0,315.0,19.524898069333485,119,7,56,55,240.0,-54.0,69.0,10.0,153.0,21.0,-87.0,6119.0,102.0,-14.0,8.767586997178405,62.72604166097154,
655,487.05356,202.50752275183427,26.44003601525474,196.93850456316142,28.0,0.79,280.0,53.0,183.0,1035.0,22.0,263.0,113.0,315.0,16.836193321889297,112,7,55,58,240.0,-54.0,69.0,10.0,153.0,21.0,-87.0,6119.0,102.0,-14.0,8.772133321781382,62.72604166097154,
656,517.4818,224.73704803302743,27.94633177060209,207.08980680961307,28.0,0.8188,279.0,53.0,183.0,1037.0,22.0,266.0,112.0,314.0,22.89258701578631,129,2,56,55,240.0,-58.0,69.0,5.0,149.0,17.0,-91.0,6102.0,98.0,-17.0,8.776679646384357,62.72604166097154,
657,594.59894,304.7971322829363,49.96048510580615,234.82283917364592,28.0,0.81535,279.0,53.0,183.0,1037.0,22.0,266.0,112.0,314.0,33.62705658005648,106,2,55,58,240.0,-58.0,69.0,5.0,149.0,17.0,-91.0,6102.0,98.0,-17.0,8.781225970987334,62.72604166097154,
658,686.8091,303.2253076410782,38.71941701173175,229.8892345743038,28.0,0.806,278.0,54.0,184.0,1037.0,21.0,268.0,111.0,311.0,26.91954824090438,144,7,53,58,238.0,-60.0,69.0,1.0,145.0,14.0,-93.0,6062.0,94.0,-21.0,8.785772295590313,62.72604166097154,
659,232.07617,151.67506366963096,72.83484481856341,125.88352907352049,28.0,0.79375,331.0,46.0,161.0,1080.0,31.0,206.0,138.0,375.0,39.21773336499385,91,11,52,60,194.0,2.0,56.0,85.0,170.0,64.0,-24.0,5053.0,130.0,36.0,7.662289726716746,62.7239583276384,
660,217.6945,250.5979691525941,74.3262968203424,255.0,28.0,0.80035,290.0,51.0,178.0,1037.0,23.0,252.0,118.0,324.0,50.423893035742275,102,21,53,55,232.0,-49.0,67.0,51.0,151.0,23.0,-81.0,5965.0,102.0,-11.0,8.553306508898498,62.7239583276384,
661,515.18726,262.40094369207134,68.83848612325473,249.7428373589207,28.0,0.7932,290.0,51.0,178.0,1037.0,23.0,252.0,118.0,324.0,50.13977313561872,114,5,52,54,232.0,-49.0,67.0,51.0,151.0,23.0,-81.0,5965.0,102.0,-11.0,8.557852512889228,62.7239583276384,
662,794.4905,248.5064192424818,75.11299321960341,254.77892238267597,29.0,0.7332,291.0,56.0,189.0,1063.0,21.0,269.0,116.0,322.0,54.31340911248056,105,13,56,53,231.0,-65.0,67.0,31.0,133.0,5.0,-98.0,5849.0,83.0,-27.0,8.562398516879961,62.7239583276384,
663,682.8367,60.13136817106252,37.602910025668514,101.69381246969185,28.0,0.7861,284.0,52.0,181.0,1036.0,22.0,258.0,115.0,319.0,30.320808657711513,106,4,55,56,237.0,-50.0,68.0,53.0,154.0,24.0,-83.0,6043.0,104.0,-11.0,8.689686628620148,62.7239583276384,
664,577.8367,63.61203168905766,25.978589987099873,120.71413288489701,29.0,0.8328,287.0,51.0,181.0,1041.0,23.0,256.0,116.0,322.0,21.87288650301855,119,9,55,54,237.0,-46.0,69.0,58.0,159.0,29.0,-78.0,6080.0,109.0,-7.0,8.69423263261088,62.7239583276384,
665,357.6593,185.33246144714732,33.872506324366796,181.55167548502448,28.0,0.7631,288.0,51.0,183.0,1050.0,23.0,259.0,117.0,325.0,20.676202890435476,105,5,56,59,239.0,-43.0,69.0,62.0,163.0,32.0,-76.0,6115.0,113.0,-3.0,8.726054660545929,62.7239583276384,
666,370.92136,214.0749954695715,16.224837597711957,191.71332497449828,28.0,0.7315,288.0,51.0,183.0,1050.0,23.0,259.0,117.0,325.0,14.829033697058057,123,4,54,62,239.0,-43.0,69.0,62.0,163.0,32.0,-76.0,6115.0,113.0,-3.0,8.73060066453666,62.7239583276384,
667,391.3814,242.4697539944975,9.67896881724695,201.3745507999831,28.0,0.7001,288.0,51.0,183.0,1050.0,23.0,259.0,117.0,325.0,10.059331299925494,132,6,56,59,239.0,-42.0,69.0,63.0,164.0,33.0,-75.0,6119.0,113.0,-3.0,8.73514666852739,62.7239583276384,
668,412.45032,230.71535316136732,13.73326019689046,198.76059288613814,28.0,0.7874,287.0,51.0,183.0,1049.0,23.0,259.0,116.0,324.0,9.099029717002997,126,8,54,57,240.0,-44.0,69.0,62.0,163.0,32.0,-77.0,6151.0,113.0,-4.0,8.766968696462438,62.7239583276384,
669,437.27985,219.4922578710587,17.80294478025804,205.03535675806026,28.0,0.8121,287.0,51.0,183.0,1049.0,23.0,259.0,116.0,324.0,12.386479424157947,122,4,55,57,240.0,-44.0,69.0,62.0,163.0,32.0,-77.0,6151.0,113.0,-4.0,8.771514700453169,62.7239583276384,
670,489.05197,226.0868060234074,31.192740275102658,227.44133497763855,28.0,0.8256,284.0,52.0,183.0,1042.0,23.0,259.0,115.0,321.0,22.967401823505845,123,9,55,57,241.0,-47.0,69.0,59.0,161.0,29.0,-80.0,6151.0,110.0,-7.0,8.7760607044439,62.7239583276384,
671,593.4263,228.4815554007021,67.43185874675278,238.05659672969554,28.0,0.7936,284.0,52.0,183.0,1042.0,23.0,259.0,115.0,321.0,39.287409662558254,131,4,56,57,241.0,-47.0,69.0,59.0,161.0,29.0,-80.0,6151.0,110.0,-7.0,8.78060670843463,62.7239583276384,
672,259.51874,204.33573604286156,55.1300246177934,191.24488064240788,29.0,0.8407,336.0,46.0,162.0,1091.0,31.0,207.0,140.0,379.0,33.50885769772711,117,9,54,58,193.0,-1.0,56.0,82.0,166.0,61.0,-27.0,5055.0,127.0,33.0,7.648112370829298,62.721874994305246,
673,225.35976,157.2183861392324,81.21209645774073,131.27694047370758,29.0,0.83385,332.0,46.0,161.0,1082.0,31.0,206.0,139.0,377.0,44.88472476193965,103,8,49,59,193.0,2.0,56.0,85.0,169.0,64.0,-24.0,5045.0,130.0,36.0,7.65265805425901,62.721874994305246,
674,135.22781,159.78897283669897,78.21143299302094,142.355636708827,29.0,0.803,332.0,46.0,161.0,1082.0,31.0,206.0,139.0,377.0,38.053826878794276,106,7,52,62,193.0,2.0,56.0,85.0,169.0,64.0,-24.0,5045.0,130.0,36.0,7.657203737688648,62.721874994305246,
675,88.46692,246.7388062690218,56.809185973323096,253.17493195536414,28.0,0.79135,290.0,51.0,178.0,1037.0,23.0,252.0,118.0,324.0,45.197229251715925,138,15,61,54,232.0,-49.0,67.0,51.0,151.0,23.0,-81.0,5965.0,102.0,-11.0,8.552703373340291,62.721874994305246,
676,419.9747,250.8835757548132,92.88478881581787,250.07409459388128,28.0,0.7717,290.0,51.0,178.0,1037.0,23.0,252.0,118.0,324.0,57.55875150097461,129,14,57,52,232.0,-49.0,67.0,51.0,151.0,23.0,-81.0,5965.0,102.0,-11.0,8.557249056770004,62.721874994305246,
677,681.95605,257.638545347964,66.39362056956128,252.43607755739555,29.0,0.7426,291.0,56.0,189.0,1063.0,21.0,269.0,116.0,322.0,44.79607052768197,109,14,53,52,231.0,-65.0,67.0,31.0,133.0,5.0,-98.0,5849.0,83.0,-27.0,8.561794740199716,62.721874994305246,
678,639.5793,67.61749382601438,32.904787431758976,97.62814971687301,29.0,0.828,287.0,51.0,181.0,1041.0,23.0,256.0,116.0,322.0,29.935782780543306,125,12,55,56,237.0,-46.0,69.0,58.0,159.0,29.0,-78.0,6080.0,109.0,-7.0,8.69361955966107,62.721874994305246,
679,546.7843,62.80112402938202,18.014364341058343,134.99093044813335,29.0,0.83195,287.0,51.0,181.0,1041.0,23.0,256.0,116.0,322.0,16.479503511246065,123,8,53,57,237.0,-46.0,69.0,58.0,159.0,29.0,-78.0,6080.0,109.0,-7.0,8.698165243090783,62.721874994305246,
680,479.28345,64.19151181336296,20.296326770020958,128.70006306097417,28.0,0.814,288.0,51.0,181.0,1045.0,23.0,256.0,117.0,325.0,18.93993416560024,137,20,54,60,238.0,-44.0,69.0,60.0,161.0,31.0,-77.0,6067.0,111.0,-4.0,8.702710926520494,62.721874994305246,
681,457.88745,79.96416256138043,35.820704641351014,151.2113657673227,28.0,0.8134,288.0,51.0,183.0,1050.0,23.0,259.0,117.0,325.0,21.60667754957453,110,5,54,60,239.0,-43.0,69.0,62.0,163.0,32.0,-76.0,6115.0,113.0,-3.0,8.725439343668981,62.721874994305246,
682,418.178,65.93996617976838,24.921795337780445,155.06636221446144,28.0,0.7746,288.0,51.0,183.0,1050.0,23.0,259.0,117.0,325.0,16.45233772072899,120,7,57,62,239.0,-43.0,69.0,62.0,163.0,32.0,-76.0,6115.0,113.0,-3.0,8.729985027098692,62.721874994305246,
683,395.7132,154.31391744626484,16.27352005919636,185.26790805634647,28.0,0.718,288.0,51.0,183.0,1050.0,23.0,259.0,117.0,325.0,12.498956017682366,124,8,57,59,239.0,-42.0,69.0,63.0,164.0,33.0,-75.0,6119.0,113.0,-3.0,8.734530710528405,62.721874994305246,
684,411.39157,159.47529996272897,10.536188177970647,182.27907891946512,28.0,0.7144,288.0,51.0,183.0,1050.0,23.0,259.0,117.0,325.0,9.526562279287322,120,19,57,58,239.0,-42.0,69.0,63.0,164.0,33.0,-75.0,6119.0,113.0,-3.0,8.739076393958115,62.721874994305246,
685,404.47488,198.32625296013637,8.019793704469722,185.2128780548523,28.0,0.7743,287.0,51.0,183.0,1049.0,23.0,259.0,116.0,324.0,4.33611584790857,131,12,54,58,240.0,-44.0,69.0,62.0,163.0,32.0,-77.0,6151.0,113.0,-4.0,8.770896177966025,62.721874994305246,
686,463.4034,225.04120077581305,32.7088603354049,219.54178910315792,28.0,0.8211,284.0,52.0,183.0,1042.0,23.0,259.0,115.0,321.0,19.390660933714145,128,5,57,59,241.0,-47.0,69.0,59.0,161.0,29.0,-80.0,6151.0,110.0,-7.0,8.779987544825449,62.721874994305246,
687,518.2658,215.1764023034166,54.02677371253625,225.10118397990985,28.0,0.8201,278.0,53.0,183.0,1033.0,22.0,263.0,112.0,314.0,26.69014659214042,133,6,57,60,240.0,-54.0,69.0,10.0,153.0,21.0,-87.0,6123.0,102.0,-14.0,8.784533228255162,62.721874994305246,
688,181.88892,226.64983136673663,23.658098155740724,199.05748802470023,29.0,0.78705,343.0,47.0,166.0,1108.0,31.0,212.0,143.0,383.0,20.361967394037254,139,8,50,58,192.0,-6.0,56.0,75.0,160.0,55.0,-32.0,5043.0,121.0,27.0,7.638482387242691,62.719791660972106,
689,166.42989,179.2708050709775,42.08157497135646,149.99363810820103,29.0,0.83155,336.0,46.0,162.0,1091.0,31.0,207.0,140.0,379.0,27.216398955262502,119,12,51,61,193.0,-1.0,56.0,82.0,166.0,61.0,-27.0,5055.0,127.0,33.0,7.643027750162599,62.719791660972106,
690,107.84099,155.6444075411835,60.37200146111863,140.05480382339053,29.0,0.8476,336.0,46.0,162.0,1091.0,31.0,207.0,140.0,379.0,33.302210426332046,73,5,52,57,193.0,-1.0,56.0,82.0,166.0,61.0,-27.0,5055.0,127.0,33.0,7.647573113082504,62.719791660972106,
691,219.4311,250.9502063382074,82.8884526466692,253.34726254101443,28.0,0.77255,290.0,51.0,178.0,1037.0,23.0,252.0,118.0,324.0,52.82620033489286,124,15,57,53,232.0,-49.0,67.0,51.0,151.0,23.0,-81.0,5965.0,102.0,-11.0,8.556645697062228,62.719791660972106,
692,578.92554,89.34745655635658,19.572331779022527,118.21014157129268,29.0,0.8314,287.0,51.0,181.0,1041.0,23.0,256.0,116.0,322.0,21.53540523907408,121,11,57,56,237.0,-46.0,69.0,58.0,159.0,29.0,-78.0,6080.0,109.0,-7.0,8.697551947579054,62.719791660972106,
693,519.3952,123.40700320715983,24.146002833753922,153.820360110116,28.0,0.8049,288.0,51.0,181.0,1045.0,23.0,256.0,117.0,325.0,20.793114534066937,142,20,54,58,238.0,-44.0,69.0,60.0,161.0,31.0,-77.0,6067.0,111.0,-4.0,8.702097310498962,62.719791660972106,
694,495.04596,101.27047659847229,34.92645571519051,167.34443026852986,28.0,0.8118,288.0,51.0,181.0,1045.0,23.0,256.0,117.0,325.0,19.54793846985601,133,20,53,56,238.0,-44.0,69.0,60.0,161.0,31.0,-77.0,6067.0,111.0,-4.0,8.706642673418868,62.719791660972106,
695,475.3428,95.11291418512195,35.805823569953446,166.98222199948052,28.0,0.8017,287.0,51.0,181.0,1042.0,23.0,257.0,116.0,322.0,20.985624982968908,121,5,51,58,237.0,-46.0,68.0,58.0,159.0,29.0,-78.0,6059.0,109.0,-7.0,8.711188036338774,62.719791660972106,
696,483.84912,290.424787928576,28.412111562394117,215.69727262406866,28.0,0.7959,287.0,51.0,181.0,1042.0,23.0,257.0,116.0,322.0,20.62552900590371,127,2,52,61,237.0,-46.0,68.0,58.0,159.0,29.0,-78.0,6059.0,109.0,-7.0,8.715733399258681,62.719791660972106,
697,523.85223,50.15573113915293,29.113163339373987,158.63534857385525,28.0,0.7827,288.0,51.0,181.0,1047.0,23.0,258.0,117.0,325.0,18.214957720609416,123,7,51,60,238.0,-44.0,69.0,61.0,162.0,31.0,-76.0,6088.0,111.0,-4.0,8.724824125098422,62.719791660972106,
698,485.72137,47.169663763418825,35.43199145208645,153.66415938635205,28.0,0.81305,288.0,51.0,183.0,1050.0,23.0,259.0,117.0,325.0,21.352583376190218,122,20,55,61,239.0,-43.0,69.0,62.0,163.0,32.0,-76.0,6115.0,113.0,-3.0,8.72936948801833,62.719791660972106,
699,452.3816,75.40518946403051,31.971176754632932,161.08834036746262,28.0,0.8252,288.0,51.0,183.0,1050.0,23.0,259.0,117.0,325.0,19.241289399264677,125,18,55,59,239.0,-42.0,69.0,63.0,164.0,33.0,-75.0,6119.0,113.0,-3.0,8.733914850938238,62.719791660972106,
700,444.39606,227.5826213890566,22.14983004423995,188.3894299543384,28.0,0.8,288.0,51.0,183.0,1050.0,23.0,259.0,117.0,325.0,15.180801160115209,127,19,55,56,239.0,-42.0,69.0,63.0,164.0,33.0,-75.0,6119.0,113.0,-3.0,8.738460213858144,62.719791660972106,
701,441.2104,169.08493472811796,21.151404427224556,173.26057159386778,28.0,0.7852,288.0,51.0,183.0,1051.0,23.0,259.0,117.0,326.0,13.630589645723463,109,18,55,54,239.0,-42.0,69.0,63.0,164.0,33.0,-75.0,6108.0,114.0,-2.0,8.743005576778051,62.719791660972106,
702,411.86414,193.10892620904033,15.942647329967453,198.85056506730595,28.0,0.78575,284.0,52.0,183.0,1042.0,23.0,259.0,115.0,321.0,10.20721703230597,140,6,57,58,241.0,-47.0,69.0,59.0,161.0,29.0,-80.0,6151.0,110.0,-7.0,8.779368480137233,62.719791660972106,
703,441.72314,210.1998703192842,25.008741419141266,205.36518518611751,28.0,0.8191,278.0,53.0,183.0,1033.0,22.0,263.0,112.0,314.0,17.030084796566943,152,8,55,60,240.0,-54.0,69.0,10.0,153.0,21.0,-87.0,6123.0,102.0,-14.0,8.783913843057142,62.719791660972106,
704,478.13614,206.2006163363568,34.15547269376966,206.56974670845784,28.0,0.84145,278.0,53.0,183.0,1033.0,22.0,263.0,112.0,314.0,19.619511732510176,148,5,58,61,240.0,-54.0,69.0,10.0,153.0,21.0,-87.0,6123.0,102.0,-14.0,8.788459205977048,62.719791660972106,
705,533.676,212.23249372518336,50.35133084858958,225.40193942960695,28.0,0.84125,277.0,56.0,186.0,1043.0,21.0,273.0,110.0,310.0,28.30170216441283,134,5,59,59,238.0,-68.0,68.0,-8.0,137.0,5.0,-101.0,6044.0,86.0,-29.0,8.793004568896956,62.719791660972106,
706,631.55475,219.07855125733496,78.14468267248643,247.48824391837582,28.0,0.81175,277.0,56.0,186.0,1043.0,21.0,273.0,110.0,310.0,42.961053553023056,127,5,58,59,238.0,-68.0,68.0,-8.0,137.0,5.0,-101.0,6044.0,86.0,-29.0,8.797549931816862,62.719791660972106,
707,105.96805,165.7012612323054,48.682813336991615,155.35375198548923,29.0,0.7972,343.0,47.0,166.0,1108.0,31.0,212.0,143.0,383.0,29.89314328140147,115,11,54,56,192.0,-6.0,56.0,75.0,160.0,55.0,-32.0,5043.0,121.0,27.0,7.6379438565619795,62.71770832763895,
708,8.125183,130.61005857213974,6.7428297516004765,162.5317917730779,29.0,0.77855,323.0,48.0,178.0,1103.0,26.0,241.0,133.0,362.0,7.220313743408265,108,3,54,62,226.0,-15.0,66.0,87.0,181.0,58.0,-45.0,5848.0,135.0,23.0,8.419691159904978,62.71770832763895,
709,108.63533,251.5626030817325,55.43294491056693,250.9318364290876,28.0,0.7954,290.0,51.0,178.0,1037.0,23.0,252.0,118.0,324.0,48.66398315842368,86,15,56,62,232.0,-49.0,67.0,51.0,151.0,23.0,-81.0,5965.0,102.0,-11.0,8.556042433743908,62.71770832763895,
710,407.01917,242.30212302655198,80.01811559180601,251.26906219796214,29.0,0.78915,291.0,56.0,189.0,1063.0,21.0,269.0,116.0,322.0,54.00479518685577,129,16,52,53,231.0,-65.0,67.0,31.0,133.0,5.0,-98.0,5849.0,83.0,-27.0,8.560587476205214,62.71770832763895,
711,710.3245,102.56753417101477,26.68968878270322,95.30805589474357,29.0,0.8276,287.0,51.0,181.0,1041.0,23.0,256.0,116.0,322.0,28.94947027143001,130,8,56,58,237.0,-46.0,69.0,58.0,159.0,29.0,-78.0,6080.0,109.0,-7.0,8.692393707582768,62.71770832763895,
712,601.6451,81.8502748785371,18.199945462017936,127.2182221886782,29.0,0.8058,287.0,51.0,181.0,1041.0,23.0,256.0,116.0,322.0,19.189313038772685,127,4,56,59,237.0,-46.0,69.0,58.0,159.0,29.0,-78.0,6080.0,109.0,-7.0,8.696938750044072,62.71770832763895,
713,579.4701,235.75145335498487,21.960301195630713,194.14566805811504,28.0,0.7848,288.0,51.0,181.0,1045.0,23.0,256.0,117.0,325.0,14.96079709284353,129,14,55,58,238.0,-44.0,69.0,60.0,161.0,31.0,-77.0,6067.0,111.0,-4.0,8.701483792505378,62.71770832763895,
714,596.23566,183.36145373705128,42.369138499770976,183.07969169350437,28.0,0.7994,288.0,51.0,181.0,1045.0,23.0,256.0,117.0,325.0,26.331774838579776,137,17,52,59,238.0,-44.0,69.0,60.0,161.0,31.0,-77.0,6067.0,111.0,-4.0,8.706028834966682,62.71770832763895,
715,581.0613,83.95917500036565,51.77503077247253,163.8580395381399,28.0,0.7913,287.0,51.0,181.0,1042.0,23.0,257.0,116.0,322.0,29.217855969159547,136,19,50,59,237.0,-46.0,68.0,58.0,159.0,29.0,-78.0,6059.0,109.0,-7.0,8.710573877427986,62.71770832763895,
716,585.2195,185.6257289123613,37.40532821032987,190.9435777373911,28.0,0.7175,288.0,51.0,181.0,1047.0,23.0,258.0,117.0,325.0,20.14145365525225,129,19,54,59,238.0,-44.0,69.0,61.0,162.0,31.0,-76.0,6088.0,111.0,-4.0,8.719663962350598,62.71770832763895,
717,536.0157,85.95397396566288,36.19376128395049,142.0087807848577,28.0,0.831,288.0,51.0,183.0,1050.0,23.0,259.0,117.0,325.0,23.255009554376635,113,5,52,56,239.0,-43.0,69.0,62.0,163.0,32.0,-76.0,6115.0,113.0,-3.0,8.73329908973444,62.71770832763895,
718,499.5474,62.98809753547182,30.154820332482426,163.20002892374268,28.0,0.8263,288.0,51.0,183.0,1050.0,23.0,259.0,117.0,325.0,15.204008889131543,101,8,55,59,239.0,-42.0,69.0,63.0,164.0,33.0,-75.0,6119.0,113.0,-3.0,8.737844132195743,62.71770832763895,
719,484.06467,123.05111026379133,28.652737786400944,172.1106719983445,28.0,0.8037,288.0,51.0,183.0,1051.0,23.0,259.0,117.0,326.0,17.052925044151102,106,17,55,57,239.0,-42.0,69.0,63.0,164.0,33.0,-75.0,6108.0,114.0,-2.0,8.742389174657049,62.71770832763895,
720,467.1832,53.13772999903798,25.6888274824902,163.67499951125527,28.0,0.77715,288.0,51.0,183.0,1051.0,23.0,259.0,117.0,326.0,17.69429876662857,102,0,53,55,239.0,-42.0,69.0,63.0,164.0,33.0,-75.0,6108.0,114.0,-2.0,8.746934217118353,62.71770832763895,
721,422.71106,64.18917242170488,16.05178011383508,160.046829243328,28.0,0.7882,288.0,51.0,183.0,1050.0,23.0,259.0,117.0,325.0,8.838785353767372,123,21,55,60,241.0,-43.0,69.0,63.0,165.0,33.0,-76.0,6153.0,114.0,-2.0,8.760569344502269,62.71770832763895,
722,410.6732,177.73985394287925,6.569624688044141,179.06891417156885,28.0,0.78145,287.0,51.0,183.0,1049.0,23.0,259.0,116.0,324.0,1.9886147084027443,105,23,58,58,240.0,-44.0,69.0,62.0,163.0,32.0,-77.0,6151.0,113.0,-4.0,8.769659429424806,62.71770832763895,
723,414.97272,179.7426474511485,6.93877741243057,183.7471529286553,28.0,0.7995,287.0,51.0,183.0,1049.0,23.0,259.0,116.0,324.0,4.51463633781207,133,10,55,59,240.0,-44.0,69.0,62.0,163.0,32.0,-77.0,6151.0,113.0,-4.0,8.77420447188611,62.71770832763895,
724,418.00958,192.49592784236134,16.348478890703387,194.48206718746195,28.0,0.80365,278.0,53.0,183.0,1033.0,22.0,263.0,112.0,314.0,9.686259347222853,139,4,60,60,240.0,-54.0,69.0,10.0,153.0,21.0,-87.0,6123.0,102.0,-14.0,8.787839599270026,62.71770832763895,
725,445.9832,215.79225537333636,24.997613901866313,208.21218066945272,28.0,0.83865,277.0,56.0,186.0,1043.0,21.0,273.0,110.0,310.0,16.047762263599587,132,6,58,60,238.0,-68.0,68.0,-8.0,137.0,5.0,-101.0,6044.0,86.0,-29.0,8.792384641731331,62.71770832763895,
726,498.50983,214.91320867478052,40.19171257474318,223.57917939476397,28.0,0.84595,277.0,56.0,186.0,1043.0,21.0,273.0,110.0,310.0,24.630222151448432,132,6,58,61,238.0,-68.0,68.0,-8.0,137.0,5.0,-101.0,6044.0,86.0,-29.0,8.796929684192637,62.71770832763895,
727,307.564,265.19256742866776,60.805354488131364,255.0,28.0,0.84985,291.0,50.0,176.0,1036.0,23.0,249.0,119.0,325.0,51.683442249226786,127,25,57,55,234.0,-45.0,67.0,57.0,157.0,29.0,-77.0,5994.0,108.0,-6.0,8.559983988846964,62.71562499430581,
728,513.33075,213.0423425371366,60.480419720865,226.9231637369339,28.0,0.84355,291.0,50.0,176.0,1036.0,23.0,249.0,119.0,325.0,35.77554641826926,105,8,55,52,234.0,-45.0,67.0,57.0,157.0,29.0,-77.0,5994.0,108.0,-6.0,8.564528710900786,62.71562499430581,
729,691.232,103.96145285409278,24.89294461748201,102.49737491993298,28.0,0.8086,280.0,53.0,182.0,1030.0,22.0,261.0,113.0,314.0,26.83375094044546,125,4,57,58,238.0,-57.0,68.0,5.0,148.0,17.0,-90.0,6061.0,97.0,-18.0,8.691780928409607,62.71562499430581,
730,613.9426,74.3306700691149,10.857516583909891,154.89456123557787,28.0,0.8041,280.0,53.0,182.0,1030.0,22.0,261.0,113.0,314.0,9.001358446988748,119,2,58,58,238.0,-57.0,68.0,5.0,148.0,17.0,-90.0,6061.0,97.0,-18.0,8.6963256504635,62.71562499430581,
731,656.443,293.54576715031885,25.28511865249857,232.61400615440047,28.0,0.79225,280.0,56.0,187.0,1045.0,21.0,271.0,112.0,313.0,20.955123489127907,107,1,53,56,236.0,-67.0,68.0,-8.0,136.0,6.0,-100.0,6016.0,86.0,-28.0,8.705415094571288,62.71562499430581,
732,670.1209,57.973354921970795,41.3598664905484,158.61897330687225,28.0,0.7033,278.0,54.0,184.0,1034.0,21.0,266.0,111.0,311.0,21.529997155402732,133,4,53,59,238.0,-62.0,69.0,-1.0,143.0,11.0,-95.0,6065.0,92.0,-23.0,8.728138704840685,62.71562499430581,
733,601.58655,62.729790629106176,55.60356093238271,167.10652673196338,28.0,0.82405,277.0,54.0,183.0,1031.0,22.0,265.0,111.0,311.0,30.796602363384586,121,8,56,60,239.0,-60.0,69.0,2.0,145.0,14.0,-94.0,6067.0,94.0,-20.0,8.737228148948473,62.71562499430581,
734,581.69525,46.961185769328516,52.727949679578145,165.86228561064053,28.0,0.8157,278.0,53.0,181.0,1028.0,22.0,263.0,112.0,312.0,27.6433981746405,102,7,56,58,240.0,-57.0,69.0,6.0,150.0,18.0,-90.0,6124.0,99.0,-17.0,8.741772871002368,62.71562499430581,
735,562.38464,77.46200408372276,51.50903519773159,164.40119115059645,28.0,0.8183,278.0,53.0,181.0,1028.0,22.0,263.0,112.0,312.0,28.284120309136927,121,3,53,57,240.0,-57.0,69.0,6.0,150.0,18.0,-90.0,6124.0,99.0,-17.0,8.746317593056261,62.71562499430581,
736,534.2144,26.669347633013633,51.37903681031791,159.56631431757714,28.0,0.836,279.0,52.0,182.0,1029.0,22.0,260.0,112.0,313.0,28.648682543078603,102,16,53,57,240.0,-54.0,69.0,10.0,153.0,21.0,-87.0,6119.0,102.0,-14.0,8.750862315110158,62.71562499430581,
737,509.16327,94.03954506499834,45.20381807332687,170.32765400703798,28.0,0.8232,279.0,52.0,182.0,1029.0,22.0,260.0,112.0,313.0,25.13693440194076,101,4,59,57,240.0,-54.0,69.0,10.0,153.0,21.0,-87.0,6119.0,102.0,-14.0,8.755407037164053,62.71562499430581,
738,490.30154,53.283523476662076,43.514878682290394,161.13771655558097,28.0,0.8355,279.0,52.0,182.0,1030.0,22.0,260.0,112.0,314.0,25.409321872474834,101,20,54,60,240.0,-53.0,69.0,11.0,154.0,22.0,-86.0,6132.0,103.0,-13.0,8.759951759217946,62.71562499430581,
739,461.8421,48.625601278207306,37.98055916122331,160.72126896937306,28.0,0.82305,279.0,52.0,182.0,1030.0,22.0,260.0,112.0,314.0,25.216570728314114,111,19,55,58,240.0,-53.0,69.0,11.0,154.0,22.0,-86.0,6132.0,103.0,-13.0,8.764496481271767,62.71562499430581,
740,445.2305,143.18331358113463,25.44996896465607,169.1940369298947,28.0,0.8209,277.0,52.0,181.0,1027.0,22.0,261.0,112.0,313.0,16.556736786873575,122,22,54,57,241.0,-54.0,69.0,10.0,154.0,21.0,-87.0,6170.0,103.0,-14.0,8.769041203325662,62.71562499430581,
741,437.28958,205.76140340096143,25.112568957879056,186.45340823771062,28.0,0.8226,277.0,52.0,181.0,1027.0,22.0,261.0,112.0,313.0,11.532990431127052,130,22,56,60,241.0,-54.0,69.0,10.0,154.0,21.0,-87.0,6170.0,103.0,-14.0,8.773585925379555,62.71562499430581,
742,465.55353,73.57723244325311,26.911282566603663,158.2766962014876,28.0,0.8049,280.0,52.0,182.0,1032.0,22.0,259.0,113.0,316.0,16.39960294083761,124,18,56,59,242.0,-50.0,69.0,16.0,159.0,26.0,-83.0,6208.0,108.0,-10.0,8.782675369487345,62.71562499430581,
743,438.66116,51.40898781219228,22.583889783165954,162.6740108058845,28.0,0.80105,283.0,51.0,182.0,1040.0,23.0,259.0,115.0,321.0,14.565887528659843,137,3,56,59,242.0,-46.0,70.0,61.0,163.0,31.0,-79.0,6183.0,112.0,-6.0,8.787220091541238,62.71562499430581,
744,458.16663,212.91038860349357,31.4422686580111,211.35569927565604,28.0,0.8385,280.0,52.0,183.0,1036.0,22.0,261.0,113.0,317.0,20.183408893548368,127,1,57,61,242.0,-48.0,70.0,18.0,161.0,28.0,-81.0,6197.0,110.0,-8.0,8.800854257702847,62.71562499430581,
745,526.647,214.99051347398344,55.3352772447908,233.83480877355623,28.0,0.80455,280.0,52.0,183.0,1036.0,22.0,261.0,113.0,317.0,31.727308740020142,126,2,58,62,242.0,-48.0,70.0,18.0,161.0,28.0,-81.0,6197.0,110.0,-8.0,8.80539897975674,62.71562499430581,
746,220.917,247.06517358255465,58.54602478569806,245.62319244226023,28.0,0.8559,291.0,50.0,176.0,1036.0,23.0,249.0,119.0,325.0,46.44416493897807,136,16,55,58,234.0,-45.0,67.0,57.0,157.0,29.0,-77.0,5994.0,108.0,-6.0,8.559380597885397,62.71354166097266,
747,373.27368,235.5400011016827,52.48280205156447,222.21266260031044,28.0,0.8651,291.0,50.0,176.0,1036.0,23.0,249.0,119.0,325.0,46.22468832049698,105,10,55,59,234.0,-45.0,67.0,57.0,157.0,29.0,-77.0,5994.0,108.0,-6.0,8.563924999582989,62.71354166097266,
748,530.4651,271.6543294005559,37.971715416238276,254.85614174682698,28.0,0.8392,286.0,53.0,182.0,1038.0,22.0,258.0,115.0,318.0,39.508740923755624,104,10,57,55,233.0,-56.0,67.0,44.0,145.0,16.0,-88.0,5969.0,95.0,-18.0,8.56846940128065,62.71354166097266,
749,700.607,254.56234574088595,47.13765085360863,254.3566689158624,28.0,0.8286,286.0,53.0,182.0,1038.0,22.0,258.0,115.0,318.0,39.96550146388592,109,9,57,55,233.0,-56.0,67.0,44.0,145.0,16.0,-88.0,5969.0,95.0,-18.0,8.573013802978315,62.71354166097266,
750,696.4334,88.11165146562591,18.74981460692666,115.32408443721671,28.0,0.7966,281.0,52.0,182.0,1029.0,22.0,259.0,113.0,314.0,21.539794833139386,127,4,53,57,237.0,-53.0,68.0,9.0,151.0,20.0,-86.0,6061.0,101.0,-15.0,8.691168247117332,62.71354166097266,
751,632.96655,73.07367715793758,12.079385181048208,161.2727886845206,28.0,0.7755,280.0,53.0,182.0,1030.0,22.0,261.0,113.0,314.0,9.810031492621444,124,1,56,58,238.0,-57.0,68.0,5.0,148.0,17.0,-90.0,6061.0,97.0,-18.0,8.695712648814997,62.71354166097266,
752,631.6198,219.44283729226183,20.041941895617608,197.03120259899023,28.0,0.77605,280.0,56.0,187.0,1045.0,21.0,271.0,112.0,313.0,12.860417521077006,113,0,53,59,236.0,-67.0,68.0,-8.0,136.0,6.0,-100.0,6016.0,86.0,-28.0,8.700257050512658,62.71354166097266,
753,692.38434,302.0776509116951,29.6654136552933,242.46384299041787,28.0,0.76,280.0,56.0,187.0,1045.0,21.0,271.0,112.0,313.0,24.97643259142912,112,1,53,56,236.0,-67.0,68.0,-8.0,136.0,6.0,-100.0,6016.0,86.0,-28.0,8.70480145221032,62.71354166097266,
754,785.7762,306.7670858950329,40.75515284156983,246.19790546180712,28.0,0.6783,282.0,56.0,187.0,1051.0,21.0,274.0,112.0,313.0,29.27702593052462,125,0,55,52,236.0,-69.0,68.0,-10.0,134.0,3.0,-102.0,5976.0,83.0,-30.0,8.709345853907985,62.71354166097266,
755,565.57117,28.556457935591595,42.67290952383928,144.1607397403481,28.0,0.8033,279.0,52.0,182.0,1030.0,22.0,260.0,112.0,314.0,24.739980963289483,141,20,56,58,240.0,-53.0,69.0,11.0,154.0,22.0,-86.0,6132.0,103.0,-13.0,8.763878674279795,62.71354166097266,
756,529.9206,78.35116471158966,46.71667364261094,163.29663281742316,28.0,0.7974,277.0,52.0,181.0,1027.0,22.0,261.0,112.0,313.0,27.070497441580464,140,19,54,58,241.0,-54.0,69.0,10.0,154.0,21.0,-87.0,6170.0,103.0,-14.0,8.768423075977456,62.71354166097266,
757,531.2866,327.07253287819674,52.44865901162381,210.46340445541506,28.0,0.8257,277.0,52.0,181.0,1027.0,22.0,261.0,112.0,313.0,31.198277053452365,126,20,54,59,241.0,-54.0,69.0,10.0,154.0,21.0,-87.0,6170.0,103.0,-14.0,8.772967477675119,62.71354166097266,
758,563.23883,181.62798918770153,50.667373288803525,176.3420349067991,28.0,0.809,280.0,52.0,182.0,1032.0,22.0,259.0,113.0,316.0,28.378791707421346,117,19,55,58,242.0,-50.0,69.0,16.0,159.0,26.0,-83.0,6208.0,108.0,-10.0,8.777511879372781,62.71354166097266,
759,540.6554,49.96492975397284,37.92717066774919,160.41496717416038,28.0,0.8082,280.0,52.0,182.0,1032.0,22.0,259.0,113.0,316.0,21.37483280825571,110,15,54,58,242.0,-50.0,69.0,16.0,159.0,26.0,-83.0,6208.0,108.0,-10.0,8.782056281070446,62.71354166097266,
760,508.0009,31.83600222789066,32.637259876305244,149.53611316190856,28.0,0.8036,283.0,51.0,182.0,1040.0,23.0,259.0,115.0,321.0,19.358173321828637,113,6,55,59,242.0,-46.0,70.0,61.0,163.0,31.0,-79.0,6183.0,112.0,-6.0,8.786600682768109,62.71354166097266,
761,461.26767,36.489900409037915,26.153596163917726,151.3979508227409,28.0,0.8121,283.0,51.0,182.0,1040.0,23.0,259.0,115.0,321.0,16.43265629990798,112,14,55,59,242.0,-46.0,70.0,61.0,163.0,31.0,-79.0,6183.0,112.0,-6.0,8.791145084465771,62.71354166097266,
762,442.98465,225.58603180461782,18.490246416294493,200.37133459364418,28.0,0.806,280.0,52.0,183.0,1036.0,22.0,261.0,113.0,317.0,10.846073121860979,120,2,58,60,242.0,-48.0,70.0,18.0,161.0,28.0,-81.0,6197.0,110.0,-8.0,8.804778289558687,62.71354166097266,
763,497.9268,225.82378653744493,36.9433718297795,234.05831704443423,28.0,0.8218,275.0,53.0,182.0,1027.0,22.0,263.0,111.0,311.0,25.127543182458037,115,5,57,58,242.0,-55.0,69.0,8.0,153.0,20.0,-89.0,6160.0,102.0,-15.0,8.809322691256352,62.71354166097266,
764,581.39606,218.1188124383177,59.33593451834361,237.874469957876,28.0,0.78445,275.0,53.0,182.0,1027.0,22.0,263.0,111.0,311.0,34.8290995776084,118,7,58,60,242.0,-55.0,69.0,8.0,153.0,20.0,-89.0,6160.0,102.0,-15.0,8.813867092954014,62.71354166097266,
765,158.5851,267.25275034580875,46.25351165530771,254.2005331422784,28.0,0.8519,291.0,50.0,176.0,1036.0,23.0,249.0,119.0,325.0,43.160711248109365,123,19,54,60,234.0,-45.0,67.0,57.0,157.0,29.0,-77.0,5994.0,108.0,-6.0,8.558777303298537,62.71145832763952,
766,362.725,249.000847286697,43.272434220499655,247.22032970179583,28.0,0.8651,291.0,50.0,176.0,1036.0,23.0,249.0,119.0,325.0,33.70842303816489,129,5,57,61,234.0,-45.0,67.0,57.0,157.0,29.0,-77.0,5994.0,108.0,-6.0,8.563321384691065,62.71145832763952,
767,469.8445,230.2513715116063,45.12958613122498,244.69402866695123,28.0,0.86655,286.0,53.0,182.0,1038.0,22.0,258.0,115.0,318.0,30.46243010474856,102,6,60,54,233.0,-56.0,67.0,44.0,145.0,16.0,-88.0,5969.0,95.0,-18.0,8.567865466083665,62.71145832763952,
768,577.7887,217.32184938744584,60.214551367353714,238.5318804305604,28.0,0.8512,286.0,53.0,182.0,1038.0,22.0,258.0,115.0,318.0,36.22778582427581,107,11,61,54,233.0,-56.0,67.0,44.0,145.0,16.0,-88.0,5969.0,95.0,-18.0,8.572409547476266,62.71145832763952,
769,677.0801,202.92276332149788,84.90709434659604,216.5444519667986,28.0,0.8456,288.0,55.0,188.0,1055.0,22.0,268.0,115.0,319.0,43.464349505401614,100,11,59,55,233.0,-65.0,67.0,-6.0,136.0,7.0,-97.0,5912.0,85.0,-26.0,8.576953628868864,62.71145832763952,
770,685.6044,186.69788322792874,85.36636183325551,183.93973320274696,28.0,0.8293,288.0,55.0,188.0,1055.0,22.0,268.0,115.0,319.0,45.6392310878941,128,10,57,53,233.0,-65.0,67.0,-6.0,136.0,7.0,-97.0,5912.0,85.0,-26.0,8.581497710261463,62.71145832763952,
771,704.71924,90.85672223985993,14.849132231311447,127.6663246939832,28.0,0.7983,281.0,52.0,182.0,1029.0,22.0,259.0,113.0,314.0,17.42358908237282,131,7,54,58,237.0,-53.0,68.0,9.0,151.0,20.0,-86.0,6061.0,101.0,-15.0,8.690555663683636,62.71145832763952,
772,742.0635,307.16714114407915,34.29002658494004,241.9026272359476,28.0,0.709,280.0,56.0,187.0,1045.0,21.0,271.0,112.0,313.0,25.955598771313397,122,4,52,56,236.0,-67.0,68.0,-8.0,136.0,6.0,-100.0,6016.0,86.0,-28.0,8.704187907861435,62.71145832763952,
773,636.10785,290.9450774919629,37.56190216188894,203.65296087082115,28.0,0.8057,277.0,52.0,181.0,1027.0,22.0,261.0,112.0,313.0,21.92957315767341,143,22,55,58,241.0,-54.0,69.0,10.0,154.0,21.0,-87.0,6170.0,103.0,-14.0,8.772349128750282,62.71145832763952,
774,665.9817,151.37285017538952,42.44800608167598,181.25099376168396,28.0,0.805,280.0,52.0,182.0,1032.0,22.0,259.0,113.0,316.0,22.101644797413055,140,20,53,58,242.0,-50.0,69.0,16.0,159.0,26.0,-83.0,6208.0,108.0,-10.0,8.77689321014288,62.71145832763952,
775,648.0061,33.014802739259935,58.02690740343896,156.81151881234737,28.0,0.8086,280.0,52.0,182.0,1032.0,22.0,259.0,113.0,316.0,29.850542406445676,114,20,55,55,242.0,-50.0,69.0,16.0,159.0,26.0,-83.0,6208.0,108.0,-10.0,8.781437291535482,62.71145832763952,
776,603.65625,22.962293924995276,54.29374662859998,146.6870365717703,28.0,0.81465,283.0,51.0,182.0,1040.0,23.0,259.0,115.0,321.0,29.045918133522296,112,7,55,58,242.0,-46.0,70.0,61.0,163.0,31.0,-79.0,6183.0,112.0,-6.0,8.785981372928081,62.71145832763952,
777,548.13055,26.78998210092259,49.44990492019906,142.40203369009166,28.0,0.8209,283.0,51.0,182.0,1040.0,23.0,259.0,115.0,321.0,28.0507921094963,123,13,54,58,242.0,-46.0,70.0,61.0,163.0,31.0,-79.0,6183.0,112.0,-6.0,8.790525454320681,62.71145832763952,
778,501.07224,29.013067233875784,36.55212381908451,147.75392234696994,28.0,0.8115,282.0,51.0,182.0,1039.0,23.0,259.0,114.0,320.0,21.934491256334063,118,14,56,59,242.0,-46.0,70.0,61.0,163.0,30.0,-79.0,6211.0,112.0,-6.0,8.795069535713282,62.71145832763952,
779,458.07254,48.422458029338756,23.431035793755044,154.9685757543277,28.0,0.8073,282.0,51.0,182.0,1039.0,23.0,259.0,114.0,320.0,15.076973230276781,115,7,52,59,242.0,-46.0,70.0,61.0,163.0,30.0,-79.0,6211.0,112.0,-6.0,8.799613617105805,62.71145832763952,
780,447.03018,244.30873776963392,12.288339185366532,205.63683201644704,28.0,0.80705,275.0,53.0,182.0,1027.0,22.0,263.0,111.0,311.0,10.02035257977466,135,20,58,58,242.0,-55.0,69.0,8.0,153.0,20.0,-89.0,6160.0,102.0,-15.0,8.808701779891006,62.71145832763952,
781,492.7282,230.83093719906745,23.621996977999405,219.4053271586054,28.0,0.8197,275.0,53.0,182.0,1027.0,22.0,263.0,111.0,311.0,16.80404999658245,126,7,60,58,242.0,-55.0,69.0,8.0,153.0,20.0,-89.0,6160.0,102.0,-15.0,8.813245861283606,62.71145832763952,
782,557.3783,219.3774375573884,44.638691970829186,229.04562045863125,28.0,0.79625,273.0,55.0,183.0,1029.0,21.0,269.0,109.0,307.0,26.43984271816216,126,5,58,60,240.0,-64.0,69.0,-3.0,142.0,10.0,-98.0,6112.0,91.0,-25.0,8.817789942676207,62.71145832763952,
783,88.48187,247.99931797052542,46.386689862203426,252.9524501223853,28.0,0.8557,304.0,49.0,178.0,1065.0,24.0,248.0,124.0,339.0,41.723040715171656,118,24,54,61,233.0,-33.0,67.0,70.0,168.0,41.0,-65.0,5988.0,119.0,5.0,8.55817410506441,62.709374994306366,
784,243.0854,210.27813544773082,66.02744598846678,225.9815450531133,28.0,0.8774,291.0,50.0,176.0,1036.0,23.0,249.0,119.0,325.0,41.197654685765784,115,8,57,60,234.0,-45.0,67.0,57.0,157.0,29.0,-77.0,5994.0,108.0,-6.0,8.562717866203029,62.709374994306366,
785,336.34534,216.5835579381019,63.24513193563942,236.50861655818147,28.0,0.88735,286.0,53.0,182.0,1038.0,22.0,258.0,115.0,318.0,38.66500077489376,116,6,54,59,233.0,-56.0,67.0,44.0,145.0,16.0,-88.0,5969.0,95.0,-18.0,8.567261627341722,62.709374994306366,
786,426.51376,202.85375103088288,68.3294573586188,217.30562039680146,28.0,0.8753,286.0,53.0,182.0,1038.0,22.0,258.0,115.0,318.0,37.10811043719511,123,12,60,56,233.0,-56.0,67.0,44.0,145.0,16.0,-88.0,5969.0,95.0,-18.0,8.571805388480415,62.709374994306366,
787,475.5818,195.69293978849106,76.14098263826457,210.23797736428165,28.0,0.85,288.0,55.0,188.0,1055.0,22.0,268.0,115.0,319.0,39.17278233719247,110,11,59,54,233.0,-65.0,67.0,-6.0,136.0,7.0,-97.0,5912.0,85.0,-26.0,8.576349149619107,62.709374994306366,
788,533.41174,231.2846057774306,54.48614234675619,228.7075590888965,28.0,0.8468,288.0,55.0,188.0,1055.0,22.0,268.0,115.0,319.0,40.611170966944364,111,6,58,55,233.0,-65.0,67.0,-6.0,136.0,7.0,-97.0,5912.0,85.0,-26.0,8.5808929107578,62.709374994306366,
789,794.1404,304.58101984511893,34.04534733837381,243.46137731236368,28.0,0.6538,280.0,56.0,187.0,1045.0,21.0,271.0,112.0,313.0,27.900020063121286,146,3,53,55,236.0,-67.0,68.0,-8.0,136.0,6.0,-100.0,6016.0,86.0,-28.0,8.703574461502278,62.709374994306366,
790,621.7501,29.542937191881176,78.38636306840735,126.03598294488472,28.0,0.7825,282.0,51.0,182.0,1039.0,23.0,259.0,114.0,320.0,39.03492469475131,115,6,55,58,242.0,-46.0,70.0,61.0,163.0,30.0,-79.0,6211.0,112.0,-6.0,8.79444968427598,62.709374994306366,
791,544.6281,29.62109217084142,51.566384574960466,138.97666254160123,28.0,0.8051,282.0,51.0,182.0,1039.0,23.0,259.0,114.0,320.0,27.684150004353775,114,8,56,58,242.0,-46.0,70.0,61.0,163.0,30.0,-79.0,6211.0,112.0,-6.0,8.798993445414599,62.709374994306366,
792,484.04843,39.26239841180981,34.37887055431341,138.58650089404875,28.0,0.8027,280.0,52.0,183.0,1036.0,22.0,261.0,113.0,317.0,22.287638528979794,122,6,58,57,242.0,-48.0,70.0,18.0,161.0,28.0,-81.0,6197.0,110.0,-8.0,8.803537206553292,62.709374994306366,
793,447.9868,147.58358597975564,13.326612072647501,176.43338887174696,28.0,0.7994,280.0,52.0,183.0,1036.0,22.0,261.0,113.0,317.0,8.083868208811296,140,19,59,60,242.0,-48.0,70.0,18.0,161.0,28.0,-81.0,6197.0,110.0,-8.0,8.808080967691986,62.709374994306366,
794,542.37506,226.3416974856564,28.798916880430404,223.63039800441638,28.0,0.80065,273.0,55.0,183.0,1029.0,21.0,269.0,109.0,307.0,19.98568747567928,130,5,56,60,240.0,-64.0,69.0,-3.0,142.0,10.0,-98.0,6112.0,91.0,-25.0,8.82171225110806,62.709374994306366,
795,612.87415,210.92718428350952,48.383599525980514,226.1454178051053,28.0,0.81345,276.0,57.0,189.0,1050.0,20.0,279.0,109.0,310.0,29.443807225538794,104,3,55,57,238.0,-73.0,68.0,-14.0,131.0,-1.0,-107.0,6031.0,80.0,45.0,8.826256012246754,62.709374994306366,
796,766.3023,282.181309792843,18.834817649268665,240.87512598447208,28.0,0.7329,309.0,57.0,191.0,1098.0,22.0,267.0,124.0,338.0,20.502251965883474,145,6,55,54,222.0,-65.0,64.0,27.0,126.0,3.0,-96.0,5652.0,79.0,-27.0,8.303138310749418,62.707291660973226,
797,128.8549,254.49308777402155,37.560419093939885,233.7713851224273,29.0,0.84975,295.0,50.0,177.0,1046.0,24.0,248.0,121.0,331.0,32.90364268452997,98,9,55,61,234.0,-39.0,68.0,65.0,163.0,35.0,-71.0,6018.0,114.0,0.0,8.56211444409691,62.707291660973226,
798,218.97723,225.73297450395737,43.19945519356352,225.77733688598525,29.0,0.87345,295.0,50.0,177.0,1046.0,24.0,248.0,121.0,331.0,30.485103542618933,111,8,54,65,234.0,-39.0,68.0,65.0,163.0,35.0,-71.0,6018.0,114.0,0.0,8.56665788503284,62.707291660973226,
799,280.23938,230.82249730215455,46.313021257013574,213.95554933296802,28.0,0.8733,287.0,51.0,178.0,1031.0,23.0,251.0,117.0,321.0,25.119838900131704,113,9,55,64,235.0,-47.0,68.0,54.0,155.0,26.0,-80.0,5997.0,105.0,-9.0,8.57120132596877,62.707291660973226,
800,339.18353,246.33907498651135,45.99353587071762,230.97974093350084,29.0,0.8598,285.0,51.0,177.0,1026.0,23.0,253.0,115.0,317.0,28.09334166363794,114,7,52,61,234.0,-52.0,68.0,49.0,150.0,21.0,-84.0,5986.0,100.0,-14.0,8.5757447669047,62.707291660973226,
801,465.10776,270.2248610878828,37.56168111363071,253.17469917198497,29.0,0.8338,285.0,51.0,177.0,1026.0,23.0,253.0,115.0,317.0,36.12679615192409,116,4,52,58,234.0,-52.0,68.0,49.0,150.0,21.0,-84.0,5986.0,100.0,-14.0,8.58028820784063,62.707291660973226,
802,485.6109,212.31471287595866,30.832240690212906,182.6178718905506,28.0,0.81565,273.0,52.0,179.0,1020.0,22.0,262.0,110.0,310.0,16.105761690996964,122,5,56,58,242.0,-55.0,70.0,10.0,154.0,21.0,-88.0,6189.0,103.0,-15.0,8.812003695572615,62.707291660973226,
803,490.34497,167.27821565782025,18.577292142922385,182.7867776827665,28.0,0.7969,273.0,52.0,179.0,1020.0,22.0,262.0,110.0,310.0,9.5237652737731,106,5,53,58,242.0,-55.0,70.0,10.0,154.0,21.0,-88.0,6189.0,103.0,-15.0,8.816547136508547,62.707291660973226,
804,513.4255,181.34757389762115,27.43370568185608,198.81418157739628,28.0,0.7865,277.0,52.0,181.0,1029.0,22.0,261.0,112.0,314.0,14.802536433488275,135,9,58,58,243.0,-50.0,70.0,17.0,160.0,27.0,-83.0,6212.0,109.0,-9.0,8.825634018380406,62.707291660973226,
805,551.1457,200.27988490251022,43.51249377337017,209.03446581089517,28.0,0.7936,277.0,52.0,181.0,1029.0,22.0,261.0,112.0,314.0,26.099780029268956,127,8,57,58,243.0,-50.0,70.0,17.0,160.0,27.0,-83.0,6212.0,109.0,-9.0,8.830177459316333,62.707291660973226,
806,602.50574,206.39525566161626,54.117582953927396,220.5281972603779,28.0,0.8152,273.0,52.0,179.0,1021.0,22.0,262.0,110.0,310.0,29.082426508603508,125,10,55,58,242.0,-53.0,70.0,13.0,156.0,23.0,-86.0,6197.0,105.0,-13.0,8.834720900252266,62.707291660973226,
807,678.80566,213.49100809093414,63.694211497269045,238.71245288440852,28.0,0.8269,273.0,52.0,179.0,1021.0,22.0,262.0,110.0,310.0,37.08854503830757,129,7,53,55,242.0,-53.0,70.0,13.0,156.0,23.0,-86.0,6197.0,105.0,-13.0,8.839264341188121,62.707291660973226,
808,786.87866,57.58084777818332,17.469368702894283,140.82699429035557,28.0,0.7728,263.0,54.0,178.0,1009.0,21.0,270.0,105.0,302.0,15.356102698238665,123,36,55,55,246.0,-63.0,71.0,2.0,149.0,13.0,-97.0,6226.0,96.0,60.0,8.975567569265799,62.707291660973226,
809,296.71286,265.3229183109261,66.37087306700622,228.55882092156378,29.0,0.86655,295.0,50.0,177.0,1046.0,24.0,248.0,121.0,331.0,41.596462838943516,117,21,62,64,234.0,-39.0,68.0,65.0,163.0,35.0,-71.0,6018.0,114.0,0.0,8.566054239135028,62.70520832764007,
810,350.04236,263.75884857275065,80.60388195020758,202.6185610795653,28.0,0.8725,287.0,51.0,178.0,1031.0,23.0,251.0,117.0,321.0,39.90245078864444,132,17,53,60,235.0,-47.0,68.0,54.0,155.0,26.0,-80.0,5997.0,105.0,-9.0,8.57059735991933,62.70520832764007,
811,420.47998,314.2504231128129,76.2474345203977,231.50240912378493,29.0,0.8731,285.0,51.0,177.0,1026.0,23.0,253.0,115.0,317.0,40.268946258482025,126,6,52,61,234.0,-52.0,68.0,49.0,150.0,21.0,-84.0,5986.0,100.0,-14.0,8.575140480703629,62.70520832764007,
812,517.5987,293.6812610494516,47.15468665684526,220.03720477960826,29.0,0.85325,285.0,51.0,177.0,1026.0,23.0,253.0,115.0,317.0,27.51324644530423,124,5,52,60,234.0,-52.0,68.0,49.0,150.0,21.0,-84.0,5986.0,100.0,-14.0,8.579683601487929,62.70520832764007,
813,557.2654,29.325759677946156,52.44380893086534,156.23680459564284,28.0,0.7608,277.0,52.0,181.0,1028.0,22.0,261.0,112.0,314.0,30.172305810698038,121,4,56,56,243.0,-49.0,70.0,16.0,160.0,27.0,-83.0,6209.0,108.0,-10.0,8.8204690030554,62.70520832764007,
814,551.73,215.11496326145814,38.81967530817709,224.36103077344035,28.0,0.8327,273.0,52.0,179.0,1021.0,22.0,262.0,110.0,310.0,25.176937664068074,137,11,54,61,242.0,-53.0,70.0,13.0,156.0,23.0,-86.0,6197.0,105.0,-13.0,8.838641486192529,62.70520832764007,
815,623.42596,213.09764078079058,58.77831988222803,231.87510296947448,28.0,0.81815,270.0,54.0,181.0,1019.0,21.0,267.0,108.0,304.0,33.285807103322796,120,11,54,56,242.0,-63.0,69.0,0.0,146.0,13.0,-96.0,6177.0,94.0,-22.0,8.843184606976829,62.70520832764007,
816,777.27356,57.75014279760436,13.665873195902245,148.23492092672862,28.0,0.7539,263.0,54.0,178.0,1009.0,21.0,270.0,105.0,302.0,11.960361255231222,126,22,55,51,246.0,-63.0,71.0,2.0,149.0,13.0,-97.0,6226.0,96.0,60.0,8.979478230505615,62.70520832764007,
817,713.23267,328.51493183687234,49.709444527948996,227.8678280406219,28.0,0.7051,295.0,52.0,178.0,1044.0,23.0,252.0,119.0,325.0,30.20295066455872,118,6,52,55,226.0,-55.0,65.0,40.0,139.0,14.0,-87.0,5764.0,91.0,-18.0,8.383738662275016,62.70312499430693,
818,811.25793,324.09700253648595,64.06746389308618,242.86411286386124,28.0,0.7115,295.0,52.0,178.0,1044.0,23.0,252.0,119.0,325.0,39.157849502474335,124,4,53,55,226.0,-55.0,65.0,40.0,139.0,14.0,-87.0,5764.0,91.0,-18.0,8.38828146295881,62.70312499430693,
819,388.2334,282.3690065546953,60.22331449302484,254.28576405871073,29.0,0.8406,295.0,50.0,177.0,1046.0,24.0,248.0,121.0,331.0,48.22169035865313,116,21,57,64,234.0,-39.0,68.0,65.0,163.0,35.0,-71.0,6018.0,114.0,0.0,8.56545068962632,62.70312499430693,
820,554.96875,289.1245837871821,66.95468937960196,214.49572023492684,28.0,0.86585,287.0,51.0,178.0,1031.0,23.0,251.0,117.0,321.0,36.26584801645949,121,16,59,60,235.0,-47.0,68.0,54.0,155.0,26.0,-80.0,5997.0,105.0,-9.0,8.569993490310113,62.70312499430693,
821,603.8789,282.43439530132173,62.26989244592042,204.15274540430963,28.0,0.8555,287.0,51.0,178.0,1031.0,23.0,251.0,117.0,321.0,34.47558657318245,124,20,57,59,235.0,-47.0,68.0,54.0,155.0,26.0,-80.0,5997.0,105.0,-9.0,8.574536290993906,62.70312499430693,
822,626.5085,249.21766510959054,49.94167993839205,192.6172844587645,29.0,0.8385,285.0,51.0,177.0,1026.0,23.0,253.0,115.0,317.0,29.2024939200381,128,7,52,58,234.0,-52.0,68.0,49.0,150.0,21.0,-84.0,5986.0,100.0,-14.0,8.579079091677697,62.70312499430693,
823,642.2822,30.672496833967895,58.486334907294555,132.48856762182342,28.0,0.76525,277.0,52.0,181.0,1028.0,22.0,261.0,112.0,314.0,31.50453670739792,131,4,50,58,243.0,-49.0,70.0,16.0,160.0,27.0,-83.0,6209.0,108.0,-10.0,8.824390328602012,62.70312499430693,
824,560.9573,35.22798163011422,47.57875950962123,128.19446120006424,28.0,0.76205,277.0,52.0,181.0,1029.0,22.0,261.0,112.0,314.0,31.011475022571652,138,5,51,59,243.0,-50.0,70.0,17.0,160.0,27.0,-83.0,6212.0,109.0,-9.0,8.828933129285804,62.70312499430693,
825,498.81693,117.66699015780917,19.327412308488828,161.9293460825516,28.0,0.7655,273.0,52.0,179.0,1021.0,22.0,262.0,110.0,310.0,9.711125789373934,137,5,56,58,242.0,-53.0,70.0,13.0,156.0,23.0,-86.0,6197.0,105.0,-13.0,8.833475929969596,62.70312499430693,
826,496.67108,230.40722699966994,11.319710299534728,187.51731578141766,28.0,0.7798,273.0,52.0,179.0,1021.0,22.0,262.0,110.0,310.0,4.054524494655293,137,5,58,61,242.0,-53.0,70.0,13.0,156.0,23.0,-86.0,6197.0,105.0,-13.0,8.838018730653316,62.70312499430693,
827,522.3036,219.07503186746322,26.979458536914116,210.12999379067384,28.0,0.7946,270.0,54.0,181.0,1019.0,21.0,267.0,108.0,304.0,17.42451083643317,136,8,54,61,242.0,-63.0,69.0,0.0,146.0,13.0,-96.0,6177.0,94.0,-22.0,8.842561531337108,62.70312499430693,
828,575.26587,211.47334431874364,47.393146289263214,221.76090272334105,28.0,0.8155,270.0,54.0,181.0,1019.0,21.0,267.0,108.0,304.0,26.05917274655859,128,8,54,58,242.0,-63.0,69.0,0.0,146.0,13.0,-96.0,6177.0,94.0,-22.0,8.847104332020898,62.70312499430693,
829,748.64233,328.148338642808,52.439743255871136,230.23227008504617,28.0,0.6862,296.0,51.0,176.0,1038.0,23.0,248.0,120.0,325.0,32.34651805360151,137,22,53,56,227.0,-52.0,65.0,44.0,143.0,18.0,-84.0,5796.0,95.0,-15.0,8.378605530474998,62.70104166097378,
830,508.54926,228.78924669719387,99.82421149875131,235.30407875898032,28.0,0.842,287.0,51.0,178.0,1031.0,23.0,251.0,117.0,321.0,46.41482188045303,127,18,57,64,235.0,-47.0,68.0,54.0,155.0,26.0,-80.0,5997.0,105.0,-9.0,8.569389717119133,62.70104166097378,
831,513.34656,138.92025768841745,25.603839068266122,156.743914266694,28.0,0.7785,273.0,52.0,179.0,1021.0,22.0,262.0,110.0,310.0,14.728738405251258,119,10,58,58,242.0,-53.0,70.0,13.0,156.0,23.0,-86.0,6197.0,105.0,-13.0,8.837396074547803,62.70104166097378,
832,506.13004,237.5932431359234,14.822902582810297,192.97267218837143,28.0,0.7666,270.0,54.0,181.0,1019.0,21.0,267.0,108.0,304.0,7.173755357991454,129,9,55,58,242.0,-63.0,69.0,0.0,146.0,13.0,-96.0,6177.0,94.0,-22.0,8.846481035816588,62.70104166097378,
833,543.4783,223.03120409073216,32.895256372510715,224.08691608557606,28.0,0.825,273.0,56.0,186.0,1041.0,21.0,278.0,108.0,308.0,22.487288885095804,124,10,54,55,240.0,-72.0,69.0,-13.0,134.0,1.0,-106.0,6093.0,82.0,47.0,8.851023516450981,62.70104166097378,
834,612.0564,213.286644020141,48.52948578620562,225.7158607661237,28.0,0.8296,273.0,56.0,186.0,1041.0,21.0,278.0,108.0,308.0,27.384825136063085,107,5,54,55,240.0,-72.0,69.0,-13.0,134.0,1.0,-106.0,6093.0,82.0,47.0,8.855565997085373,62.70104166097378,
835,773.4958,330.24116323158086,64.29178859931086,232.2238031795369,28.0,0.6961,298.0,54.0,182.0,1056.0,22.0,257.0,120.0,327.0,37.141394440458754,112,21,55,52,225.0,-59.0,65.0,36.0,135.0,10.0,-90.0,5755.0,87.0,-22.0,8.373473132972837,62.69895832764064,
836,150.3689,243.7135288055993,58.580424461500016,241.780800021473,29.0,0.8487,290.0,50.0,176.0,1031.0,23.0,247.0,118.0,324.0,45.70499044883953,115,27,50,61,234.0,-43.0,68.0,60.0,159.0,31.0,-75.0,6002.0,110.0,-4.0,8.564243879688334,62.69895832764064,
837,609.8242,75.85089739615893,51.19908543530205,115.31688786347407,28.0,0.77865,271.0,52.0,179.0,1016.0,22.0,262.0,109.0,307.0,33.904017865634295,121,10,56,58,243.0,-54.0,70.0,11.0,155.0,22.0,-88.0,6204.0,104.0,-15.0,8.836773517853342,62.69895832764064,
838,546.2268,57.00728357932556,35.11130827830669,152.62698521561515,28.0,0.7784,271.0,52.0,179.0,1016.0,22.0,262.0,109.0,307.0,21.453722465535083,139,5,56,59,243.0,-54.0,70.0,11.0,155.0,22.0,-88.0,6204.0,104.0,-15.0,8.841315678489432,62.69895832764064,
839,530.9286,220.53068475510634,21.633901394783376,208.08102667302714,28.0,0.8,272.0,52.0,179.0,1018.0,22.0,261.0,110.0,309.0,13.938786576144986,126,21,54,59,244.0,-52.0,70.0,14.0,158.0,24.0,-86.0,6236.0,107.0,-12.0,8.854942160397707,62.69895832764064,
840,594.29333,230.7083314234983,37.57635741513531,241.03681447409477,28.0,0.7885,267.0,54.0,179.0,1014.0,21.0,267.0,107.0,303.0,26.09257850473298,138,23,54,59,242.0,-62.0,70.0,0.0,146.0,13.0,-96.0,6178.0,95.0,-22.0,8.859484321033799,62.69895832764064,
841,573.71655,33.733537593730276,38.14966470201833,137.86803833348486,28.0,0.7959,272.0,52.0,179.0,1019.0,22.0,261.0,110.0,310.0,24.690742922343574,135,7,55,58,243.0,-51.0,70.0,15.0,159.0,26.0,-84.0,6211.0,108.0,-11.0,8.84523474192502,62.696874994307485,
842,517.7908,181.22974676933117,10.421569263967525,174.41896945494088,28.0,0.7776,272.0,52.0,179.0,1018.0,22.0,261.0,110.0,309.0,6.512589546343309,123,8,55,57,244.0,-52.0,70.0,14.0,158.0,24.0,-86.0,6236.0,107.0,-12.0,8.854318423302775,62.696874994307485,
843,597.67566,230.31922477012628,41.996796879725444,242.7891677311667,28.0,0.822,267.0,54.0,179.0,1014.0,21.0,267.0,107.0,303.0,29.148987793675257,125,24,63,58,242.0,-62.0,70.0,0.0,146.0,13.0,-96.0,6178.0,95.0,-22.0,8.863402104680532,62.696874994307485,
844,603.9731,39.57459121421526,41.92000776686896,133.29772320750442,28.0,0.7803,272.0,52.0,179.0,1019.0,22.0,261.0,110.0,310.0,24.902417902583775,124,4,53,58,243.0,-51.0,70.0,15.0,159.0,26.0,-84.0,6211.0,108.0,-11.0,8.849153264985153,62.694791660974346,
845,553.1383,37.18524782820865,23.611821447120935,152.62735202266862,28.0,0.79615,272.0,52.0,179.0,1018.0,22.0,261.0,110.0,309.0,14.721568044060454,144,8,53,58,244.0,-52.0,70.0,14.0,158.0,24.0,-86.0,6236.0,107.0,-12.0,8.85369478577789,62.694791660974346,
846,528.72656,89.2475423929181,9.692498254556206,173.31084764334574,28.0,0.7788,272.0,52.0,179.0,1018.0,22.0,261.0,110.0,309.0,5.845909854485508,147,5,57,57,244.0,-52.0,70.0,14.0,158.0,24.0,-86.0,6236.0,107.0,-12.0,8.858236306570628,62.694791660974346,
847,537.83344,251.79885172074205,12.981256392666166,204.3558492329285,28.0,0.8033,267.0,54.0,179.0,1014.0,21.0,267.0,107.0,303.0,9.41143319612838,151,7,55,59,242.0,-62.0,70.0,0.0,146.0,13.0,-96.0,6178.0,95.0,-22.0,8.862777827363367,62.694791660974346,
848,596.25354,235.3221832894583,36.642569864960926,235.63281935808942,28.0,0.8289,272.0,56.0,187.0,1041.0,20.0,280.0,107.0,307.0,24.603826275131865,152,19,55,58,241.0,-75.0,69.0,-15.0,131.0,-2.0,-110.0,6110.0,80.0,45.0,8.867319348156103,62.694791660974346,
849,633.703,40.760953864095534,42.79980569409592,125.8552504856762,28.0,0.7426,272.0,52.0,179.0,1018.0,22.0,261.0,110.0,309.0,27.86804709331489,135,8,53,56,244.0,-52.0,70.0,14.0,158.0,24.0,-86.0,6236.0,107.0,-12.0,8.853071247800358,62.69270832764119,
850,536.77704,175.47058950546224,11.037233260663529,183.4542895824695,28.0,0.7969,267.0,54.0,179.0,1014.0,21.0,267.0,107.0,303.0,6.123720686059114,150,6,57,58,242.0,-62.0,70.0,0.0,146.0,13.0,-96.0,6178.0,95.0,-22.0,8.862153649695681,62.69270832764119,
851,652.34247,41.3095233921538,44.777747067723766,120.95636810847479,28.0,0.80705,267.0,53.0,178.0,1010.0,21.0,264.0,107.0,303.0,30.04504509870692,138,11,54,56,244.0,-59.0,70.0,5.0,151.0,17.0,-93.0,6208.0,99.0,-19.0,8.85698869050114,62.69062499430804,
852,583.9368,49.1780566644127,29.801827102076558,149.4652428951528,28.0,0.8148,267.0,52.0,177.0,1008.0,22.0,263.0,107.0,303.0,19.291945727560144,138,8,54,60,244.0,-57.0,70.0,8.0,153.0,19.0,-91.0,6222.0,101.0,-17.0,8.861529571654776,62.69062499430804,
853,566.0936,150.93421076568552,14.813933819188927,179.09241258444894,28.0,0.8206,267.0,52.0,177.0,1008.0,22.0,263.0,107.0,303.0,8.05196006953722,133,4,51,58,244.0,-57.0,70.0,8.0,153.0,19.0,-91.0,6222.0,101.0,-17.0,8.866070452808412,62.69062499430804,
854,576.1274,293.07715286507397,12.624474018636464,199.3142168386439,28.0,0.8091,266.0,53.0,178.0,1010.0,21.0,266.0,106.0,302.0,8.474460042260576,147,5,56,57,245.0,-61.0,70.0,3.0,150.0,15.0,-95.0,6215.0,97.0,61.0,8.870611333962046,62.69062499430804,
855,525.8804,209.55435342263527,18.6183264672728,195.15647259653596,28.0,0.774,301.0,49.0,168.0,1028.0,25.0,235.0,123.0,330.0,13.6024891725549,125,5,56,58,221.0,-45.0,64.0,49.0,146.0,24.0,-75.0,5676.0,99.0,-8.0,8.228608766259715,62.684374994308605,
856,556.2854,214.75813466228664,22.622065229620496,208.52190542943683,28.0,0.781,301.0,49.0,168.0,1028.0,25.0,235.0,123.0,330.0,16.368235880111786,119,7,55,55,221.0,-45.0,64.0,49.0,146.0,24.0,-75.0,5676.0,99.0,-8.0,8.233148688337467,62.684374994308605,
857,615.29004,218.82127873668017,20.520967115541215,206.4032369489184,28.0,0.7716,303.0,52.0,176.0,1052.0,24.0,247.0,123.0,332.0,13.248547461609483,114,10,53,53,222.0,-54.0,64.0,39.0,137.0,14.0,-85.0,5651.0,89.0,-17.0,8.242228532492893,62.684374994308605,
858,661.1801,231.62842937155412,22.503023791711136,221.46585764874038,28.0,0.8095,303.0,52.0,176.0,1052.0,24.0,247.0,123.0,332.0,16.91820987836751,104,11,59,56,222.0,-54.0,64.0,39.0,137.0,14.0,-85.0,5651.0,89.0,-17.0,8.246768454570644,62.684374994308605,
859,1.7723866,208.01563459724025,0.9137018271629758,181.74530947316697,29.0,0.8193,312.0,43.0,157.0,1030.0,29.0,212.0,130.0,348.0,0.6145150397740123,137,5,60,58,216.0,-10.0,63.0,86.0,177.0,59.0,-39.0,5600.0,132.0,27.0,8.123618652280612,62.68229166097545,
860,3.84965,107.31144697855973,7.431987228987815,179.47532091005309,28.0,0.82495,313.0,44.0,157.0,1024.0,28.0,213.0,130.0,343.0,1.7649642340035032,119,8,48,63,218.0,-20.0,63.0,75.0,169.0,49.0,-49.0,5651.0,124.0,17.0,8.137237459744053,62.68229166097545,
861,532.90546,248.5586478646593,26.664619379175477,190.27673741510108,28.0,0.7708,300.0,48.0,165.0,1018.0,25.0,231.0,123.0,328.0,18.397810959129846,126,8,54,59,221.0,-42.0,64.0,53.0,149.0,27.0,-72.0,5682.0,102.0,-6.0,8.218950304524558,62.68229166097545,
862,537.92035,167.67212368224418,25.48389014294748,177.39565016786338,28.0,0.7578,300.0,48.0,165.0,1018.0,25.0,231.0,123.0,328.0,17.39420298545567,121,3,55,60,221.0,-42.0,64.0,53.0,149.0,27.0,-72.0,5682.0,102.0,-6.0,8.223489907012372,62.68229166097545,
863,529.9973,242.5153661464563,17.830265107072734,195.04962554497038,28.0,0.7758,299.0,48.0,165.0,1017.0,25.0,231.0,122.0,327.0,10.545695912459287,110,6,57,57,222.0,-42.0,64.0,53.0,150.0,27.0,-72.0,5704.0,103.0,-5.0,8.237108714475815,62.68229166097545,
864,560.8858,229.76512406524026,20.996041115504376,212.24940596736053,28.0,0.7872,299.0,48.0,165.0,1017.0,25.0,231.0,122.0,327.0,15.669362316158821,113,5,57,56,222.0,-42.0,64.0,53.0,150.0,27.0,-72.0,5704.0,103.0,-5.0,8.241648316963555,62.68229166097545,
865,612.42706,234.9804162695396,20.5723162854744,224.85249605009724,28.0,0.8148,298.0,50.0,170.0,1028.0,24.0,238.0,121.0,327.0,17.55255501611443,126,22,55,57,221.0,-48.0,64.0,47.0,143.0,21.0,-78.0,5696.0,96.0,-12.0,8.24618791945137,62.68229166097545,
866,3.1647189,199.75459160413862,2.899832862937605,182.64914919329652,29.0,0.75895,312.0,43.0,157.0,1030.0,29.0,212.0,130.0,348.0,2.455997878492563,108,5,59,58,216.0,-10.0,63.0,86.0,177.0,59.0,-39.0,5600.0,132.0,27.0,8.12304683734208,62.68020832764231,
867,560.18805,278.38837549448004,37.2277472569907,189.03917662229344,29.0,0.7722,301.0,48.0,166.0,1022.0,25.0,231.0,123.0,329.0,21.368387898653886,117,4,53,57,220.0,-42.0,64.0,52.0,148.0,26.0,-72.0,5665.0,102.0,-6.0,8.204753930421612,62.68020832764231,
868,635.8093,252.08669963610944,17.020256441591243,233.64729088335983,28.0,0.8064,303.0,53.0,179.0,1059.0,23.0,253.0,122.0,331.0,18.24286801515948,137,26,57,59,222.0,-57.0,64.0,36.0,134.0,11.0,-88.0,5675.0,87.0,-20.0,8.250146759910248,62.68020832764231,
869,713.4347,257.7541194008121,18.906675191195696,242.70998647705625,28.0,0.7883,303.0,53.0,179.0,1059.0,23.0,253.0,122.0,331.0,20.963248702570187,143,24,57,60,222.0,-57.0,64.0,36.0,134.0,11.0,-88.0,5675.0,87.0,-20.0,8.254686042859118,62.68020832764231,
870,622.52106,344.09185366056477,35.46039302574833,196.48548565010384,29.0,0.7813,301.0,48.0,166.0,1022.0,25.0,230.0,123.0,330.0,19.174407316591683,124,12,49,61,220.0,-42.0,64.0,52.0,148.0,27.0,-72.0,5645.0,102.0,-6.0,8.199637492470545,62.67812499430917,
871,637.7681,277.2304982558509,32.84576256436541,187.52326164232142,29.0,0.7827,301.0,48.0,166.0,1022.0,25.0,231.0,123.0,329.0,17.981970045440207,117,8,51,60,220.0,-42.0,64.0,52.0,148.0,26.0,-72.0,5665.0,102.0,-6.0,8.204176455931457,62.67812499430917,
872,637.1671,54.508063698537725,31.490307527578675,175.45659168322786,28.0,0.78255,301.0,48.0,165.0,1020.0,25.0,231.0,123.0,328.0,17.17308023150146,120,11,52,62,222.0,-43.0,64.0,52.0,149.0,26.0,-73.0,5682.0,102.0,-6.0,8.208715419392366,62.67812499430917,
873,627.6207,80.82564358584204,29.15453690274667,174.57493931235047,28.0,0.75795,301.0,48.0,165.0,1020.0,25.0,231.0,123.0,328.0,16.33684380218057,107,7,51,59,222.0,-43.0,64.0,52.0,149.0,26.0,-73.0,5682.0,102.0,-6.0,8.213254382853275,62.67812499430917,
874,554.34424,77.70156675022015,14.732215876860531,153.1004701474943,28.0,0.7705,299.0,48.0,165.0,1017.0,25.0,231.0,122.0,327.0,12.360106698057377,117,8,58,59,222.0,-42.0,64.0,53.0,150.0,27.0,-72.0,5704.0,103.0,-5.0,8.235949200157824,62.67812499430917,
875,687.2655,265.84336796580703,17.76362186415027,243.63417619080784,28.0,0.78955,303.0,53.0,179.0,1059.0,23.0,253.0,122.0,331.0,20.800312488946066,132,9,56,56,222.0,-57.0,64.0,36.0,134.0,11.0,-88.0,5675.0,87.0,-20.0,8.254105054001387,62.67812499430917,
876,661.66754,340.533725107551,44.28265069046116,205.27631703464957,28.0,0.8274,302.0,48.0,165.0,1020.0,25.0,228.0,124.0,331.0,24.55761271616538,128,14,50,60,221.0,-41.0,64.0,54.0,150.0,28.0,-71.0,5666.0,103.0,-4.0,8.189983141497983,62.67604166097602,
877,717.62573,226.3256677013526,37.71858096520873,184.93173566507494,29.0,0.7621,301.0,48.0,166.0,1022.0,25.0,231.0,123.0,329.0,20.39686514109272,134,9,53,61,220.0,-42.0,64.0,52.0,148.0,26.0,-72.0,5665.0,102.0,-6.0,8.203599073569666,62.67604166097602,
878,593.42126,62.82414317817399,18.814394277775136,133.75304445585306,28.0,0.77865,299.0,48.0,165.0,1017.0,25.0,231.0,122.0,327.0,17.127754740210264,115,7,53,55,222.0,-42.0,64.0,53.0,150.0,27.0,-72.0,5704.0,103.0,-5.0,8.235369581737094,62.67604166097602,
879,616.0251,296.72791913855474,31.078101853879048,242.32585534194564,29.0,0.8319,303.0,50.0,170.0,1037.0,25.0,238.0,123.0,331.0,24.25958409283808,118,4,49,60,220.0,-49.0,64.0,44.0,141.0,19.0,-79.0,5640.0,94.0,-13.0,8.180330160125912,62.673958327642865,
880,693.33856,308.6497448933278,28.464877341230572,225.94420161294127,28.0,0.8229,307.0,53.0,179.0,1065.0,24.0,250.0,124.0,335.0,20.07455765443863,123,7,52,59,219.0,-55.0,63.0,36.0,133.0,12.0,-86.0,5573.0,86.0,-19.0,8.184868484763797,62.673958327642865,
881,578.00525,253.09618734439582,10.847340944075487,208.68532467807145,28.0,0.7918,299.0,51.0,172.0,1034.0,24.0,241.0,121.0,327.0,10.667358160450165,116,4,53,57,223.0,-52.0,64.0,43.0,141.0,17.0,-82.0,5705.0,93.0,-15.0,8.248405029694048,62.673958327642865,
882,647.92303,270.5541048778874,19.150348240903654,246.35594739977955,28.0,0.8018,306.0,56.0,187.0,1083.0,22.0,261.0,123.0,336.0,22.55124137500511,118,3,53,57,222.0,-63.0,64.0,29.0,128.0,5.0,-94.0,5641.0,80.0,-26.0,8.252943354331933,62.673958327642865,
883,760.88715,270.47513162267757,28.582775828154052,254.10595664761905,28.0,0.7091,306.0,56.0,187.0,1083.0,22.0,261.0,123.0,336.0,30.555244880645798,116,8,56,59,222.0,-63.0,64.0,29.0,128.0,5.0,-94.0,5641.0,80.0,-26.0,8.257481678969818,62.673958327642865,
884,467.52078,252.9266886933151,32.652274424449,254.97439430319324,29.0,0.8786,303.0,50.0,170.0,1037.0,25.0,238.0,123.0,331.0,32.508203139788165,119,4,49,61,220.0,-49.0,64.0,44.0,141.0,19.0,-79.0,5640.0,94.0,-13.0,8.175216553330564,62.67187499430971,
885,606.3213,257.4065586952026,29.29671335157121,253.0004059554505,29.0,0.86035,303.0,50.0,170.0,1037.0,25.0,238.0,123.0,331.0,29.02607693703148,120,5,53,60,220.0,-49.0,64.0,44.0,141.0,19.0,-79.0,5640.0,94.0,-13.0,8.179754558633363,62.67187499430971,
886,647.1854,291.73179734498086,25.693201953718038,241.65007487124703,28.0,0.7717,306.0,56.0,187.0,1083.0,22.0,261.0,123.0,336.0,22.398068023609987,109,1,54,57,222.0,-63.0,64.0,29.0,128.0,5.0,-94.0,5641.0,80.0,-26.0,8.252362643478008,62.67187499430971,
887,326.4968,205.20595795001415,22.49242294737243,213.88823666969157,28.0,0.8615,302.0,47.0,162.0,1015.0,26.0,226.0,124.0,330.0,20.14375949072013,127,4,54,61,220.0,-39.0,63.0,55.0,151.0,30.0,-69.0,5635.0,104.0,-3.0,8.170103676914303,62.66979166097657,
888,410.67822,255.1749476452211,26.718592071628375,252.97764251170608,28.0,0.876,302.0,47.0,162.0,1015.0,26.0,226.0,124.0,330.0,26.986383826330723,119,4,52,59,220.0,-39.0,63.0,55.0,151.0,30.0,-69.0,5635.0,104.0,-3.0,8.17464136293295,62.66979166097657,
889,539.078,252.22592062673385,33.76353814871677,255.0,29.0,0.8619,303.0,50.0,170.0,1037.0,25.0,238.0,123.0,331.0,32.446312573917986,116,3,53,60,220.0,-49.0,64.0,44.0,141.0,19.0,-79.0,5640.0,94.0,-13.0,8.1791790489516,62.66979166097657,
890,671.46326,251.44701429676854,28.074585343727147,251.3529816712089,28.0,0.8529,307.0,53.0,179.0,1065.0,24.0,250.0,124.0,335.0,27.612177033979332,120,4,51,57,219.0,-55.0,63.0,36.0,133.0,12.0,-86.0,5573.0,86.0,-19.0,8.183716734970249,62.66979166097657,
891,389.11966,57.79869029708292,41.77902707570648,143.46019253007634,28.0,0.8351,302.0,47.0,162.0,1015.0,26.0,226.0,124.0,330.0,29.134889432133196,117,4,53,60,220.0,-39.0,63.0,55.0,151.0,30.0,-69.0,5635.0,104.0,-3.0,8.169528897488878,62.66770832764343,
892,385.6429,244.18100953088825,23.442453304050833,226.73143445109582,28.0,0.8428,302.0,47.0,162.0,1015.0,26.0,226.0,124.0,330.0,24.54738267598888,116,0,54,58,220.0,-39.0,63.0,55.0,151.0,30.0,-69.0,5635.0,104.0,-3.0,8.174066264274298,62.66770832764343,
893,497.60522,257.9310876354878,25.255916459979506,250.47458320916317,29.0,0.8518,303.0,50.0,170.0,1037.0,25.0,238.0,123.0,331.0,27.295194863337496,111,4,52,60,220.0,-49.0,64.0,44.0,141.0,19.0,-79.0,5640.0,94.0,-13.0,8.178603631059719,62.66770832764343,
894,614.7638,252.75280282229826,29.524081318003113,254.12327016153455,29.0,0.8544,303.0,50.0,170.0,1037.0,25.0,238.0,123.0,331.0,29.376202552803232,117,6,53,58,220.0,-49.0,64.0,44.0,141.0,19.0,-79.0,5640.0,94.0,-13.0,8.18314099784514,62.66770832764343,
895,734.1161,259.98938847199594,24.342873271252003,252.7356215462663,28.0,0.8121,307.0,53.0,179.0,1065.0,24.0,250.0,124.0,335.0,26.30305358246965,121,8,54,56,219.0,-55.0,63.0,36.0,133.0,12.0,-86.0,5573.0,86.0,-19.0,8.187678364630562,62.66770832764343,
896,530.2759,43.91092140358779,42.68609032516408,144.04494766627013,28.0,0.8447,301.0,47.0,162.0,1012.0,26.0,226.0,123.0,328.0,26.02750885310893,112,7,51,58,221.0,-41.0,64.0,53.0,150.0,28.0,-71.0,5667.0,103.0,-4.0,8.164417162127505,62.66562499431028,
897,483.15765,38.13521978407411,36.45350153764235,140.9564467433019,28.0,0.8489,300.0,47.0,162.0,1009.0,26.0,225.0,123.0,328.0,24.418013546704284,111,6,53,60,221.0,-40.0,64.0,55.0,151.0,29.0,-70.0,5666.0,104.0,-3.0,8.168954209730611,62.66562499431028,
898,417.93423,93.74258359535696,31.038340448906677,153.36352999568524,28.0,0.8427,300.0,47.0,162.0,1009.0,26.0,225.0,123.0,328.0,23.216899956358525,112,4,53,59,221.0,-40.0,64.0,55.0,151.0,29.0,-70.0,5666.0,104.0,-3.0,8.173491257333717,62.66562499431028,
899,459.26965,255.94955560305326,24.248283461785096,244.60235706979384,29.0,0.84205,300.0,49.0,167.0,1025.0,25.0,235.0,122.0,328.0,26.18657486509229,111,4,51,60,220.0,-47.0,64.0,47.0,143.0,21.0,-77.0,5660.0,96.0,-11.0,8.178028304936825,62.66562499431028,
900,571.6094,259.7462980061716,25.067180861313282,251.4516071355072,29.0,0.8435,300.0,49.0,167.0,1025.0,25.0,235.0,122.0,328.0,27.92641318788483,114,7,54,61,220.0,-47.0,64.0,47.0,143.0,21.0,-77.0,5660.0,96.0,-11.0,8.18256535253993,62.66562499431028,
901,706.7326,268.1887161815435,27.74413634469323,255.0,28.0,0.7835,307.0,54.0,180.0,1067.0,23.0,251.0,124.0,335.0,31.578308583512804,113,9,55,55,219.0,-57.0,63.0,34.0,132.0,10.0,-87.0,5573.0,85.0,-20.0,8.187102400143036,62.66562499431028,
902,650.652,232.59951942604417,22.232436700920577,186.78760092923966,28.0,0.8169,301.0,47.0,162.0,1012.0,26.0,226.0,123.0,328.0,12.208610683024265,110,5,50,58,221.0,-41.0,64.0,53.0,150.0,28.0,-71.0,5667.0,103.0,-4.0,8.159306156675266,62.663541660977124,
903,628.74316,36.45946639913509,33.19744101531834,142.00303173129308,28.0,0.8207,301.0,47.0,162.0,1012.0,26.0,226.0,123.0,328.0,20.789433162759874,105,7,52,55,221.0,-41.0,64.0,53.0,150.0,28.0,-71.0,5667.0,103.0,-4.0,8.163842885146957,62.663541660977124,
904,570.6269,33.34889850136671,35.605102338863446,143.61947027976439,28.0,0.8437,300.0,47.0,162.0,1009.0,26.0,225.0,123.0,328.0,21.65765567007797,113,5,51,58,221.0,-40.0,64.0,55.0,151.0,29.0,-70.0,5666.0,104.0,-3.0,8.16837961361865,62.663541660977124,
905,500.08563,52.20248010778984,34.102403997219035,117.273908797183,28.0,0.8501,300.0,47.0,162.0,1009.0,26.0,225.0,123.0,328.0,27.105719933144478,109,5,51,59,221.0,-40.0,64.0,55.0,151.0,29.0,-70.0,5666.0,104.0,-3.0,8.172916342090343,62.663541660977124,
906,467.1363,206.84498354162585,27.321912390485412,213.91523713187865,29.0,0.82215,300.0,49.0,167.0,1025.0,25.0,235.0,122.0,328.0,22.994569961502133,107,6,49,59,220.0,-47.0,64.0,47.0,143.0,21.0,-77.0,5660.0,96.0,-11.0,8.177453070562034,62.663541660977124,
907,566.1456,283.2266905460172,24.631065914547015,251.50869932604382,29.0,0.83505,300.0,49.0,167.0,1025.0,25.0,235.0,122.0,328.0,25.70420567706167,119,9,55,59,220.0,-47.0,64.0,47.0,143.0,21.0,-77.0,5660.0,96.0,-11.0,8.181989799033726,62.663541660977124,
908,686.13544,270.20105965278384,26.880677600270623,254.80266984466874,28.0,0.7806,307.0,54.0,180.0,1067.0,23.0,251.0,124.0,335.0,30.79601389166674,113,10,54,56,219.0,-57.0,63.0,34.0,132.0,10.0,-87.0,5573.0,85.0,-20.0,8.186526527505418,62.663541660977124,
909,572.86975,121.70595175254871,34.0289540438381,109.97730182730456,29.0,0.8081,297.0,46.0,162.0,1008.0,26.0,227.0,122.0,327.0,27.46791955890978,122,9,52,54,226.0,-33.0,66.0,65.0,162.0,38.0,-64.0,5814.0,115.0,4.0,8.3135549247125,62.663541660977124,
910,652.07117,37.90998538863398,29.318194971173643,142.53387956812577,28.0,0.7907,300.0,47.0,162.0,1009.0,26.0,225.0,123.0,328.0,20.199120979652214,115,5,51,56,221.0,-40.0,64.0,55.0,151.0,29.0,-70.0,5666.0,104.0,-3.0,8.167805109132138,62.661458327643984,
911,574.9853,96.23159711537076,38.383494481919286,134.73109292996782,28.0,0.7788,300.0,47.0,162.0,1009.0,26.0,225.0,123.0,328.0,27.847720594659446,113,6,53,55,221.0,-40.0,64.0,55.0,151.0,29.0,-70.0,5666.0,104.0,-3.0,8.172341518523304,62.661458327643984,
912,536.23596,181.74755667159297,42.33824867320795,171.11170468111092,29.0,0.76615,300.0,49.0,167.0,1025.0,25.0,235.0,122.0,328.0,28.514497150434696,115,6,53,58,220.0,-47.0,64.0,47.0,143.0,21.0,-77.0,5660.0,96.0,-11.0,8.17687792791447,62.661458327643984,
913,582.7166,274.8248583432412,22.77233618000361,239.98612664912508,29.0,0.805,300.0,49.0,167.0,1025.0,25.0,235.0,122.0,328.0,22.20966216602745,105,7,54,57,220.0,-47.0,64.0,47.0,143.0,21.0,-77.0,5660.0,96.0,-11.0,8.181414337305634,62.661458327643984,
914,700.1771,69.84727924732553,43.211530464722074,75.21156865883253,28.0,0.75325,278.0,49.0,172.0,1002.0,23.0,244.0,113.0,313.0,38.593805665361636,116,4,58,57,239.0,-44.0,69.0,61.0,162.0,32.0,-77.0,6119.0,112.0,-4.0,8.602996651279037,62.64479166097881,
915,93.91665,201.42556437997476,25.784020652913103,214.26677579237196,28.0,0.8059,285.0,49.0,177.0,1036.0,24.0,249.0,117.0,327.0,18.237870213861207,119,3,57,62,243.0,-29.0,70.0,81.0,181.0,49.0,-62.0,6236.0,131.0,11.0,8.748080125761046,62.64479166097881,
916,69.15258,140.2177006989472,30.02533132268407,187.0954714550629,28.0,0.7955,285.0,49.0,178.0,1037.0,24.0,250.0,117.0,327.0,17.53923388708337,105,1,53,63,244.0,-29.0,70.0,81.0,181.0,49.0,-63.0,6258.0,131.0,11.0,8.751998882547582,62.64270832764566,
917,88.145,190.80072820535923,26.305088280598227,188.88012428938848,28.0,0.8407,285.0,49.0,178.0,1037.0,24.0,250.0,117.0,327.0,16.494865132886904,63,7,49,61,244.0,-29.0,70.0,81.0,181.0,49.0,-63.0,6258.0,131.0,11.0,8.756532422502106,62.64270832764566,
918,93.93055,180.52002261706755,23.30012799446556,179.83914940335495,28.0,0.8297,285.0,49.0,177.0,1037.0,24.0,249.0,117.0,328.0,15.54235861154247,122,7,51,59,244.0,-27.0,70.0,83.0,184.0,51.0,-60.0,6263.0,133.0,13.0,8.761065962456634,62.64270832764566,
919,689.7364,213.88957314243055,66.41125292075554,235.5613080081052,28.0,0.8015,261.0,53.0,176.0,999.0,21.0,269.0,104.0,298.0,38.17362606197639,103,9,54,51,244.0,-69.0,70.0,-6.0,141.0,6.0,-103.0,6217.0,89.0,53.0,8.856270301501525,62.64270832764566,
920,787.5551,321.5122125604695,60.47132164896461,238.7372190499159,28.0,0.7205,294.0,59.0,200.0,1105.0,20.0,293.0,116.0,324.0,35.47817067914884,127,0,54,55,232.0,-84.0,66.0,-29.0,115.0,-14.0,-117.0,5890.0,65.0,-46.0,8.615387237307017,62.64062499431252,
921,609.3282,179.62666241764202,51.78356055678029,164.93776530551298,28.0,0.8472,259.0,51.0,171.0,983.0,22.0,258.0,104.0,296.0,33.13848838240753,101,8,54,52,248.0,-57.0,71.0,10.0,157.0,21.0,-91.0,6326.0,105.0,-16.0,8.864714413330391,62.64062499431252,
922,765.90814,188.52960243413895,73.63452596410228,196.35305387585558,28.0,0.79995,257.0,52.0,172.0,982.0,22.0,260.0,103.0,295.0,36.44897602754191,122,8,53,55,247.0,-60.0,71.0,5.0,153.0,17.0,-94.0,6281.0,100.0,64.0,8.873157350236262,62.638541660979364,
923,799.0025,184.6458731519965,68.18093903585415,188.46996845381162,28.0,0.7294,311.0,56.0,186.0,1088.0,23.0,259.0,125.0,340.0,34.182720551429384,108,11,46,51,218.0,-61.0,63.0,29.0,126.0,5.0,-92.0,5564.0,79.0,-25.0,8.164877145214717,62.63437499431307,
924,811.438,181.15081736207605,64.62524081121849,182.38279350355546,28.0,0.753,307.0,54.0,181.0,1073.0,23.0,255.0,124.0,337.0,32.78457402417792,120,10,51,52,220.0,-60.0,63.0,31.0,129.0,7.0,-91.0,5593.0,82.0,-23.0,8.169409411184674,62.63437499431307,
925,803.6502,171.6428956313272,60.67069139697492,165.97600438905047,28.0,0.7469,307.0,54.0,181.0,1073.0,23.0,255.0,124.0,337.0,32.73439415218503,113,10,51,54,220.0,-60.0,63.0,31.0,129.0,7.0,-91.0,5593.0,82.0,-23.0,8.173941677154632,62.63437499431307,
926,792.919,181.86578415661586,51.93215774693155,180.96312645686854,29.0,0.6592,305.0,54.0,180.0,1065.0,23.0,253.0,123.0,334.0,28.286536860411843,117,24,54,53,220.0,-59.0,64.0,32.0,130.0,8.0,-90.0,5604.0,83.0,-23.0,8.178473943124589,62.63437499431307,
927,556.99335,188.52527001708634,77.76349419837832,182.26919637173097,29.0,0.7407,301.0,43.0,151.0,983.0,28.0,207.0,125.0,328.0,41.680093420460565,117,10,54,56,220.0,-26.0,64.0,71.0,165.0,44.0,-55.0,5677.0,119.0,11.0,8.141643864925515,62.63229166097993,
928,591.78174,195.24486161128618,85.58814218813777,207.21773099699217,29.0,0.7761,299.0,43.0,152.0,984.0,28.0,210.0,124.0,327.0,41.61593677933544,111,9,53,55,220.0,-28.0,64.0,69.0,162.0,42.0,-58.0,5684.0,117.0,9.0,8.146175812526103,62.63229166097993,
929,607.6419,175.1501327085353,85.54776941483,170.783527934944,28.0,0.8247,295.0,44.0,153.0,980.0,27.0,213.0,122.0,323.0,41.033345199414484,113,12,56,52,222.0,-34.0,64.0,63.0,158.0,36.0,-64.0,5709.0,111.0,3.0,8.150707760126766,62.63229166097993,
930,599.8387,180.0741737158286,74.90373833138293,180.22796443881003,28.0,0.8166,295.0,44.0,153.0,980.0,27.0,213.0,122.0,323.0,37.33153171046653,91,13,53,49,222.0,-34.0,64.0,63.0,158.0,36.0,-64.0,5709.0,111.0,3.0,8.155239707727427,62.63229166097993,
931,618.09875,192.09703009225572,64.39885885749305,200.55644794366947,28.0,0.8029,293.0,47.0,160.0,994.0,26.0,226.0,120.0,321.0,33.625246419422524,103,14,52,53,221.0,-44.0,64.0,51.0,147.0,25.0,-74.0,5686.0,101.0,-7.0,8.159771655328088,62.63229166097993,
932,649.42175,188.3497788654779,61.601281104562226,193.8389748336161,28.0,0.8078,293.0,47.0,160.0,994.0,26.0,226.0,120.0,321.0,31.3582619554809,93,14,44,50,221.0,-44.0,64.0,51.0,147.0,25.0,-74.0,5686.0,101.0,-7.0,8.164303602928749,62.63229166097993,
933,666.70984,189.29710625869794,53.853229197307336,191.86059252949445,28.0,0.8047,294.0,49.0,166.0,1012.0,25.0,235.0,120.0,323.0,28.79387066175496,116,10,52,51,221.0,-50.0,64.0,44.0,141.0,19.0,-80.0,5669.0,94.0,-13.0,8.168835550529412,62.63229166097993,
934,689.8585,195.6662896312037,36.003692431617644,193.72761928638872,28.0,0.7905,294.0,49.0,166.0,1012.0,25.0,235.0,120.0,323.0,19.190096475749698,101,15,50,55,221.0,-50.0,64.0,44.0,141.0,19.0,-80.0,5669.0,94.0,-13.0,8.173367498130073,62.63229166097993,
935,707.1385,202.61700226695993,25.90941479528074,197.31005555267777,29.0,0.7888,296.0,50.0,169.0,1023.0,24.0,239.0,120.0,324.0,14.956659329253943,116,11,52,54,220.0,-52.0,64.0,41.0,138.0,16.0,-82.0,5628.0,91.0,-16.0,8.177899445730734,62.63229166097993,
936,350.14777,196.44254584293333,87.56576153401511,202.8215101253727,29.0,0.7789,301.0,43.0,151.0,983.0,28.0,207.0,125.0,328.0,44.855217039954574,111,1,48,57,220.0,-26.0,64.0,71.0,165.0,44.0,-55.0,5677.0,119.0,11.0,8.141072005596515,62.63020832764678,
937,387.8861,185.32261784409292,83.28565093868747,191.15882674826173,29.0,0.8125,299.0,43.0,152.0,984.0,28.0,210.0,124.0,327.0,40.2624143076517,123,9,56,57,220.0,-28.0,64.0,69.0,162.0,42.0,-58.0,5684.0,117.0,9.0,8.145603634878523,62.63020832764678,
938,424.10855,193.16991157194317,70.50331242793294,203.02090712141475,28.0,0.8559,295.0,44.0,153.0,980.0,27.0,213.0,122.0,323.0,35.17301824641684,114,8,56,57,222.0,-34.0,64.0,63.0,158.0,36.0,-64.0,5709.0,111.0,3.0,8.150135264160605,62.63020832764678,
939,448.32477,187.20042019088882,62.05864479330725,189.96012534790145,28.0,0.8634,295.0,44.0,153.0,980.0,27.0,213.0,122.0,323.0,31.344780639035385,122,8,58,56,222.0,-34.0,64.0,63.0,158.0,36.0,-64.0,5709.0,111.0,3.0,8.154666893442686,62.63020832764678,
940,472.3496,190.03944803655324,65.8881114727705,196.49728454719127,28.0,0.8521,293.0,47.0,160.0,994.0,26.0,226.0,120.0,321.0,35.309258831041205,101,7,53,53,221.0,-44.0,64.0,51.0,147.0,25.0,-74.0,5686.0,101.0,-7.0,8.159198522724768,62.63020832764678,
941,505.0866,194.5076675306679,61.25429535572281,203.20439224900483,28.0,0.8329,293.0,47.0,160.0,994.0,26.0,226.0,120.0,321.0,32.53045685381695,85,11,48,53,221.0,-44.0,64.0,51.0,147.0,25.0,-74.0,5686.0,101.0,-7.0,8.16373015200685,62.63020832764678,
942,562.0066,219.2319710869987,42.9475834365293,228.9906887324887,28.0,0.8152,294.0,49.0,166.0,1012.0,25.0,235.0,120.0,323.0,26.575539013983153,86,12,48,53,221.0,-50.0,64.0,44.0,141.0,19.0,-80.0,5669.0,94.0,-13.0,8.168261781288932,62.63020832764678,
943,627.4941,225.97048651891183,26.38502570421039,220.0989650377785,28.0,0.7895,294.0,49.0,166.0,1012.0,25.0,235.0,120.0,323.0,18.766018190873957,91,12,48,56,221.0,-50.0,64.0,44.0,141.0,19.0,-80.0,5669.0,94.0,-13.0,8.172793410571012,62.63020832764678,
944,677.43567,279.50126819158044,18.96391674258048,215.8388249956883,29.0,0.7859,296.0,50.0,169.0,1023.0,24.0,239.0,120.0,324.0,14.661414162643712,90,6,53,56,220.0,-52.0,64.0,41.0,138.0,16.0,-82.0,5628.0,91.0,-16.0,8.177325039853095,62.63020832764678,
945,732.91815,288.77801264950165,22.8257069421688,221.28207010498588,29.0,0.7733,296.0,50.0,169.0,1023.0,24.0,239.0,120.0,324.0,17.90417638129564,95,7,52,57,220.0,-52.0,64.0,41.0,138.0,16.0,-82.0,5628.0,91.0,-16.0,8.181856669135176,62.63020832764678,
946,176.99046,197.8473374531155,64.95102111523273,200.9433989826591,29.0,0.8094,301.0,43.0,151.0,983.0,28.0,207.0,125.0,328.0,36.06312196119665,114,8,52,58,220.0,-26.0,64.0,71.0,165.0,44.0,-55.0,5677.0,119.0,11.0,8.140500237357303,62.62812499431364,
947,208.53407,194.2681998875332,69.95894019648331,204.35849035414077,29.0,0.83405,299.0,43.0,152.0,984.0,28.0,210.0,124.0,327.0,35.44631446137212,123,8,55,58,220.0,-28.0,64.0,69.0,162.0,42.0,-58.0,5684.0,117.0,9.0,8.145031548371437,62.62812499431364,
948,270.3231,196.13968603145122,75.44295780754554,205.27713615105483,29.0,0.855,299.0,43.0,152.0,984.0,28.0,210.0,124.0,327.0,39.557198877851604,116,10,54,58,220.0,-28.0,64.0,69.0,162.0,42.0,-58.0,5684.0,117.0,9.0,8.149562859385641,62.62812499431364,
949,284.8117,183.67502085802832,79.39420394346072,186.90724243918172,28.0,0.8655,295.0,44.0,153.0,980.0,27.0,213.0,122.0,323.0,40.31896023199661,122,7,57,56,222.0,-34.0,64.0,63.0,158.0,36.0,-64.0,5709.0,111.0,3.0,8.154094170399848,62.62812499431364,
950,312.60065,191.99885623932244,65.77833482542658,200.89837612213648,28.0,0.8538,293.0,47.0,160.0,994.0,26.0,226.0,120.0,321.0,35.059351866160554,96,14,51,55,221.0,-44.0,64.0,51.0,147.0,25.0,-74.0,5686.0,101.0,-7.0,8.158625481414054,62.62812499431364,
951,362.50885,207.6566602009636,53.59710855834714,219.10277131757775,28.0,0.824,293.0,47.0,160.0,994.0,26.0,226.0,120.0,321.0,36.108955118556864,79,12,49,53,221.0,-44.0,64.0,51.0,147.0,25.0,-74.0,5686.0,101.0,-7.0,8.16315679242826,62.62812499431364,
952,461.85507,249.259491130116,46.80955759597047,242.13902231698614,28.0,0.8144,294.0,49.0,166.0,1012.0,25.0,235.0,120.0,323.0,37.802180325618785,102,7,48,52,221.0,-50.0,64.0,44.0,141.0,19.0,-80.0,5669.0,94.0,-13.0,8.167688103442465,62.62812499431364,
953,618.9072,292.658380418902,45.34720259296875,248.53987834109998,28.0,0.8185,294.0,49.0,166.0,1012.0,25.0,235.0,120.0,323.0,40.70351669910507,91,8,50,57,221.0,-50.0,64.0,44.0,141.0,19.0,-80.0,5669.0,94.0,-13.0,8.172219414456672,62.62812499431364,
954,729.11066,316.2807413824319,38.76163515159227,227.96125301858908,29.0,0.79045,296.0,50.0,169.0,1023.0,24.0,239.0,120.0,324.0,26.05489506125051,103,8,53,56,220.0,-52.0,64.0,41.0,138.0,16.0,-82.0,5628.0,91.0,-16.0,8.176750725470876,62.62812499431364,
955,59.355965,186.5104878403703,45.219888269044354,197.05643911860815,29.0,0.8118,299.0,43.0,152.0,984.0,28.0,210.0,124.0,327.0,24.732114942967943,148,13,57,59,220.0,-28.0,64.0,69.0,162.0,42.0,-58.0,5684.0,117.0,9.0,8.144459552984122,62.62604166098048,
956,77.77026,180.58576876652452,60.57236344005383,184.9143950853423,29.0,0.8335,299.0,43.0,152.0,984.0,28.0,210.0,124.0,327.0,31.70413299798855,133,11,54,60,220.0,-28.0,64.0,69.0,162.0,42.0,-58.0,5684.0,117.0,9.0,8.148990545781142,62.62604166098048,
957,108.76,209.27212047470087,57.83600375632137,213.50219988072743,28.0,0.8319,295.0,44.0,153.0,980.0,27.0,213.0,122.0,323.0,31.855643003009018,130,8,54,61,222.0,-34.0,64.0,63.0,158.0,36.0,-64.0,5709.0,111.0,3.0,8.153521538578165,62.62604166098048,
958,203.31929,266.9915107463103,48.81175958814639,238.16671602248155,28.0,0.8271,295.0,44.0,153.0,980.0,27.0,213.0,122.0,323.0,38.692351964180695,114,10,58,58,222.0,-34.0,64.0,63.0,158.0,36.0,-64.0,5709.0,111.0,3.0,8.158052531375189,62.62604166098048,
959,347.26123,274.83190994855846,48.542941333193575,240.93486671599607,28.0,0.8266,293.0,47.0,160.0,994.0,26.0,226.0,120.0,321.0,35.64493288607136,104,10,50,57,221.0,-44.0,64.0,51.0,147.0,25.0,-74.0,5686.0,101.0,-7.0,8.16258352417221,62.62604166098048,
960,482.1029,261.48339467246933,54.58548321283254,252.630245053343,28.0,0.8114,294.0,49.0,166.0,1012.0,25.0,235.0,120.0,323.0,40.49217521547497,95,9,53,55,221.0,-50.0,64.0,44.0,141.0,19.0,-80.0,5669.0,94.0,-13.0,8.167114516969233,62.62604166098048,
961,740.37573,248.16724463270785,43.5954819157871,247.10100438599605,29.0,0.73015,296.0,50.0,169.0,1023.0,24.0,239.0,120.0,324.0,41.96956511107813,92,4,52,59,220.0,-52.0,64.0,41.0,138.0,16.0,-82.0,5628.0,91.0,-16.0,8.176176502563276,62.62604166098048,
962,210.90977,210.12607200886535,75.75370630185819,237.96976026762613,28.0,0.8219,302.0,42.0,152.0,994.0,29.0,208.0,126.0,334.0,41.250612306523294,88,3,57,56,223.0,-18.0,64.0,79.0,174.0,52.0,-49.0,5727.0,128.0,19.0,8.162010347217956,62.623958327647344,
963,323.30994,205.458221536908,85.67127862164473,223.88726829332737,28.0,0.8119,302.0,42.0,152.0,994.0,29.0,208.0,126.0,334.0,44.81925533040644,108,1,56,55,223.0,-18.0,64.0,79.0,174.0,52.0,-49.0,5727.0,128.0,19.0,8.166541021848476,62.623958327647344,
964,465.68423,252.08046253122953,71.9719350034231,238.21305734803403,28.0,0.7574,291.0,45.0,154.0,976.0,26.0,217.0,120.0,319.0,50.431832832874896,101,2,53,59,223.0,-38.0,64.0,58.0,155.0,32.0,-68.0,5712.0,108.0,-1.0,8.171071696478995,62.623958327647344,
965,691.4398,263.2674787800024,59.27061068232837,250.37434165632374,28.0,0.77695,294.0,50.0,168.0,1017.0,24.0,238.0,119.0,323.0,43.83900815513247,99,17,53,58,221.0,-53.0,64.0,41.0,138.0,16.0,-83.0,5654.0,91.0,-16.0,8.175602371109514,62.623958327647344,
966,860.1886,239.78340314362524,67.42133279979839,252.64835135083464,28.0,0.7449,294.0,50.0,168.0,1017.0,24.0,238.0,119.0,323.0,43.45570641940536,100,10,55,57,221.0,-53.0,64.0,41.0,138.0,16.0,-83.0,5654.0,91.0,-16.0,8.180133045740034,62.623958327647344,
967,482.7827,143.4580286646765,86.89382981737019,117.63736283168024,28.0,0.7812,302.0,42.0,149.0,980.0,29.0,203.0,126.0,330.0,38.865234415771724,109,7,58,56,218.0,-22.0,63.0,74.0,167.0,47.0,-51.0,5644.0,121.0,15.0,8.084421200795214,62.62187499431419,
968,356.34995,127.97475766386454,65.85190153759407,98.57281205407999,28.0,0.8094,302.0,42.0,149.0,980.0,29.0,203.0,126.0,330.0,37.0890488462992,114,5,56,58,218.0,-22.0,63.0,74.0,167.0,47.0,-51.0,5644.0,121.0,15.0,8.088951557309901,62.62187499431419,
969,276.5008,219.13435176672792,110.9856355041919,250.887884156972,28.0,0.755,291.0,45.0,154.0,976.0,26.0,217.0,120.0,319.0,56.899136271165304,109,8,53,60,223.0,-38.0,64.0,58.0,155.0,32.0,-68.0,5712.0,108.0,-1.0,8.170497974574115,62.62187499431419,
970,485.5786,211.8166883827797,113.46620030029898,245.72415493383352,28.0,0.74455,294.0,50.0,168.0,1017.0,24.0,238.0,119.0,323.0,53.84015065507005,120,10,50,59,221.0,-53.0,64.0,41.0,138.0,16.0,-83.0,5654.0,91.0,-16.0,8.1750283310888,62.62187499431419,
971,639.43353,217.01304278243143,96.0066348459101,251.02059200135318,28.0,0.74605,294.0,50.0,168.0,1017.0,24.0,238.0,119.0,323.0,49.47849931661563,115,9,53,57,221.0,-53.0,64.0,41.0,138.0,16.0,-83.0,5654.0,91.0,-16.0,8.179558687603487,62.62187499431419,
972,815.0973,226.15648785909744,93.56938864236604,253.59013982166582,28.0,0.6777,305.0,55.0,183.0,1072.0,23.0,257.0,123.0,334.0,51.74497062732533,120,8,55,55,221.0,-62.0,64.0,29.0,128.0,5.0,-93.0,5639.0,80.0,-26.0,8.1840890441181,62.62187499431419,
973,571.6351,51.37276375382377,59.539936718663945,123.03963665669613,29.0,0.7653,298.0,44.0,152.0,979.0,28.0,210.0,123.0,324.0,36.91211180743805,124,6,59,57,217.0,-32.0,63.0,61.0,155.0,35.0,-62.0,5590.0,109.0,3.0,8.079323575040767,62.61979166098105,
974,469.2257,64.34866456416641,45.907770849421595,100.21276573875083,28.0,0.8064,302.0,42.0,149.0,980.0,29.0,203.0,126.0,330.0,34.68229388205857,116,8,57,55,218.0,-22.0,63.0,74.0,167.0,47.0,-51.0,5644.0,121.0,15.0,8.08385361349028,62.61979166098105,
975,360.18552,68.56089473260657,44.56707276515115,125.88411932867069,28.0,0.8291,302.0,42.0,149.0,980.0,29.0,203.0,126.0,330.0,30.879253863662285,110,15,54,57,218.0,-22.0,63.0,74.0,167.0,47.0,-51.0,5644.0,121.0,15.0,8.088383651939791,62.61979166098105,
976,209.6396,47.72820770995479,42.88587625256051,113.27557000300962,28.0,0.862,302.0,42.0,150.0,989.0,29.0,203.0,126.0,335.0,30.707422665903753,127,12,53,61,218.0,-14.0,63.0,82.0,175.0,56.0,-43.0,5659.0,130.0,22.0,8.097443728838815,62.61979166098105,
977,597.93616,228.5051386302966,88.71939074464863,252.8660250155907,28.0,0.784,305.0,55.0,183.0,1072.0,23.0,257.0,123.0,334.0,52.036378825243204,119,7,54,57,221.0,-62.0,64.0,29.0,128.0,5.0,-93.0,5639.0,80.0,-26.0,8.183514459379314,62.61979166098105,
978,753.0285,209.34730714968094,88.59364892065543,236.50620486291368,28.0,0.7659,305.0,55.0,183.0,1072.0,23.0,257.0,123.0,334.0,45.43145952298905,135,6,54,56,221.0,-62.0,64.0,29.0,128.0,5.0,-93.0,5639.0,80.0,-26.0,8.188044497828827,62.61979166098105,
979,541.82855,77.61194421177852,35.53527324170856,91.29093370414633,29.0,0.83175,298.0,44.0,152.0,979.0,28.0,210.0,123.0,324.0,32.834896998316694,125,7,61,57,217.0,-32.0,63.0,61.0,155.0,35.0,-62.0,5590.0,109.0,3.0,8.08328611656392,62.6177083276479,
980,479.8215,117.35953627112082,46.96425846407822,163.49266919232284,28.0,0.8718,302.0,42.0,149.0,980.0,29.0,203.0,126.0,330.0,27.437324638000756,121,16,57,56,218.0,-22.0,63.0,74.0,167.0,47.0,-51.0,5644.0,121.0,15.0,8.087815836998903,62.6177083276479,
981,431.9733,39.38494456179513,45.989964351602026,126.24070167080228,28.0,0.8283,302.0,42.0,150.0,989.0,29.0,203.0,126.0,335.0,29.61241198855857,129,13,56,57,218.0,-14.0,63.0,82.0,175.0,56.0,-43.0,5659.0,130.0,22.0,8.092345557433886,62.6177083276479,
982,320.25092,91.13491515071146,50.35305715741831,112.49913927508962,28.0,0.8441,302.0,42.0,150.0,989.0,29.0,203.0,126.0,335.0,39.60553017185069,119,9,59,61,218.0,-14.0,63.0,82.0,175.0,56.0,-43.0,5659.0,130.0,22.0,8.09687527786887,62.6177083276479,
983,239.3841,59.9105885919553,56.315303033501145,140.62837328061445,29.0,0.83725,302.0,42.0,150.0,993.0,29.0,203.0,126.0,337.0,32.45892971982686,114,8,55,61,219.0,-11.0,64.0,86.0,179.0,59.0,-40.0,5644.0,133.0,26.0,8.101404998303853,62.6177083276479,
984,102.08631,258.94092442669404,32.60696207448324,253.30818948525757,28.0,0.8306,291.0,45.0,154.0,976.0,26.0,217.0,120.0,319.0,30.18738936583591,111,5,47,61,223.0,-38.0,64.0,58.0,155.0,32.0,-68.0,5712.0,108.0,-1.0,8.173880525263433,62.6177083276479,
985,249.52054,254.54360746974635,48.27489449383889,254.73300494142796,28.0,0.834,294.0,50.0,168.0,1017.0,24.0,238.0,119.0,323.0,37.758162204470025,108,4,51,59,221.0,-53.0,64.0,41.0,138.0,16.0,-83.0,5654.0,91.0,-16.0,8.178410245698416,62.6177083276479,
986,432.97855,243.74286874236947,58.433860197135935,246.96359233796179,28.0,0.8084,294.0,50.0,168.0,1017.0,24.0,238.0,119.0,323.0,45.3771303334261,119,9,48,61,221.0,-53.0,64.0,41.0,138.0,16.0,-83.0,5654.0,91.0,-16.0,8.182939966133327,62.6177083276479,
987,564.29767,213.81291334347236,65.30932805222089,237.1034211087776,28.0,0.7478,305.0,55.0,183.0,1072.0,23.0,257.0,123.0,334.0,44.1530005753729,107,13,50,59,221.0,-62.0,64.0,29.0,128.0,5.0,-93.0,5639.0,80.0,-26.0,8.18746968656831,62.6177083276479,
988,648.70087,220.89886309818309,66.54480558180822,218.3127436526239,28.0,0.69055,316.0,59.0,196.0,1122.0,22.0,274.0,126.0,344.0,38.450225853414935,113,9,53,59,220.0,-70.0,63.0,20.0,118.0,-4.0,-102.0,5591.0,71.0,-34.0,8.191999407003292,62.6177083276479,
989,576.0465,81.52685814543321,37.12305791541563,158.81097228513661,28.0,0.8102,300.0,50.0,167.0,1022.0,25.0,233.0,122.0,328.0,22.392027267732118,128,9,52,57,218.0,-49.0,63.0,43.0,139.0,18.0,-79.0,5590.0,93.0,-13.0,8.087248112466698,62.61562499431476,
990,511.4143,51.58423535682081,39.710398881066524,123.00139268607084,28.0,0.7814,295.0,46.0,157.0,992.0,26.0,221.0,121.0,323.0,29.159633905177632,126,19,54,51,220.0,-42.0,63.0,51.0,148.0,26.0,-72.0,5626.0,101.0,-6.0,8.091777514937785,62.61562499431476,
991,433.8292,111.80770309063335,68.22556406359776,157.98692573188222,28.0,0.7947,295.0,46.0,157.0,992.0,26.0,221.0,121.0,323.0,39.418529763312016,131,17,57,57,220.0,-42.0,63.0,51.0,148.0,26.0,-72.0,5626.0,101.0,-6.0,8.096306917408876,62.61562499431476,
992,386.28983,60.453183716633475,82.19590971837242,150.84357460667246,29.0,0.7897,295.0,43.0,149.0,969.0,28.0,207.0,122.0,322.0,40.06671257999698,130,8,57,58,220.0,-31.0,64.0,65.0,159.0,38.0,-61.0,5656.0,113.0,5.0,8.100836319879965,62.61562499431476,
993,329.07755,28.99120979049864,83.20908683278311,137.89721034943292,29.0,0.82345,295.0,43.0,149.0,969.0,28.0,207.0,122.0,322.0,42.105728912316806,126,6,56,60,220.0,-31.0,64.0,65.0,159.0,38.0,-61.0,5656.0,113.0,5.0,8.105365722350982,62.61562499431476,
994,86.58859,277.1720541102483,18.98208293443612,240.8645925861806,28.0,0.843,296.0,42.0,150.0,973.0,28.0,208.0,123.0,324.0,20.889303511635227,122,10,51,63,223.0,-26.0,64.0,72.0,167.0,45.0,-56.0,5745.0,120.0,11.0,8.173306759417247,62.61562499431476,
995,196.98619,256.6139446707092,32.849794670285775,250.58412115402527,28.0,0.8218,290.0,48.0,162.0,994.0,25.0,229.0,118.0,318.0,32.58698439877106,139,16,56,60,222.0,-48.0,64.0,47.0,144.0,21.0,-78.0,5676.0,97.0,-11.0,8.177836161888335,62.61562499431476,
996,350.65515,267.98823381371227,48.11493871285111,246.5401602630042,28.0,0.79535,290.0,48.0,162.0,994.0,25.0,229.0,118.0,318.0,43.14095579891183,111,17,49,58,222.0,-48.0,64.0,47.0,144.0,21.0,-78.0,5676.0,97.0,-11.0,8.182365564359351,62.61562499431476,
997,629.1628,179.89304959136882,67.84683630281492,172.98957100335852,28.0,0.72645,300.0,50.0,167.0,1022.0,25.0,233.0,122.0,328.0,34.84973740655266,131,20,57,55,218.0,-49.0,63.0,43.0,139.0,18.0,-79.0,5590.0,93.0,-13.0,8.091209562880447,62.61354166098161,
998,531.12854,43.1823322720043,67.93165675272199,108.3000622835871,29.0,0.7838,295.0,43.0,149.0,969.0,28.0,207.0,122.0,322.0,38.84657788352664,132,6,56,58,220.0,-31.0,64.0,65.0,159.0,38.0,-61.0,5656.0,113.0,5.0,8.104796816553831,62.61354166098161,
999,380.7325,74.07724936993657,76.0177220805441,101.66494635171871,28.0,0.80615,300.0,42.0,149.0,978.0,29.0,203.0,125.0,329.0,45.288606055995324,121,9,56,58,221.0,-21.0,64.0,76.0,170.0,49.0,-51.0,5677.0,124.0,17.0,8.109325901111651,62.61354166098161,
1000,73.45149,44.04426624459483,45.510554218207226,121.48124961549317,28.0,0.85745,302.0,42.0,151.0,994.0,29.0,206.0,126.0,336.0,29.819754005691564,99,8,48,58,221.0,-12.0,64.0,87.0,179.0,59.0,-42.0,5688.0,133.0,26.0,8.14555857757413,62.61354166098161,
1001,161.40964,265.0495763693463,30.55056509256809,252.78964479355912,28.0,0.8435,290.0,48.0,162.0,994.0,25.0,229.0,118.0,318.0,30.74949142520771,134,18,56,61,222.0,-48.0,64.0,47.0,144.0,21.0,-78.0,5676.0,97.0,-11.0,8.17726216947886,62.61354166098161,
1002,364.50525,279.24641179022757,55.04802482133796,255.0,28.0,0.7746,290.0,48.0,162.0,994.0,25.0,229.0,118.0,318.0,49.28662367073349,115,17,51,60,222.0,-48.0,64.0,47.0,144.0,21.0,-78.0,5676.0,97.0,-11.0,8.181791254036607,62.61354166098161,
1003,624.5274,292.7730517400845,63.1403759249586,251.93246570347094,29.0,0.7505,307.0,56.0,186.0,1086.0,23.0,263.0,123.0,337.0,46.69606369045283,128,15,50,60,220.0,-65.0,64.0,25.0,124.0,2.0,-96.0,5606.0,77.0,-29.0,8.186320338594427,62.61354166098161,
1004,812.67786,305.80914165547176,66.35492819035785,248.34234012636205,29.0,0.696,307.0,56.0,186.0,1086.0,23.0,263.0,123.0,337.0,45.48447419272324,124,8,50,61,220.0,-65.0,64.0,25.0,124.0,2.0,-96.0,5606.0,77.0,-29.0,8.190849423152248,62.61354166098161,
1005,446.36575,42.20989725983764,81.6670421644241,98.98497547585022,28.0,0.77185,300.0,42.0,149.0,978.0,29.0,203.0,125.0,329.0,47.29782431916939,123,8,56,57,221.0,-21.0,64.0,76.0,170.0,49.0,-51.0,5677.0,124.0,17.0,8.113285534717061,62.611458327648464,
1006,298.8861,43.49033580758717,71.6689985397761,116.93556261370246,29.0,0.80945,299.0,42.0,148.0,973.0,28.0,204.0,124.0,326.0,40.4958597871776,124,5,56,60,219.0,-24.0,64.0,73.0,166.0,46.0,-53.0,5684.0,121.0,13.0,8.117814301412222,62.611458327648464,
1007,342.4804,32.3777857058523,55.28607269643727,134.8994000696504,29.0,0.7929,302.0,42.0,150.0,988.0,29.0,206.0,126.0,333.0,31.682899669152906,134,7,49,59,220.0,-16.0,64.0,82.0,175.0,55.0,-45.0,5708.0,130.0,21.0,8.140458134887952,62.611458327648464,
1008,232.06451,40.42144854814258,68.8797594746537,102.08490301640693,28.0,0.8438,302.0,42.0,151.0,994.0,29.0,206.0,126.0,336.0,43.511486571628296,114,12,50,64,221.0,-12.0,64.0,87.0,179.0,59.0,-42.0,5688.0,133.0,26.0,8.144986901583112,62.611458327648464,
1009,74.28113,52.96085646252669,42.204561989931825,102.96534822835139,28.0,0.8202,302.0,42.0,151.0,994.0,29.0,206.0,126.0,336.0,31.502340854059828,109,10,52,65,221.0,-12.0,64.0,87.0,179.0,59.0,-42.0,5688.0,133.0,26.0,8.149515668278273,62.611458327648464,
1010,821.5287,268.4663777777287,56.78523697769942,252.1289071869316,29.0,0.64675,307.0,56.0,186.0,1086.0,23.0,263.0,123.0,337.0,48.495268187887056,111,6,49,56,220.0,-65.0,64.0,25.0,124.0,2.0,-96.0,5606.0,77.0,-29.0,8.190274568534647,62.611458327648464,
1011,467.50592,216.54166810700056,49.660993415532445,227.0369559070117,28.0,0.8269,260.0,51.0,172.0,980.0,22.0,258.0,104.0,293.0,29.23073004695652,148,6,57,57,243.0,-65.0,70.0,-1.0,145.0,11.0,-98.0,6178.0,93.0,-24.0,8.729197805257819,62.611458327648464,
1012,595.70734,215.65768230591422,75.52521783732159,244.45960850955913,28.0,0.7998,264.0,53.0,178.0,1003.0,21.0,268.0,105.0,297.0,41.474282966622106,148,8,61,58,241.0,-72.0,69.0,-11.0,136.0,2.0,-105.0,6128.0,84.0,49.0,8.733726571952905,62.611458327648464,
1013,360.79456,73.99856793958617,49.39394632797166,92.05374171952225,28.0,0.8223,302.0,42.0,151.0,994.0,29.0,206.0,126.0,336.0,37.62960470042471,125,3,51,58,221.0,-12.0,64.0,87.0,179.0,59.0,-42.0,5688.0,133.0,26.0,8.144415316596982,62.60937499431532,
1014,165.8087,83.63213799837841,48.17336911269007,70.03613362386646,28.0,0.8201,302.0,42.0,151.0,994.0,29.0,206.0,126.0,336.0,43.1809944062881,122,3,61,62,221.0,-12.0,64.0,87.0,179.0,59.0,-42.0,5688.0,133.0,26.0,8.148943765480084,62.60937499431532,
1015,179.1425,249.38836667163446,43.89084917956571,254.91446511681164,28.0,0.7898,290.0,48.0,162.0,994.0,25.0,229.0,118.0,318.0,39.02092851408285,119,13,53,62,222.0,-48.0,64.0,47.0,144.0,21.0,-78.0,5676.0,97.0,-11.0,8.176114458778702,62.60937499431532,
1016,494.51825,23.41939664068901,42.738586331555716,153.3861110359607,28.0,0.7977,263.0,49.0,170.0,976.0,23.0,248.0,107.0,300.0,24.541846252246508,132,10,62,56,245.0,-49.0,70.0,18.0,162.0,28.0,-83.0,6259.0,110.0,-9.0,8.724056773633118,62.60937499431532,
1017,455.15308,93.418141246063,28.45601705719102,160.15478868808268,28.0,0.82385,260.0,51.0,172.0,980.0,22.0,258.0,104.0,293.0,17.13199831536603,132,8,57,58,243.0,-65.0,70.0,-1.0,145.0,11.0,-98.0,6178.0,93.0,-24.0,8.72858522251622,62.60937499431532,
1018,460.0294,178.9235803740465,33.5139162045205,198.98895319606453,28.0,0.8317,260.0,51.0,172.0,980.0,22.0,258.0,104.0,293.0,17.282190409078144,137,5,48,61,243.0,-65.0,70.0,-1.0,145.0,11.0,-98.0,6178.0,93.0,-24.0,8.73311367139925,62.60937499431532,
1019,523.5654,212.93296151695466,66.15497472013438,234.79709788819042,28.0,0.7746,264.0,53.0,178.0,1003.0,21.0,268.0,105.0,297.0,36.07000292210672,150,5,59,61,241.0,-72.0,69.0,-11.0,136.0,2.0,-105.0,6128.0,84.0,49.0,8.737642120282352,62.60937499431532,
1020,90.41771,227.75210767443997,47.01747089638012,243.74281579168488,28.0,0.82205,350.0,50.0,172.0,1156.0,32.0,214.0,146.0,407.0,33.61889722609268,107,10,48,61,181.0,7.0,52.0,84.0,164.0,65.0,-17.0,4807.0,128.0,39.0,7.333308351824147,62.60729166098217,
1021,182.164,228.1748622762639,42.14406487713998,225.6292081845263,28.0,0.8472,367.0,53.0,180.0,1198.0,31.0,224.0,152.0,416.0,25.564593564906144,114,19,50,61,183.0,-4.0,53.0,72.0,154.0,54.0,-29.0,4846.0,118.0,29.0,7.337836482945781,62.60729166098217,
1022,234.06425,223.60814069400874,27.483763550208877,200.36860103107654,28.0,0.8398,362.0,52.0,177.0,1183.0,31.0,221.0,150.0,412.0,15.562988621582383,103,16,51,61,182.0,-2.0,52.0,75.0,156.0,56.0,-26.0,4847.0,120.0,30.0,7.342364614067416,62.60729166098217,
1023,226.21797,79.18409476878843,45.880979675188605,145.17669622246052,28.0,0.8549,362.0,52.0,177.0,1183.0,31.0,221.0,150.0,412.0,25.775705221916287,117,21,48,54,182.0,-2.0,52.0,75.0,156.0,56.0,-26.0,4847.0,120.0,30.0,7.34689274518905,62.60729166098217,
1024,120.77394,50.51880655363413,53.94815607324013,103.71100059162285,28.0,0.8606,344.0,49.0,169.0,1139.0,32.0,211.0,144.0,401.0,38.54718039696607,118,25,49,59,183.0,8.0,53.0,85.0,166.0,66.0,-17.0,4846.0,130.0,40.0,7.35142087631061,62.60729166098217,
1025,386.41278,188.5077636102792,40.3047561990548,175.00578644359123,28.0,0.8461,291.0,44.0,152.0,968.0,27.0,213.0,120.0,318.0,26.980617905181326,126,4,55,57,222.0,-37.0,64.0,59.0,155.0,33.0,-67.0,5694.0,108.0,0.0,8.125731298108613,62.60729166098217,
1026,294.66235,105.11789959414385,55.6246909768751,95.4520793675944,28.0,0.794,299.0,42.0,150.0,989.0,29.0,206.0,125.0,335.0,47.58196189515612,127,7,55,59,221.0,-12.0,64.0,87.0,179.0,59.0,-42.0,5692.0,133.0,26.0,8.143843822595073,62.60729166098217,
1027,127.04064,106.25111733405612,48.294703043297204,81.84754033961119,28.0,0.7771,299.0,42.0,150.0,989.0,29.0,206.0,125.0,335.0,43.35548173114162,119,10,55,62,221.0,-12.0,64.0,87.0,179.0,59.0,-42.0,5692.0,133.0,26.0,8.148371953716707,62.60729166098217,
1028,146.76205,273.03947757570853,47.97787207144062,254.9562078957318,29.0,0.8019,286.0,46.0,157.0,972.0,25.0,221.0,117.0,314.0,43.935163464829316,114,25,54,64,222.0,-43.0,65.0,53.0,149.0,26.0,-73.0,5730.0,102.0,-6.0,8.175540740446511,62.60729166098217,
1029,474.64944,59.555013186995055,25.572535037136763,134.3425267940333,28.0,0.7861,262.0,49.0,169.0,973.0,23.0,247.0,106.0,299.0,19.114392647714535,132,8,53,56,246.0,-49.0,70.0,18.0,163.0,28.0,-83.0,6281.0,111.0,-9.0,8.73250086840638,62.60729166098217,
1030,168.01894,224.34673063330104,49.015084476966386,247.72539969288752,28.0,0.84505,362.0,52.0,177.0,1183.0,31.0,221.0,150.0,412.0,34.41816688418663,105,11,45,62,182.0,-2.0,52.0,75.0,156.0,56.0,-26.0,4847.0,120.0,30.0,7.341849445856853,62.605208327649024,
1031,243.18031,201.9044246357007,21.76494149601408,194.90419210623455,28.0,0.8432,362.0,52.0,177.0,1183.0,31.0,221.0,150.0,412.0,18.830297768233166,121,4,48,61,182.0,-2.0,52.0,75.0,156.0,56.0,-26.0,4847.0,120.0,30.0,7.346377259267594,62.605208327649024,
1032,203.93376,60.43865025734865,33.9638287227367,124.85601191238999,28.0,0.85545,344.0,49.0,169.0,1139.0,32.0,211.0,144.0,401.0,25.84748745236526,111,7,46,57,183.0,8.0,53.0,85.0,166.0,66.0,-17.0,4846.0,130.0,40.0,7.350905072678264,62.605208327649024,
1033,117.898,57.67910812697159,34.90840594823167,115.58842608553485,28.0,0.8324,344.0,49.0,169.0,1139.0,32.0,211.0,144.0,401.0,26.220664412309674,101,10,59,56,183.0,8.0,53.0,85.0,166.0,66.0,-17.0,4846.0,130.0,40.0,7.355432886089006,62.605208327649024,
1034,32.276,64.72939832316673,18.294606107559268,128.97508070197304,28.0,0.8161,343.0,49.0,168.0,1135.0,32.0,211.0,143.0,399.0,18.624768129011745,110,12,49,60,183.0,8.0,53.0,86.0,166.0,67.0,-17.0,4871.0,130.0,40.0,7.359960699499748,62.605208327649024,
1035,557.5594,73.7968704132098,33.86264348258196,89.86801816366285,29.0,0.8095,291.0,44.0,152.0,969.0,27.0,214.0,120.0,318.0,32.4551557195534,127,5,53,58,220.0,-38.0,64.0,57.0,153.0,31.0,-67.0,5671.0,107.0,-2.0,8.120633352503079,62.605208327649024,
1036,451.82422,133.36285066496384,24.111260439352417,160.57630136721366,28.0,0.8443,291.0,44.0,152.0,968.0,27.0,213.0,120.0,318.0,19.80107760097188,125,4,55,58,222.0,-37.0,64.0,59.0,155.0,33.0,-67.0,5694.0,108.0,0.0,8.125161165913822,62.605208327649024,
1037,301.09244,100.98730822498787,58.138465209948265,80.29218207813533,28.0,0.7849,299.0,42.0,150.0,989.0,29.0,206.0,125.0,335.0,46.01956248027264,121,4,55,59,221.0,-12.0,64.0,87.0,179.0,59.0,-42.0,5692.0,133.0,26.0,8.143272419556718,62.605208327649024,
1038,95.35625,105.47170227839162,48.855497798552726,86.69954914762215,28.0,0.7881,299.0,42.0,150.0,989.0,29.0,206.0,125.0,335.0,37.540164589605176,118,9,53,61,221.0,-12.0,64.0,87.0,179.0,59.0,-42.0,5692.0,133.0,26.0,8.14780023296746,62.605208327649024,
1039,128.03174,269.1563701673452,35.46674936281607,249.13780528637037,28.0,0.8441,294.0,42.0,148.0,967.0,28.0,207.0,122.0,322.0,33.1663188763243,116,10,57,62,223.0,-27.0,64.0,71.0,166.0,44.0,-57.0,5761.0,120.0,11.0,8.174967113431913,62.605208327649024,
1040,313.65585,236.71513576439585,71.1488504285272,249.09559183244465,29.0,0.7969,286.0,46.0,157.0,972.0,25.0,221.0,117.0,314.0,44.72431323936138,132,13,59,60,222.0,-43.0,65.0,53.0,149.0,26.0,-73.0,5730.0,102.0,-6.0,8.179494926842583,62.605208327649024,
1041,467.643,200.24301565852244,122.46544991113414,216.98751325874633,28.0,0.6103,291.0,50.0,168.0,1011.0,24.0,238.0,118.0,320.0,54.23483265826616,122,7,54,60,223.0,-54.0,64.0,40.0,138.0,14.0,-85.0,5686.0,90.0,-17.0,8.184022740253328,62.605208327649024,
1042,539.537,228.64377977073562,40.91883722859709,241.92374770478438,28.0,0.7496,259.0,49.0,168.0,969.0,23.0,250.0,105.0,296.0,27.44210314896802,126,4,52,58,245.0,-53.0,70.0,13.0,158.0,24.0,-87.0,6265.0,107.0,-13.0,8.7499994165951,62.605208327649024,
1043,650.7464,225.99626982931022,60.66017972611019,251.1209788799455,28.0,0.7537,258.0,51.0,171.0,979.0,22.0,260.0,103.0,292.0,38.13283176636449,109,8,57,58,244.0,-66.0,70.0,-2.0,145.0,10.0,-99.0,6215.0,92.0,56.0,8.754527230005843,62.605208327649024,
1044,207.23096,254.74056040030922,42.344699866458896,239.96535759918876,28.0,0.84025,362.0,52.0,177.0,1183.0,31.0,221.0,150.0,412.0,35.11420192099912,109,5,48,62,182.0,-2.0,52.0,75.0,156.0,56.0,-26.0,4847.0,120.0,30.0,7.345861855389431,62.60312499431588,
1045,268.82452,118.5583877707799,21.809878389987503,168.05407913066506,28.0,0.83625,344.0,49.0,169.0,1139.0,32.0,211.0,144.0,401.0,14.159856713965642,110,8,48,58,183.0,8.0,53.0,85.0,166.0,66.0,-17.0,4846.0,130.0,40.0,7.350389351139774,62.60312499431588,
1046,194.96204,62.098658334061604,36.92458965798171,97.83636656747667,28.0,0.8434,344.0,49.0,169.0,1139.0,32.0,211.0,144.0,401.0,31.66128850366831,118,9,51,57,183.0,8.0,53.0,85.0,166.0,66.0,-17.0,4846.0,130.0,40.0,7.35491684689019,62.60312499431588,
1047,71.849525,56.97380596859262,32.69517369452217,118.91294298465236,28.0,0.8477,343.0,49.0,168.0,1135.0,32.0,211.0,143.0,399.0,27.323415815398924,112,16,50,59,183.0,8.0,53.0,86.0,166.0,67.0,-17.0,4871.0,130.0,40.0,7.359444342640608,62.60312499431588,
1048,253.81294,85.10231121360802,50.6805127344474,73.94300298640024,28.0,0.83055,299.0,42.0,150.0,989.0,29.0,206.0,125.0,335.0,41.26451374768446,116,9,47,59,221.0,-12.0,64.0,87.0,179.0,59.0,-42.0,5692.0,133.0,26.0,8.142701107461265,62.60312499431588,
1049,72.491455,77.95980415997899,31.122475701428336,95.18291987262779,28.0,0.83085,299.0,42.0,150.0,989.0,29.0,206.0,125.0,335.0,29.745287550549037,122,10,48,61,221.0,-12.0,64.0,87.0,179.0,59.0,-42.0,5692.0,133.0,26.0,8.147228603211682,62.60312499431588,
1050,698.1824,52.314683736197665,55.481794384596924,94.0311025609737,28.0,0.7736,280.0,45.0,156.0,964.0,25.0,224.0,115.0,310.0,37.93489599074938,139,8,61,55,228.0,-41.0,66.0,58.0,156.0,30.0,-72.0,5855.0,108.0,-4.0,8.30569095447598,62.60312499431588,
1051,455.18408,88.98056687993059,22.31508659922042,154.01110574741642,28.0,0.7606,259.0,49.0,168.0,969.0,23.0,250.0,105.0,296.0,12.92396227762245,132,5,56,59,245.0,-53.0,70.0,13.0,158.0,24.0,-87.0,6265.0,107.0,-13.0,8.74485804226561,62.60312499431588,
1052,463.20197,202.99186109773956,23.49330495498814,209.73022181078048,28.0,0.81675,259.0,49.0,168.0,969.0,23.0,250.0,105.0,296.0,15.287698982457488,108,6,56,59,245.0,-53.0,70.0,13.0,158.0,24.0,-87.0,6265.0,107.0,-13.0,8.749385538016028,62.60312499431588,
1053,529.548,225.35016125595428,42.29181719770864,240.8707574054472,28.0,0.85445,258.0,51.0,171.0,979.0,22.0,260.0,103.0,292.0,29.039890449301687,113,7,55,62,244.0,-66.0,70.0,-2.0,145.0,10.0,-99.0,6215.0,92.0,56.0,8.753913033766446,62.60312499431588,
1054,655.92224,234.41354825260353,56.64654040600257,254.9018180145795,28.0,0.86855,265.0,53.0,180.0,1013.0,21.0,273.0,105.0,300.0,38.59839920788821,129,7,58,57,241.0,-76.0,69.0,-16.0,132.0,-2.0,-109.0,6130.0,80.0,44.0,8.758440529516863,62.60312499431588,
1055,799.57556,229.11812086947526,59.24645386146523,252.9414765651022,28.0,0.83065,265.0,53.0,180.0,1013.0,21.0,273.0,105.0,300.0,38.35471360814406,126,4,58,57,241.0,-76.0,69.0,-16.0,132.0,-2.0,-109.0,6130.0,80.0,44.0,8.762968025267279,62.60312499431588,
1056,246.81003,216.5649570130248,39.22741073703029,222.05025645493438,28.0,0.8335,362.0,52.0,177.0,1183.0,31.0,221.0,150.0,412.0,29.77353644946533,110,7,49,62,182.0,-2.0,52.0,75.0,156.0,56.0,-26.0,4847.0,120.0,30.0,7.349873711676497,62.60104166098273,
1057,258.4633,121.77001336501762,21.7149138859188,146.4093785618283,28.0,0.8273,344.0,49.0,169.0,1139.0,32.0,211.0,144.0,401.0,18.031401041074144,116,8,50,59,183.0,8.0,53.0,85.0,166.0,66.0,-17.0,4846.0,130.0,40.0,7.354400889817143,62.60104166098273,
1058,161.29944,79.27176257112386,38.480687064554026,97.05712701771306,28.0,0.8378,343.0,49.0,168.0,1135.0,32.0,211.0,143.0,399.0,32.638507654869464,105,13,54,56,183.0,8.0,53.0,86.0,166.0,67.0,-17.0,4871.0,130.0,40.0,7.358928067957788,62.60104166098273,
1059,31.967455,81.26277387725236,19.41379864176529,111.59211774655873,28.0,0.6967,343.0,49.0,168.0,1135.0,32.0,211.0,143.0,399.0,23.34242643527264,100,10,49,60,183.0,8.0,53.0,86.0,166.0,67.0,-17.0,4871.0,130.0,40.0,7.363455246098434,62.60104166098273,
1060,625.48804,62.32216555667228,29.93853671904301,109.06420079193197,29.0,0.7424,291.0,44.0,152.0,969.0,27.0,214.0,120.0,318.0,27.168566014344634,121,4,53,55,220.0,-38.0,64.0,57.0,153.0,31.0,-67.0,5671.0,107.0,-2.0,8.1194939955849,62.60104166098273,
1061,621.67035,50.27604677748179,36.71167516182285,134.89323496587127,28.0,0.7877,291.0,44.0,152.0,968.0,27.0,213.0,120.0,318.0,24.438591640885438,123,1,51,56,222.0,-37.0,64.0,59.0,155.0,33.0,-67.0,5694.0,108.0,0.0,8.13307553000684,62.60104166098273,
1062,510.55832,77.16455844891142,50.51793275739934,80.23035301538475,29.0,0.8135,299.0,42.0,149.0,980.0,29.0,204.0,125.0,330.0,38.078336673918606,124,7,56,57,220.0,-17.0,64.0,80.0,174.0,53.0,-46.0,5709.0,129.0,20.0,8.137602708147412,62.60104166098273,
1063,267.63373,108.29912013951045,59.917893127158116,53.11746138282386,28.0,0.81595,299.0,42.0,150.0,989.0,29.0,206.0,125.0,335.0,49.76625446329851,121,10,55,57,221.0,-12.0,64.0,87.0,179.0,59.0,-42.0,5692.0,133.0,26.0,8.142129886288057,62.60104166098273,
1064,62.166862,87.0985425473133,32.16098661515449,105.84157020376533,28.0,0.8228,299.0,42.0,150.0,989.0,29.0,206.0,125.0,335.0,27.292496251605645,140,11,57,61,221.0,-12.0,64.0,87.0,179.0,59.0,-42.0,5692.0,133.0,26.0,8.146657064428704,62.60104166098273,
1065,219.73311,280.54159788755516,39.91758851582257,252.49403070653813,29.0,0.8445,286.0,46.0,157.0,972.0,25.0,221.0,117.0,314.0,37.037932531454,116,12,52,61,222.0,-43.0,65.0,53.0,149.0,26.0,-73.0,5730.0,102.0,-6.0,8.178347311413152,62.60104166098273,
1066,526.9713,296.0318566853587,46.9027949611033,242.18729403587542,28.0,0.7266,291.0,50.0,168.0,1011.0,24.0,238.0,118.0,320.0,39.431843946078324,119,8,53,60,223.0,-54.0,64.0,40.0,138.0,14.0,-85.0,5686.0,90.0,-17.0,8.187401667694443,62.60104166098273,
1067,454.76166,66.193649597192,25.191712609083478,158.89368787181377,28.0,0.864,259.0,49.0,168.0,969.0,23.0,250.0,105.0,296.0,13.386897215321905,100,3,53,62,245.0,-53.0,70.0,13.0,158.0,24.0,-87.0,6265.0,107.0,-13.0,8.748771757133506,62.60104166098273,
1068,462.2305,246.81294950125286,18.304940372641195,211.85770948435166,28.0,0.8729,258.0,51.0,171.0,979.0,22.0,260.0,103.0,292.0,13.991787829227425,119,3,57,62,244.0,-66.0,70.0,-2.0,145.0,10.0,-99.0,6215.0,92.0,56.0,8.75329893527415,62.60104166098273,
1069,534.8863,230.83581925190836,43.342351628682344,241.50511207527907,28.0,0.86285,258.0,51.0,171.0,979.0,22.0,260.0,103.0,292.0,31.806735935997608,131,7,58,61,244.0,-66.0,70.0,-2.0,145.0,10.0,-99.0,6215.0,92.0,56.0,8.757826113414797,62.60104166098273,
1070,674.79926,228.14272599273443,55.550740742203025,248.97014724166004,28.0,0.84565,265.0,53.0,180.0,1013.0,21.0,273.0,105.0,300.0,35.21054713042778,131,6,56,60,241.0,-76.0,69.0,-16.0,132.0,-2.0,-109.0,6130.0,80.0,44.0,8.762353291555442,62.60104166098273,
1071,158.14737,250.037401195362,45.38530345567503,251.13006486691978,29.0,0.82175,350.0,50.0,172.0,1154.0,32.0,215.0,146.0,404.0,38.36398403393829,96,8,46,63,182.0,4.0,53.0,81.0,162.0,62.0,-20.0,4831.0,126.0,36.0,7.349358154269801,62.598958327649584,
1072,244.66335,152.84136941645403,42.46032580531313,147.2575871860419,28.0,0.8182,346.0,50.0,171.0,1143.0,32.0,213.0,144.0,401.0,24.818870444830825,94,7,48,62,183.0,6.0,53.0,84.0,164.0,64.0,-19.0,4844.0,128.0,38.0,7.353885014851218,62.598958327649584,
1073,129.18416,120.76829762730705,42.40318976489352,89.72813868004305,28.0,0.82655,342.0,49.0,168.0,1131.0,32.0,210.0,143.0,398.0,37.04504826835281,114,11,47,56,183.0,8.0,53.0,85.0,166.0,66.0,-17.0,4849.0,130.0,41.0,7.358411875432637,62.598958327649584,
1074,15.221188,59.50957908766419,18.41704048403517,136.16052127064805,28.0,0.8006,342.0,49.0,168.0,1131.0,32.0,210.0,143.0,398.0,16.001872987368017,107,14,46,63,183.0,8.0,53.0,85.0,166.0,66.0,-17.0,4849.0,130.0,41.0,7.362938736014055,62.598958327649584,
1075,201.16048,109.81008890535475,61.120685091934824,56.57458952411035,28.0,0.737,297.0,41.0,148.0,980.0,29.0,203.0,124.0,332.0,47.568612128684,122,9,58,57,221.0,-12.0,64.0,87.0,179.0,59.0,-42.0,5702.0,134.0,26.0,8.14155875601646,62.598958327649584,
1076,471.8963,302.8814980293203,64.6678810663893,253.69754650413515,28.0,0.79,289.0,50.0,166.0,1003.0,24.0,236.0,117.0,317.0,42.529582041627016,121,16,53,59,223.0,-54.0,64.0,41.0,139.0,15.0,-84.0,5698.0,91.0,-17.0,8.182300501249149,62.598958327649584,
1077,614.16473,318.31596771624214,61.1559579081803,243.948888982315,28.0,0.7805,304.0,56.0,184.0,1074.0,23.0,260.0,122.0,333.0,37.11919773825898,125,9,54,57,222.0,-65.0,64.0,27.0,126.0,3.0,-96.0,5649.0,78.0,-28.0,8.186827361830566,62.598958327649584,
1078,561.0648,41.71676755750909,60.38974664377337,106.95029665006467,28.0,0.8461,258.0,49.0,166.0,963.0,23.0,249.0,104.0,293.0,37.72171167178364,106,14,52,60,247.0,-54.0,70.0,13.0,159.0,23.0,-88.0,6300.0,107.0,-14.0,8.748158073925355,62.598958327649584,
1079,483.05026,77.3964810737913,26.686521487799535,153.09338264734558,28.0,0.8579,259.0,49.0,168.0,967.0,23.0,248.0,105.0,296.0,15.500707351292096,100,7,57,61,247.0,-50.0,71.0,17.0,163.0,27.0,-84.0,6301.0,110.0,-10.0,8.752684934506773,62.598958327649584,
1080,476.73663,216.32096538736874,15.270876056402594,196.2234064137456,28.0,0.85145,259.0,49.0,168.0,967.0,23.0,248.0,105.0,296.0,8.018326551375537,133,5,56,61,247.0,-50.0,71.0,17.0,163.0,27.0,-84.0,6301.0,110.0,-10.0,8.75721179508819,62.598958327649584,
1081,535.5876,223.64533913847302,45.16406012491604,237.75661780030313,28.0,0.85985,255.0,50.0,167.0,963.0,22.0,251.0,103.0,292.0,30.656367908401116,123,5,56,62,246.0,-55.0,71.0,11.0,157.0,21.0,-89.0,6289.0,105.0,-16.0,8.761738655669607,62.598958327649584,
1082,655.7072,226.5031745694661,53.72716376336725,252.25685445920962,28.0,0.8463,255.0,50.0,167.0,963.0,22.0,251.0,103.0,292.0,36.08788003450683,131,4,56,60,246.0,-55.0,71.0,11.0,157.0,21.0,-89.0,6289.0,105.0,-16.0,8.766265516250954,62.598958327649584,
1083,782.62213,229.06242574804187,50.41650636430572,251.44639647734613,28.0,0.8245,255.0,51.0,170.0,972.0,22.0,260.0,102.0,290.0,33.952020983789815,129,5,55,59,245.0,-65.0,70.0,-1.0,146.0,11.0,-99.0,6240.0,93.0,57.0,8.77079237683237,62.598958327649584,
1084,711.9376,48.417244825865865,57.30442774320266,100.98655034127512,28.0,0.7981,258.0,49.0,166.0,963.0,23.0,249.0,104.0,293.0,36.42626599147484,118,12,57,57,247.0,-54.0,70.0,13.0,159.0,23.0,-88.0,6300.0,107.0,-14.0,8.747544488369394,62.59687499431644,
1085,583.50543,42.02452985928757,53.65518708192961,111.28022183795319,28.0,0.844,259.0,49.0,168.0,967.0,23.0,248.0,105.0,296.0,35.131191259591645,106,8,56,63,247.0,-50.0,71.0,17.0,163.0,27.0,-84.0,6301.0,110.0,-10.0,8.752071031442116,62.59687499431644,
1086,508.6209,50.662507462778066,30.055951051896884,149.07629513844458,28.0,0.8488,259.0,49.0,168.0,967.0,23.0,248.0,105.0,296.0,19.24017211455622,120,5,54,62,247.0,-50.0,71.0,17.0,163.0,27.0,-84.0,6301.0,110.0,-10.0,8.756597574514837,62.59687499431644,
1087,490.3176,144.60785196436822,13.811482959143328,189.29543320918452,28.0,0.85255,255.0,50.0,167.0,963.0,22.0,251.0,103.0,292.0,8.947678820628145,119,4,55,63,246.0,-55.0,71.0,11.0,157.0,21.0,-89.0,6289.0,105.0,-16.0,8.761124117587558,62.59687499431644,
1088,548.93134,231.20698034088238,37.04323870908834,241.8212173837801,28.0,0.8663,255.0,50.0,167.0,963.0,22.0,251.0,103.0,292.0,26.787567700467914,119,4,56,61,246.0,-55.0,71.0,11.0,157.0,21.0,-89.0,6289.0,105.0,-16.0,8.765650660660206,62.59687499431644,
1089,663.974,228.64422926794325,50.32533362980169,250.06913777869033,28.0,0.8503,255.0,51.0,170.0,972.0,22.0,260.0,102.0,290.0,34.48578301324849,118,6,54,60,245.0,-65.0,70.0,-1.0,146.0,11.0,-99.0,6240.0,93.0,57.0,8.770177203732928,62.59687499431644,
1090,771.61566,226.85052609333357,47.56419863883974,246.4667835937139,28.0,0.83025,255.0,51.0,170.0,972.0,22.0,260.0,102.0,290.0,32.33662788208748,125,10,55,57,245.0,-65.0,70.0,-1.0,146.0,11.0,-99.0,6240.0,93.0,57.0,8.77470374680565,62.59687499431644,
1091,867.16455,224.98800614946305,39.871763631826546,236.92546444295334,28.0,0.81145,260.0,52.0,176.0,998.0,21.0,270.0,103.0,297.0,26.68659748145608,126,5,56,56,243.0,-74.0,69.0,-12.0,135.0,1.0,-108.0,6162.0,83.0,47.0,8.779230289878372,62.59687499431644,
1092,462.75995,253.7097224891275,67.39059000712695,251.87224471950807,28.0,0.766,289.0,50.0,166.0,1003.0,24.0,236.0,117.0,317.0,49.117392458804254,123,17,52,61,223.0,-54.0,64.0,41.0,139.0,15.0,-84.0,5698.0,91.0,-17.0,8.17662657301182,62.5947916609833,
1093,464.2436,275.36017988890666,52.89325773530086,253.78659094922315,28.0,0.6914,284.0,56.0,190.0,1059.0,21.0,277.0,113.0,315.0,42.304056222927144,132,9,53,58,233.0,-77.0,67.0,-21.0,123.0,-7.0,-110.0,5872.0,72.0,-38.0,8.534198396560214,62.5947916609833,
1094,712.54535,46.52217695102767,52.22283586896784,109.97585991054623,28.0,0.80535,259.0,49.0,168.0,967.0,23.0,248.0,105.0,296.0,32.65077790697784,119,5,60,58,247.0,-50.0,71.0,17.0,163.0,27.0,-84.0,6301.0,110.0,-10.0,8.751457226058008,62.5947916609833,
1095,609.075,46.64140528698591,47.754750723317265,109.96234709686061,28.0,0.8219,259.0,49.0,168.0,967.0,23.0,248.0,105.0,296.0,32.632043999984845,114,8,56,61,247.0,-50.0,71.0,17.0,163.0,27.0,-84.0,6301.0,110.0,-10.0,8.75598345167255,62.5947916609833,
1096,518.8979,45.90943149540788,28.52427412470878,139.0104707517297,28.0,0.8457,255.0,50.0,167.0,963.0,22.0,251.0,103.0,292.0,18.74908460919065,115,4,56,63,246.0,-55.0,71.0,11.0,157.0,21.0,-89.0,6289.0,105.0,-16.0,8.760509677287097,62.5947916609833,
1097,499.76102,199.84549212257087,15.260408609928472,194.35226753063858,28.0,0.8521,255.0,50.0,167.0,963.0,22.0,251.0,103.0,292.0,9.694880837801898,119,5,55,60,246.0,-55.0,71.0,11.0,157.0,21.0,-89.0,6289.0,105.0,-16.0,8.76503590290157,62.5947916609833,
1098,555.9187,236.35184399904813,33.72976128774957,239.65243502066045,28.0,0.8563,255.0,51.0,170.0,972.0,22.0,260.0,102.0,290.0,25.691525926552877,128,5,58,60,245.0,-65.0,70.0,-1.0,146.0,11.0,-99.0,6240.0,93.0,57.0,8.769562128516114,62.5947916609833,
1099,663.04254,230.73298595677207,44.744764388096236,246.0852188740978,28.0,0.8456,255.0,51.0,170.0,972.0,22.0,260.0,102.0,290.0,30.676796919106696,121,8,58,59,245.0,-65.0,70.0,-1.0,146.0,11.0,-99.0,6240.0,93.0,57.0,8.77408835413066,62.5947916609833,
1100,772.215,229.99028067186413,42.591355350148135,244.61694658256246,28.0,0.8239,260.0,52.0,176.0,998.0,21.0,270.0,103.0,297.0,30.18995584223626,123,6,58,54,243.0,-74.0,69.0,-12.0,135.0,1.0,-108.0,6162.0,83.0,47.0,8.778614579745204,62.5947916609833,
1101,863.6008,229.37069203943787,37.475152846598796,239.68478592392813,28.0,0.7868,260.0,52.0,176.0,998.0,21.0,270.0,103.0,297.0,25.938324642153233,129,5,57,53,243.0,-74.0,69.0,-12.0,135.0,1.0,-108.0,6162.0,83.0,47.0,8.78314080535975,62.5947916609833,
1102,42.99472,46.6732180552712,20.536060206189646,133.14190168616875,28.0,0.77935,297.0,41.0,149.0,981.0,29.0,204.0,124.0,332.0,17.401464545653138,146,9,59,61,222.0,-13.0,64.0,87.0,179.0,59.0,-43.0,5744.0,134.0,25.0,8.144371818611827,62.59270832765014,
1103,724.33966,47.62697633627689,49.391989240488115,108.16166788664695,28.0,0.804,259.0,49.0,168.0,967.0,23.0,248.0,105.0,296.0,32.768983226422996,139,19,60,58,247.0,-50.0,71.0,17.0,163.0,27.0,-84.0,6301.0,110.0,-10.0,8.755369426539145,62.59270832765014,
1104,612.4873,47.13593144782197,46.11418759645844,110.77783287642137,28.0,0.8409,255.0,50.0,167.0,963.0,22.0,251.0,103.0,292.0,31.83646365055761,127,23,58,61,246.0,-55.0,71.0,11.0,157.0,21.0,-89.0,6289.0,105.0,-16.0,8.759895334746023,62.59270832765014,
1105,533.0088,67.78480953028503,26.371663058289823,154.14275882632785,28.0,0.8442,255.0,50.0,167.0,963.0,22.0,251.0,103.0,292.0,16.425906008246052,132,7,54,59,246.0,-55.0,71.0,11.0,157.0,21.0,-89.0,6289.0,105.0,-16.0,8.764421242952826,62.59270832765014,
1106,524.6032,187.44184106259647,11.954658614413269,188.9972138478827,28.0,0.8383,255.0,51.0,170.0,972.0,22.0,260.0,102.0,290.0,8.267555674232439,132,7,58,57,245.0,-65.0,70.0,-1.0,146.0,11.0,-99.0,6240.0,93.0,57.0,8.768947151159702,62.59270832765014,
1107,568.169,230.41632579217452,30.42139637821226,230.19496500583693,28.0,0.8392,255.0,51.0,170.0,972.0,22.0,260.0,102.0,290.0,21.879384982645128,138,8,56,61,245.0,-65.0,70.0,-1.0,146.0,11.0,-99.0,6240.0,93.0,57.0,8.773473059366582,62.59270832765014,
1108,667.20184,228.33988548780758,48.169652818551,248.54108174281023,28.0,0.8431,260.0,52.0,176.0,998.0,21.0,270.0,103.0,297.0,32.857754085406164,120,6,56,61,243.0,-74.0,69.0,-12.0,135.0,1.0,-108.0,6162.0,83.0,47.0,8.777998967573458,62.59270832765014,
1109,774.6746,223.97538877300644,45.698865742356595,239.4915146898585,28.0,0.8258,260.0,52.0,176.0,998.0,21.0,270.0,103.0,297.0,28.94746307503843,114,7,58,56,243.0,-74.0,69.0,-12.0,135.0,1.0,-108.0,6162.0,83.0,47.0,8.782524875780336,62.59270832765014,
1110,853.5412,221.79041024247738,44.32082981727436,235.17091722024566,28.0,0.767,271.0,55.0,187.0,1045.0,20.0,286.0,107.0,309.0,27.32622073669733,119,7,55,60,240.0,-84.0,69.0,-25.0,122.0,-11.0,-118.0,6080.0,70.0,62.0,8.787050783987212,62.59270832765014,
1111,103.48866,63.308730828187706,38.7110674276191,97.55362484200047,28.0,0.8585,295.0,41.0,147.0,975.0,29.0,203.0,123.0,330.0,31.586953009271657,135,5,58,61,221.0,-13.0,64.0,87.0,179.0,59.0,-42.0,5751.0,134.0,25.0,8.143800734383165,62.59062499431699,
1112,403.47037,235.08079203966108,84.5905676466315,240.48107602334153,28.0,0.7219,285.0,48.0,162.0,984.0,24.0,230.0,116.0,314.0,49.49927447323532,141,6,54,59,224.0,-51.0,64.0,45.0,143.0,19.0,-81.0,5750.0,95.0,-14.0,8.175479870331037,62.59062499431699,
1113,510.664,227.21789930694882,101.50157628783188,227.8468873538037,28.0,0.7059,285.0,48.0,162.0,984.0,24.0,230.0,116.0,314.0,49.44989009388032,137,9,56,60,224.0,-51.0,64.0,45.0,143.0,19.0,-81.0,5750.0,95.0,-14.0,8.180005461180745,62.59062499431699,
1114,725.803,48.65833370261524,50.6604448732375,104.22677293231925,28.0,0.7835,254.0,50.0,167.0,959.0,22.0,251.0,102.0,289.0,34.251461052003435,134,16,56,60,246.0,-58.0,70.0,8.0,155.0,19.0,-91.0,6290.0,103.0,-17.0,8.759281089942148,62.59062499431699,
1115,617.69855,44.08560777591168,44.75272343456627,119.15740160987562,28.0,0.825,254.0,50.0,167.0,959.0,22.0,251.0,102.0,289.0,29.43396073257594,133,14,53,58,246.0,-58.0,70.0,8.0,155.0,19.0,-91.0,6290.0,103.0,-17.0,8.763806680791781,62.59062499431699,
1116,551.516,65.65944281568426,25.203953049251357,154.5669622385884,28.0,0.8138,255.0,49.0,166.0,958.0,23.0,250.0,103.0,290.0,15.151886111103028,128,8,53,57,249.0,-56.0,71.0,12.0,159.0,22.0,-90.0,6337.0,106.0,-15.0,8.768332271641487,62.59062499431699,
1117,537.5595,148.20814584439833,14.493828414684797,185.443120432142,28.0,0.81515,255.0,49.0,166.0,958.0,23.0,250.0,103.0,290.0,8.729681736269207,131,5,53,63,249.0,-56.0,71.0,12.0,159.0,22.0,-90.0,6337.0,106.0,-15.0,8.772857862491195,62.59062499431699,
1118,567.07465,249.79726275107387,27.585140527639876,217.55005067794406,28.0,0.8445,253.0,50.0,166.0,957.0,22.0,251.0,102.0,289.0,17.49569868192579,133,7,56,60,247.0,-56.0,71.0,10.0,157.0,21.0,-90.0,6303.0,104.0,-16.0,8.777383453340901,62.59062499431699,
1119,643.0561,220.09967013129494,51.14827928297483,235.24037275845618,28.0,0.8311,253.0,50.0,166.0,957.0,22.0,251.0,102.0,289.0,30.66900604290822,145,9,61,57,247.0,-56.0,71.0,10.0,157.0,21.0,-90.0,6303.0,104.0,-16.0,8.781909044190607,62.59062499431699,
1120,733.81085,214.0353370713055,58.54042454805002,237.5065529711387,28.0,0.8289,253.0,50.0,166.0,958.0,22.0,252.0,102.0,289.0,34.99616779620782,133,6,58,57,248.0,-58.0,71.0,9.0,156.0,20.0,-92.0,6316.0,103.0,-17.0,8.786434635040314,62.59062499431699,
1121,806.16895,205.1206341610113,54.996051094688525,219.68883841349697,28.0,0.7564,253.0,50.0,166.0,958.0,22.0,252.0,102.0,289.0,31.123082890568142,116,8,58,56,248.0,-58.0,71.0,9.0,156.0,20.0,-92.0,6316.0,103.0,-17.0,8.79096022589002,62.59062499431699,
1122,569.6125,176.5149399620775,48.732470007665434,174.60606886293692,29.0,0.8517,296.0,45.0,152.0,978.0,27.0,212.0,122.0,323.0,26.65212060658167,115,9,56,61,217.0,-37.0,63.0,55.0,150.0,30.0,-67.0,5559.0,104.0,-1.0,8.01652208179909,62.58854166098385,
1123,565.1556,180.186854420601,35.88826627747628,179.72699411304438,29.0,0.83665,296.0,46.0,156.0,988.0,27.0,217.0,122.0,324.0,19.22664029152882,121,7,57,59,217.0,-40.0,63.0,52.0,147.0,27.0,-70.0,5566.0,101.0,-4.0,8.021047355342112,62.58854166098385,
1124,642.68317,233.21363639685984,27.30164853719232,232.60120292730028,28.0,0.8036,302.0,49.0,164.0,1020.0,25.0,230.0,123.0,330.0,21.70888839932608,121,10,57,60,218.0,-48.0,63.0,43.0,140.0,19.0,-78.0,5549.0,93.0,-12.0,8.030097902428155,62.58854166098385,
1125,106.35033,51.10408254478149,47.75940589853692,138.14105901071187,28.0,0.8528,295.0,41.0,147.0,975.0,29.0,203.0,123.0,330.0,30.462305170874686,122,10,53,59,221.0,-13.0,64.0,87.0,179.0,59.0,-42.0,5751.0,134.0,25.0,8.147755014546496,62.58854166098385,
1126,61.073788,33.018033647498626,26.033379489336898,147.9432757088122,28.0,0.8244,295.0,41.0,149.0,979.0,29.0,204.0,123.0,331.0,19.53509140230965,116,10,50,62,221.0,-13.0,64.0,87.0,179.0,59.0,-42.0,5756.0,134.0,25.0,8.152280288089514,62.58854166098385,
1127,734.67804,44.91458644203608,48.97425372909709,110.92877615480361,28.0,0.7632,254.0,50.0,167.0,959.0,22.0,251.0,102.0,289.0,33.41187201161878,121,1,52,59,246.0,-58.0,70.0,8.0,155.0,19.0,-91.0,6290.0,103.0,-17.0,8.763192216396241,62.58854166098385,
1128,642.82367,31.403660985033,47.6996076012982,134.09292514669508,28.0,0.796,255.0,49.0,166.0,958.0,23.0,250.0,103.0,290.0,29.93922363174977,124,1,51,58,249.0,-56.0,71.0,12.0,159.0,22.0,-90.0,6337.0,106.0,-15.0,8.767717489939264,62.58854166098385,
1129,592.2754,41.10134132034777,36.92649191694973,152.82659710648912,28.0,0.82605,255.0,49.0,166.0,958.0,23.0,250.0,103.0,290.0,22.440882861515522,122,6,52,59,249.0,-56.0,71.0,12.0,159.0,22.0,-90.0,6337.0,106.0,-15.0,8.772242763482286,62.58854166098385,
1130,568.2245,91.68808713267305,20.532155085443925,174.38809135705938,28.0,0.816,253.0,50.0,166.0,957.0,22.0,251.0,102.0,289.0,11.339815303838156,135,5,54,58,247.0,-56.0,71.0,10.0,157.0,21.0,-90.0,6303.0,104.0,-16.0,8.776768037025308,62.58854166098385,
1131,577.5324,211.12302120767015,14.162440737817805,200.80924376327286,28.0,0.8188,253.0,50.0,166.0,957.0,22.0,251.0,102.0,289.0,9.88745985314069,141,6,54,58,247.0,-56.0,71.0,10.0,157.0,21.0,-90.0,6303.0,104.0,-16.0,8.781293310568328,62.58854166098385,
1132,612.58295,217.8121886998325,30.487539335023154,214.5530360508881,28.0,0.8286,253.0,50.0,166.0,958.0,22.0,252.0,102.0,289.0,19.29798434038077,150,7,55,59,248.0,-58.0,71.0,9.0,156.0,20.0,-92.0,6316.0,103.0,-17.0,8.78581858411135,62.58854166098385,
1133,667.2732,205.92192616537073,48.417153699044015,218.30353453991773,28.0,0.835,253.0,50.0,166.0,958.0,22.0,252.0,102.0,289.0,29.406605578306447,116,7,56,61,248.0,-58.0,71.0,9.0,156.0,20.0,-92.0,6316.0,103.0,-17.0,8.79034385765437,62.58854166098385,
1134,735.9317,205.26337502438815,53.7494187778169,220.31698183124396,28.0,0.7961,252.0,50.0,167.0,962.0,22.0,257.0,101.0,289.0,31.25019881244803,131,6,56,58,247.0,-63.0,71.0,2.0,150.0,14.0,-97.0,6288.0,97.0,61.0,8.794869131197391,62.58854166098385,
1135,785.8643,201.58995608110598,48.96901009727588,209.14920925657947,28.0,0.77695,252.0,50.0,167.0,962.0,22.0,257.0,101.0,289.0,26.01270073856427,113,6,55,60,247.0,-63.0,71.0,2.0,150.0,14.0,-97.0,6288.0,97.0,61.0,8.799394404740415,62.58854166098385,
1136,860.8179,180.6458120320246,26.957328338120007,180.9269437958541,28.0,0.7964,251.0,50.0,168.0,965.0,22.0,260.0,100.0,290.0,15.631665595511734,121,7,55,56,247.0,-66.0,71.0,-2.0,147.0,10.0,-100.0,6276.0,94.0,57.0,8.817495498912427,62.58854166098385,
1137,856.76135,177.89381762468656,25.489515768940684,177.87772368585348,28.0,0.7876,251.0,50.0,168.0,965.0,22.0,260.0,100.0,290.0,15.397774556891193,120,8,55,58,247.0,-66.0,71.0,-2.0,147.0,10.0,-100.0,6276.0,94.0,57.0,8.822020772455447,62.58854166098385,
1138,859.68274,183.01373126846875,24.25335715079216,183.01236013138526,28.0,0.7876,252.0,50.0,169.0,969.0,22.0,262.0,100.0,290.0,14.97953241521125,125,7,54,57,247.0,-68.0,71.0,-4.0,145.0,9.0,-102.0,6288.0,93.0,55.0,8.82654604599847,62.58854166098385,
1139,860.8848,182.46653124653596,21.836820842928507,182.0682268737891,28.0,0.7765,252.0,50.0,169.0,969.0,22.0,262.0,100.0,290.0,12.94011967700981,123,7,53,55,247.0,-68.0,71.0,-4.0,145.0,9.0,-102.0,6288.0,93.0,55.0,8.831071319541492,62.58854166098385,
1140,868.6973,193.29708041187078,21.23227499127023,189.3434362075612,28.0,0.7643,252.0,51.0,171.0,972.0,21.0,263.0,100.0,291.0,11.816832780979679,127,9,50,55,246.0,-68.0,70.0,-4.0,144.0,8.0,-102.0,6264.0,91.0,54.0,8.835596593084512,62.58854166098385,
1141,883.08374,197.33251451278016,23.768166256937874,192.49413205273544,28.0,0.75625,252.0,51.0,171.0,972.0,21.0,263.0,100.0,291.0,13.450061121121518,121,7,53,51,246.0,-68.0,70.0,-4.0,144.0,8.0,-102.0,6264.0,91.0,54.0,8.840121866627534,62.58854166098385,
1142,900.6328,195.43531051295943,29.542000974105978,194.55481385163955,28.0,0.76755,252.0,51.0,171.0,975.0,21.0,265.0,101.0,292.0,16.505597995829103,124,6,51,56,246.0,-70.0,71.0,-6.0,142.0,6.0,-104.0,6263.0,89.0,53.0,8.844647140170482,62.58854166098385,
1143,926.6715,200.37745996118488,45.659962633803026,207.50324502539422,28.0,0.7376,252.0,51.0,171.0,975.0,21.0,265.0,101.0,292.0,24.639052842364897,125,7,51,51,246.0,-70.0,71.0,-6.0,142.0,6.0,-104.0,6263.0,89.0,53.0,8.849172413713504,62.58854166098385,
1144,476.02496,212.05788112825928,29.327939045939008,204.428548935726,29.0,0.82985,296.0,45.0,152.0,978.0,27.0,212.0,122.0,323.0,21.401439245752872,113,8,56,61,217.0,-37.0,63.0,55.0,150.0,30.0,-67.0,5559.0,104.0,-1.0,8.015960062421648,62.58645832765071,
1145,533.72284,224.19444599147326,20.12340127148975,214.2090997311339,28.0,0.83365,302.0,49.0,164.0,1020.0,25.0,230.0,123.0,330.0,17.984009546744637,131,22,56,61,218.0,-48.0,63.0,43.0,140.0,19.0,-78.0,5549.0,93.0,-12.0,8.02500997499527,62.58645832765071,
1146,581.28876,230.01699373782623,20.999668881279078,218.6497216068181,28.0,0.8096,302.0,49.0,164.0,1020.0,25.0,230.0,123.0,330.0,18.310542929014417,137,23,58,60,218.0,-48.0,63.0,43.0,140.0,19.0,-78.0,5549.0,93.0,-12.0,8.02953493128208,62.58645832765071,
1147,643.97473,233.86830320512243,33.71321081567065,239.7458727651858,28.0,0.77655,315.0,55.0,183.0,1091.0,24.0,255.0,127.0,344.0,26.69192799360196,131,22,59,58,215.0,-60.0,62.0,29.0,125.0,6.0,-90.0,5492.0,79.0,-24.0,8.03405988756889,62.58645832765071,
1148,205.14162,74.228771085535,41.47938933845118,88.7098769242553,28.0,0.83215,295.0,41.0,147.0,975.0,29.0,203.0,123.0,330.0,34.39094224444181,114,8,56,56,221.0,-13.0,64.0,87.0,179.0,59.0,-42.0,5751.0,134.0,25.0,8.147183794738938,62.58645832765071,
1149,76.48823,111.66002828331696,25.172868366365513,109.61041177460467,28.0,0.8375,295.0,41.0,149.0,979.0,29.0,204.0,123.0,331.0,26.21552240937962,113,4,54,61,221.0,-13.0,64.0,87.0,179.0,59.0,-42.0,5756.0,134.0,25.0,8.15170875102575,62.58645832765071,
1150,436.82642,191.32007993209237,78.87440039007112,188.9868600425938,28.0,0.7487,285.0,48.0,162.0,984.0,24.0,230.0,116.0,314.0,47.82716442982018,125,20,56,62,224.0,-51.0,64.0,45.0,143.0,19.0,-81.0,5750.0,95.0,-14.0,8.17885848874654,62.58645832765071,
1151,765.6774,37.243452840363695,44.7956081816924,126.83044513221056,28.0,0.7664,255.0,49.0,166.0,958.0,23.0,250.0,103.0,290.0,29.702555192026228,125,4,54,60,249.0,-56.0,71.0,12.0,159.0,22.0,-90.0,6337.0,106.0,-15.0,8.76710280603083,62.58645832765071,
1152,697.1117,29.059778807251515,45.41775553157397,140.57005662591843,28.0,0.8054,255.0,49.0,166.0,958.0,23.0,250.0,103.0,290.0,27.063807367087907,114,5,55,60,249.0,-56.0,71.0,12.0,159.0,22.0,-90.0,6337.0,106.0,-15.0,8.77162776231764,62.58645832765071,
1153,646.3733,24.65338499779331,41.49781190735748,148.0352175588121,28.0,0.8104,253.0,50.0,166.0,957.0,22.0,251.0,102.0,289.0,25.38468755526746,113,7,52,59,247.0,-56.0,71.0,10.0,157.0,21.0,-90.0,6303.0,104.0,-16.0,8.776152718604452,62.58645832765071,
1154,602.9062,63.19979172799897,29.236883659400146,161.2629411125916,28.0,0.8104,253.0,50.0,166.0,957.0,22.0,251.0,102.0,289.0,17.45451845813231,122,12,53,60,247.0,-56.0,71.0,10.0,157.0,21.0,-90.0,6303.0,104.0,-16.0,8.780677674891264,62.58645832765071,
1155,596.9855,222.7029379334977,15.846416074557045,183.40216438492402,28.0,0.7893,253.0,50.0,166.0,958.0,22.0,252.0,102.0,289.0,9.346184147655459,130,7,53,59,248.0,-58.0,71.0,9.0,156.0,20.0,-92.0,6316.0,103.0,-17.0,8.785202631178073,62.58645832765071,
1156,600.2551,178.7858419048415,16.06719596193171,184.98259132180542,28.0,0.7908,253.0,50.0,166.0,958.0,22.0,252.0,102.0,289.0,7.916973883167136,134,5,53,57,248.0,-58.0,71.0,9.0,156.0,20.0,-92.0,6316.0,103.0,-17.0,8.789727587464883,62.58645832765071,
1157,619.9506,235.40347562419575,28.008704595589993,206.11987131504924,28.0,0.79535,252.0,50.0,167.0,962.0,22.0,257.0,101.0,289.0,13.8745189888736,127,5,53,60,247.0,-63.0,71.0,2.0,150.0,14.0,-97.0,6288.0,97.0,61.0,8.794252543751693,62.58645832765071,
1158,661.23834,209.54019562973053,38.275243651636515,210.44213492411654,28.0,0.79155,252.0,50.0,167.0,962.0,22.0,257.0,101.0,289.0,21.68199981512419,126,5,57,60,247.0,-63.0,71.0,2.0,150.0,14.0,-97.0,6288.0,97.0,61.0,8.798777500038506,62.58645832765071,
1159,709.23505,208.08946237989102,41.460191076193716,217.69173819399134,28.0,0.8132,253.0,50.0,168.0,965.0,22.0,258.0,101.0,289.0,25.882042539798125,104,5,55,59,247.0,-65.0,70.0,0.0,148.0,12.0,-99.0,6279.0,95.0,58.0,8.803302456325243,62.58645832765071,
1160,752.5333,199.44234946204057,36.42158913126741,200.72573015002706,28.0,0.80565,253.0,50.0,168.0,965.0,22.0,258.0,101.0,289.0,19.62799237880629,112,8,53,59,247.0,-65.0,70.0,0.0,148.0,12.0,-99.0,6279.0,95.0,58.0,8.807827412612054,62.58645832765071,
1161,777.2053,194.16691360563698,33.02576255883459,194.13008350581623,28.0,0.7958,253.0,50.0,169.0,968.0,22.0,260.0,101.0,290.0,18.142858038296076,119,8,55,57,247.0,-66.0,71.0,-1.0,147.0,10.0,-100.0,6263.0,94.0,57.0,8.812352368898864,62.58645832765071,
1162,790.3898,187.34314147904166,30.816305744934546,186.8851486987277,28.0,0.7972,251.0,50.0,168.0,965.0,22.0,260.0,100.0,290.0,16.334366389408583,120,7,56,58,247.0,-66.0,71.0,-2.0,147.0,10.0,-100.0,6276.0,94.0,57.0,8.816877325185674,62.58645832765071,
1163,795.93884,183.83698683974518,26.56535294364973,183.688057212698,28.0,0.7907,251.0,50.0,168.0,965.0,22.0,260.0,100.0,290.0,14.436068707600537,125,8,55,58,247.0,-66.0,71.0,-2.0,147.0,10.0,-100.0,6276.0,94.0,57.0,8.821402281472485,62.58645832765071,
1164,804.5334,188.70021409436075,22.36707489279865,186.7376079252783,28.0,0.78075,252.0,50.0,169.0,969.0,22.0,262.0,100.0,290.0,12.17762094075007,120,8,55,59,247.0,-68.0,71.0,-4.0,145.0,9.0,-102.0,6288.0,93.0,55.0,8.825927237759295,62.58645832765071,
1165,811.4309,190.96198606159354,19.162756588865086,187.79309329411987,28.0,0.77205,252.0,50.0,169.0,969.0,22.0,262.0,100.0,290.0,10.80943267742182,122,6,54,57,247.0,-68.0,71.0,-4.0,145.0,9.0,-102.0,6288.0,93.0,55.0,8.830452194046108,62.58645832765071,
1166,826.60626,200.07953495987013,17.73698592906494,192.62493173667676,28.0,0.763,252.0,51.0,171.0,972.0,21.0,263.0,100.0,291.0,10.730791176890536,129,6,54,57,246.0,-68.0,70.0,-4.0,144.0,8.0,-102.0,6264.0,91.0,54.0,8.834977150332916,62.58645832765071,
1167,840.584,197.8036674882585,16.4223841255157,190.2498011235625,28.0,0.7376,252.0,51.0,171.0,972.0,21.0,263.0,100.0,291.0,10.013510555167413,123,6,52,57,246.0,-68.0,70.0,-4.0,144.0,8.0,-102.0,6264.0,91.0,54.0,8.839502106619728,62.58645832765071,
1168,848.8797,186.18158469575405,17.530391416041297,183.97219348005038,28.0,0.7452,252.0,51.0,171.0,975.0,21.0,265.0,101.0,292.0,9.685959793188033,123,8,51,57,246.0,-70.0,71.0,-6.0,142.0,6.0,-104.0,6263.0,89.0,53.0,8.844027062906465,62.58645832765071,
1169,857.31976,192.85093316762035,21.943065704127065,189.81422717137872,28.0,0.7462,252.0,51.0,171.0,975.0,21.0,265.0,101.0,292.0,12.788027544751056,120,8,51,54,246.0,-70.0,71.0,-6.0,142.0,6.0,-104.0,6263.0,89.0,53.0,8.848552019193276,62.58645832765071,
1170,871.7733,195.795538469943,32.08974805954361,195.22493697954872,28.0,0.732,258.0,53.0,178.0,1003.0,21.0,276.0,102.0,299.0,16.888974197144087,123,8,51,53,245.0,-79.0,70.0,-17.0,132.0,-4.0,-113.0,6191.0,79.0,70.0,8.853076975480088,62.58645832765071,
1171,336.3813,184.44033598221534,67.41955754558728,187.9617895434219,29.0,0.8311,309.0,45.0,153.0,1005.0,29.0,209.0,128.0,337.0,33.346929432847,93,8,57,61,210.0,-31.0,61.0,58.0,151.0,35.0,-59.0,5410.0,107.0,4.0,7.879658960007395,62.58437499431756,
1172,350.64453,188.65354154872256,71.5647021642669,196.16409886973216,28.0,0.8113,308.0,44.0,151.0,996.0,29.0,206.0,127.0,334.0,35.228078637978435,92,6,57,60,211.0,-30.0,61.0,59.0,152.0,36.0,-59.0,5427.0,108.0,5.0,7.884183599088458,62.58437499431756,
1173,367.12732,180.58370049058348,76.72827919901194,181.4008676405015,28.0,0.8251,308.0,44.0,151.0,996.0,29.0,206.0,127.0,334.0,36.92184285402931,96,5,57,57,211.0,-30.0,61.0,59.0,152.0,36.0,-59.0,5427.0,108.0,5.0,7.888708238169521,62.58437499431756,
1174,343.96606,166.0054731974942,76.18872459779766,154.165643464353,28.0,0.8256,305.0,43.0,147.0,983.0,30.0,200.0,127.0,333.0,36.978331003592004,90,8,57,58,211.0,-26.0,61.0,64.0,156.0,40.0,-55.0,5449.0,112.0,9.0,7.8932328772505835,62.58437499431756,
1175,480.17197,336.48913463121175,35.48627881973509,207.14539180357434,29.0,0.8406,296.0,45.0,152.0,978.0,27.0,212.0,122.0,323.0,22.098823102804815,117,4,49,60,217.0,-37.0,63.0,55.0,150.0,30.0,-67.0,5559.0,104.0,-1.0,8.015398132438982,62.58437499431756,
1176,503.55594,74.43712148763363,60.10024293656558,51.25114521560952,28.0,0.7876,295.0,41.0,147.0,975.0,29.0,203.0,123.0,330.0,49.67001979357211,114,6,58,60,221.0,-13.0,64.0,87.0,179.0,59.0,-42.0,5751.0,134.0,25.0,8.142088026708516,62.58437499431756,
1177,238.06783,90.95294810819048,53.611784315782295,46.08162559960857,28.0,0.80665,295.0,41.0,147.0,975.0,29.0,203.0,123.0,330.0,49.344085082442156,124,8,59,59,221.0,-13.0,64.0,87.0,179.0,59.0,-42.0,5751.0,134.0,25.0,8.14661266578958,62.58437499431756,
1178,45.93249,91.99608565805056,23.809877944824333,127.76472726589364,28.0,0.8112,295.0,41.0,149.0,979.0,29.0,204.0,123.0,331.0,19.01808476253065,128,4,59,57,221.0,-13.0,64.0,87.0,179.0,59.0,-42.0,5756.0,134.0,25.0,8.151137304870643,62.58437499431756,
1179,715.25977,261.2976014935883,96.54626964763757,235.24511535191382,28.0,0.7546,285.0,48.0,162.0,984.0,24.0,230.0,116.0,314.0,51.68651868528338,127,5,57,60,224.0,-51.0,64.0,45.0,143.0,19.0,-81.0,5750.0,95.0,-14.0,8.182809778438008,62.58437499431756,
1180,819.11847,271.921745438958,125.29534597317678,217.6205018051176,28.0,0.62065,304.0,56.0,184.0,1073.0,23.0,260.0,122.0,333.0,57.79575620697247,124,7,50,58,222.0,-66.0,64.0,26.0,125.0,2.0,-97.0,5644.0,77.0,-29.0,8.18733441751907,62.58437499431756,
1181,847.1456,44.857583894863865,29.367301479217208,146.27464535435587,28.0,0.7443,254.0,50.0,167.0,959.0,22.0,251.0,102.0,289.0,17.7492611442856,144,18,55,57,246.0,-58.0,70.0,8.0,155.0,19.0,-91.0,6290.0,103.0,-17.0,8.76648821989399,62.58437499431756,
1182,805.3432,28.903784948171573,42.901099310970245,148.54044990960975,28.0,0.7626,255.0,49.0,166.0,958.0,23.0,250.0,103.0,290.0,24.314866876827164,122,4,52,58,249.0,-56.0,71.0,12.0,159.0,22.0,-90.0,6337.0,106.0,-15.0,8.771012858975054,62.58437499431756,
1183,753.25366,27.027964419682057,45.97185889354502,144.1455472258155,28.0,0.7895,253.0,50.0,166.0,957.0,22.0,251.0,102.0,289.0,26.54367907594559,120,4,52,61,247.0,-56.0,71.0,10.0,157.0,21.0,-90.0,6303.0,104.0,-16.0,8.775537498056117,62.58437499431756,
1184,701.4712,26.621655123275097,45.04093954916529,144.10737510652095,28.0,0.7718,253.0,50.0,166.0,957.0,22.0,251.0,102.0,289.0,26.644284490528747,121,5,51,61,247.0,-56.0,71.0,10.0,157.0,21.0,-90.0,6303.0,104.0,-16.0,8.780062137137177,62.58437499431756,
1185,656.48865,57.389029725407475,35.042376768503814,156.29867559405997,28.0,0.747,253.0,50.0,166.0,958.0,22.0,252.0,102.0,289.0,21.08016999619085,119,4,54,62,248.0,-58.0,71.0,9.0,156.0,20.0,-92.0,6316.0,103.0,-17.0,8.78458677621824,62.58437499431756,
1186,633.1156,38.13647827204128,23.77956837971906,165.8766828471482,28.0,0.76325,253.0,50.0,166.0,958.0,22.0,252.0,102.0,289.0,13.613484492709427,113,4,55,58,248.0,-58.0,71.0,9.0,156.0,20.0,-92.0,6316.0,103.0,-17.0,8.789111415299304,62.58437499431756,
1187,642.36566,203.43231041482483,14.407757838081293,194.07701895920087,28.0,0.75355,253.0,50.0,168.0,965.0,22.0,258.0,101.0,289.0,8.886976993881682,126,6,56,57,247.0,-65.0,70.0,0.0,148.0,12.0,-99.0,6279.0,95.0,58.0,8.802685332542419,62.58437499431756,
1188,671.1872,214.46994290994132,24.42709902078873,207.49366779690504,28.0,0.78445,253.0,50.0,168.0,965.0,22.0,258.0,101.0,289.0,17.287078694279227,122,5,53,59,247.0,-65.0,70.0,0.0,148.0,12.0,-99.0,6279.0,95.0,58.0,8.80720997162348,62.58437499431756,
1189,703.4527,195.7850120975964,25.483460596330765,193.71272002381005,28.0,0.77185,253.0,50.0,169.0,968.0,22.0,260.0,101.0,290.0,15.61325101175152,110,5,53,59,247.0,-66.0,71.0,-1.0,147.0,10.0,-100.0,6263.0,94.0,57.0,8.811734610704544,62.58437499431756,
1190,714.16547,186.75854885380542,29.791158685755583,188.3566100041119,28.0,0.7739,253.0,50.0,169.0,968.0,22.0,260.0,101.0,290.0,18.650814293475182,81,6,58,59,247.0,-66.0,71.0,-1.0,147.0,10.0,-100.0,6263.0,94.0,57.0,8.816259249785608,62.58437499431756,
1191,726.3073,190.72718040324207,29.293434723364967,190.42567501467835,28.0,0.7958,251.0,50.0,168.0,965.0,22.0,260.0,100.0,290.0,18.30395534759668,118,8,57,57,247.0,-66.0,71.0,-2.0,147.0,10.0,-100.0,6276.0,94.0,57.0,8.820783888866668,62.58437499431756,
1192,743.3811,191.67711681359873,29.225910676167498,191.8566169451554,28.0,0.79135,252.0,50.0,169.0,969.0,22.0,262.0,100.0,290.0,17.736118592453668,124,7,53,60,247.0,-68.0,71.0,-4.0,145.0,9.0,-102.0,6288.0,93.0,55.0,8.825308527947731,62.58437499431756,
1193,765.1561,197.7246089548301,25.732287139979114,196.762484958508,28.0,0.7799,252.0,50.0,169.0,969.0,22.0,262.0,100.0,290.0,15.353617729784848,125,8,52,58,247.0,-68.0,71.0,-4.0,145.0,9.0,-102.0,6288.0,93.0,55.0,8.829833167028795,62.58437499431756,
1194,780.7707,201.2154891192568,19.032264406474546,195.3141932776341,28.0,0.7752,252.0,51.0,171.0,972.0,21.0,263.0,100.0,291.0,12.392325905447377,114,6,54,58,246.0,-68.0,70.0,-4.0,144.0,8.0,-102.0,6264.0,91.0,54.0,8.834357806109857,62.58437499431756,
1195,799.06836,198.0458538899277,18.793833894455258,191.42287482790795,28.0,0.7392,252.0,51.0,171.0,972.0,21.0,263.0,100.0,291.0,11.169052195975691,115,7,55,57,246.0,-68.0,70.0,-4.0,144.0,8.0,-102.0,6264.0,91.0,54.0,8.838882445190919,62.58437499431756,
1196,810.7021,189.99781939277338,18.05880953757872,186.31636126561904,28.0,0.7369,252.0,51.0,171.0,975.0,21.0,265.0,101.0,292.0,10.698138416803163,116,7,52,58,246.0,-70.0,71.0,-6.0,142.0,6.0,-104.0,6263.0,89.0,53.0,8.84340708427191,62.58437499431756,
1197,814.24176,177.8890414583203,18.3862412086813,179.43550442438345,28.0,0.7404,252.0,51.0,171.0,975.0,21.0,265.0,101.0,292.0,9.953540855245231,120,8,54,55,246.0,-70.0,71.0,-6.0,142.0,6.0,-104.0,6263.0,89.0,53.0,8.847931723352971,62.58437499431756,
1198,819.12396,196.400078686162,19.622801595941908,189.6215752775381,28.0,0.727,258.0,53.0,178.0,1003.0,21.0,276.0,102.0,299.0,10.423575489730535,118,8,53,55,245.0,-79.0,70.0,-17.0,132.0,-4.0,-113.0,6191.0,79.0,70.0,8.852456362434035,62.58437499431756,
1199,831.3387,193.7878814846846,23.40515858826774,189.4163028148667,28.0,0.7382,258.0,53.0,178.0,1003.0,21.0,276.0,102.0,299.0,12.08308745617098,111,8,51,56,245.0,-79.0,70.0,-17.0,132.0,-4.0,-113.0,6191.0,79.0,70.0,8.856981001515095,62.58437499431756,
1200,850.9007,201.42113091084013,43.14661184361788,205.1501513194069,28.0,0.7524,262.0,54.0,183.0,1024.0,20.0,283.0,104.0,306.0,20.337459766811826,109,8,52,53,244.0,-83.0,69.0,-23.0,126.0,-9.0,-118.0,6151.0,73.0,65.0,8.86150564059616,62.58437499431756,
1201,197.8861,184.4163313113566,56.35278679685705,187.19949377816766,29.0,0.85285,300.0,40.0,141.0,966.0,31.0,190.0,126.0,334.0,29.093421915070902,104,3,58,61,210.0,-9.0,61.0,84.0,173.0,59.0,-37.0,5462.0,130.0,27.0,7.879106634058127,62.5822916609844,
1202,200.3626,183.0728920035463,59.69736086347147,185.23160037772257,29.0,0.83325,300.0,40.0,141.0,966.0,31.0,190.0,126.0,334.0,31.082825054772638,112,0,58,58,210.0,-9.0,61.0,83.0,173.0,58.0,-37.0,5446.0,129.0,27.0,7.883630955983893,62.5822916609844,
1203,202.00252,180.23279954753158,64.46813627167711,180.667470674564,29.0,0.8144,300.0,40.0,141.0,966.0,31.0,190.0,126.0,334.0,33.507115339627674,115,3,59,60,210.0,-9.0,61.0,83.0,173.0,58.0,-37.0,5446.0,129.0,27.0,7.888155277909658,62.5822916609844,
1204,180.65782,168.78537155682162,63.97200286092088,160.69856172083402,29.0,0.8373,299.0,40.0,141.0,965.0,31.0,190.0,125.0,333.0,34.25944358081806,105,6,59,61,210.0,-9.0,61.0,84.0,173.0,58.0,-37.0,5471.0,130.0,27.0,7.892679599835424,62.5822916609844,
1205,141.87698,163.09823816517772,55.94210068097843,153.71998091988934,29.0,0.857,299.0,40.0,141.0,965.0,31.0,190.0,125.0,333.0,30.660604686982246,109,6,57,61,210.0,-9.0,61.0,84.0,173.0,58.0,-37.0,5471.0,130.0,27.0,7.897203921761117,62.5822916609844,
1206,251.92117,107.22588826117122,70.59423136050064,50.4752810425343,28.0,0.7604,294.0,41.0,147.0,972.0,29.0,203.0,123.0,329.0,52.85847381008397,128,9,59,57,221.0,-13.0,64.0,87.0,179.0,59.0,-42.0,5757.0,134.0,25.0,8.146041627677805,62.5822916609844,
1207,911.51733,55.810673184390524,49.38330055934884,166.18176546592898,28.0,0.67155,259.0,52.0,176.0,995.0,21.0,270.0,103.0,295.0,26.16322515474247,119,5,57,57,244.0,-75.0,70.0,-13.0,135.0,0.0,-109.0,6213.0,83.0,47.0,8.77039805343233,62.5822916609844,
1208,714.7888,24.894900621917074,43.80352460873688,148.81553951355903,28.0,0.7658,251.0,50.0,168.0,962.0,22.0,258.0,101.0,288.0,24.930422390992774,109,5,53,58,246.0,-66.0,70.0,-1.0,147.0,11.0,-99.0,6257.0,94.0,57.0,8.788495341135393,62.5822916609844,
1209,672.31525,70.18876911643432,38.55909208777874,163.60579037675197,28.0,0.7853,250.0,50.0,167.0,956.0,22.0,254.0,100.0,287.0,21.853537757885412,107,6,53,58,248.0,-63.0,71.0,4.0,151.0,14.0,-97.0,6329.0,98.0,61.0,8.793019663061159,62.5822916609844,
1210,685.60706,173.8454170120658,14.99472835361933,178.78679833312128,28.0,0.7457,249.0,50.0,166.0,954.0,22.0,254.0,100.0,287.0,8.10733056336067,108,6,53,60,249.0,-61.0,71.0,6.0,154.0,17.0,-95.0,6346.0,101.0,64.0,8.824689916541447,62.5822916609844,
1211,693.94946,201.1891741363425,23.50279070956075,201.38316290619838,28.0,0.7719,249.0,50.0,167.0,956.0,22.0,255.0,100.0,287.0,15.097496897156221,115,7,55,57,248.0,-62.0,71.0,5.0,152.0,16.0,-96.0,6341.0,100.0,63.0,8.829214238467213,62.5822916609844,
1212,734.8673,215.06265848919344,20.907158462664775,207.5189002056146,28.0,0.77315,249.0,50.0,166.0,954.0,22.0,255.0,100.0,287.0,14.27326197965964,108,7,53,57,250.0,-62.0,71.0,5.0,154.0,16.0,-96.0,6383.0,101.0,64.0,8.83373856039298,62.5822916609844,
1213,752.074,187.64457940902724,18.150983886154997,186.00957369911654,28.0,0.75045,249.0,50.0,166.0,954.0,22.0,255.0,100.0,287.0,11.504231547113987,121,7,55,60,250.0,-62.0,71.0,5.0,154.0,16.0,-96.0,6383.0,101.0,64.0,8.838262882318745,62.5822916609844,
1214,764.2226,188.56323186374806,19.36768731730981,185.4196717657213,28.0,0.7432,248.0,50.0,166.0,954.0,22.0,256.0,100.0,287.0,11.654695969700407,121,7,54,58,250.0,-63.0,71.0,5.0,153.0,16.0,-97.0,6373.0,100.0,63.0,8.842787204244438,62.5822916609844,
1215,769.61194,185.5771665293456,19.921453323681828,183.8894757086109,28.0,0.7569,248.0,50.0,166.0,954.0,22.0,256.0,100.0,287.0,11.069696063172907,118,7,56,57,250.0,-63.0,71.0,5.0,153.0,16.0,-97.0,6373.0,100.0,63.0,8.847311526170204,62.5822916609844,
1216,773.2035,190.57712815606854,19.52395804571986,186.96284528876845,28.0,0.7282,247.0,50.0,166.0,953.0,22.0,256.0,100.0,287.0,11.228006701042085,118,8,57,54,250.0,-63.0,71.0,5.0,153.0,16.0,-97.0,6379.0,100.0,63.0,8.851835848095968,62.5822916609844,
1217,784.4388,189.93018464124464,18.034851101377356,186.17174205486612,28.0,0.74145,247.0,50.0,166.0,953.0,22.0,256.0,100.0,287.0,10.600815495250409,114,6,53,54,250.0,-63.0,71.0,5.0,153.0,16.0,-97.0,6379.0,100.0,63.0,8.856360170021736,62.5822916609844,
1218,788.2915,183.55763541892392,21.22858756579539,184.15902516144365,28.0,0.7605,247.0,50.0,166.0,954.0,22.0,257.0,100.0,288.0,11.996456091975364,114,9,52,55,249.0,-63.0,71.0,3.0,151.0,14.0,-98.0,6352.0,99.0,62.0,8.860884491947504,62.5822916609844,
1219,804.1483,198.43313133674934,32.52805348332529,198.72241178277292,28.0,0.8062,247.0,50.0,166.0,954.0,22.0,257.0,100.0,288.0,18.50014261194055,113,9,50,55,249.0,-63.0,71.0,3.0,151.0,14.0,-98.0,6352.0,99.0,62.0,8.865408813873268,62.5822916609844,
1220,832.2832,194.1178861715595,44.586777467049245,199.02803627400448,28.0,0.82925,247.0,50.0,166.0,955.0,22.0,258.0,100.0,288.0,24.715832036492376,113,10,52,56,250.0,-65.0,71.0,2.0,151.0,13.0,-99.0,6376.0,98.0,61.0,8.869933135799034,62.5822916609844,
1221,860.86786,194.15191342325033,49.20143916169153,200.19280851494784,28.0,0.82175,247.0,50.0,166.0,955.0,22.0,258.0,100.0,288.0,26.879277359867295,119,9,53,53,250.0,-65.0,71.0,2.0,151.0,13.0,-99.0,6376.0,98.0,61.0,8.874457457724798,62.5822916609844,
1222,880.4646,188.4537071637214,45.70486870469956,192.2331659294647,28.0,0.7891,247.0,50.0,167.0,958.0,22.0,260.0,100.0,289.0,26.24277234724779,128,9,53,53,250.0,-66.0,71.0,-1.0,149.0,11.0,-101.0,6368.0,96.0,59.0,8.878981779650566,62.5822916609844,
1223,901.4453,191.35795323780806,42.47283769648206,194.8882336871447,28.0,0.8005,246.0,50.0,167.0,959.0,22.0,262.0,100.0,289.0,24.788560059739993,112,8,51,54,250.0,-68.0,71.0,-2.0,148.0,10.0,-102.0,6383.0,95.0,58.0,8.883506101576259,62.5822916609844,
1224,88.59146,181.7698516223073,33.71268984377895,182.41135270007766,29.0,0.8467,300.0,40.0,141.0,966.0,31.0,190.0,126.0,334.0,18.02935652021935,115,3,59,59,210.0,-9.0,61.0,84.0,173.0,59.0,-37.0,5462.0,130.0,27.0,7.878554395949882,62.58020832765126,
1225,149.00436,126.18382014485366,64.17117575865778,82.56483347579831,28.0,0.7768,294.0,41.0,147.0,972.0,29.0,203.0,123.0,329.0,43.30753410816999,130,6,56,61,221.0,-13.0,64.0,87.0,179.0,59.0,-42.0,5757.0,134.0,25.0,8.145470680383005,62.58020832765126,
1226,498.45175,266.40185046992826,111.38613399676314,250.87655468960727,28.0,0.5394,292.0,52.0,172.0,1023.0,23.0,244.0,118.0,321.0,59.19464987219208,130,9,58,58,223.0,-59.0,64.0,35.0,134.0,10.0,-89.0,5698.0,86.0,-21.0,8.181662718950204,62.58020832765126,
1227,830.0575,25.581587785707647,50.94731634520858,143.68625318996473,28.0,0.6944,251.0,50.0,168.0,962.0,22.0,258.0,101.0,288.0,28.113864476491678,110,7,53,57,246.0,-66.0,70.0,-1.0,147.0,11.0,-99.0,6257.0,94.0,57.0,8.78787936495092,62.58020832765126,
1228,781.98193,20.85360175023806,47.24036436790646,152.4881459232838,28.0,0.7787,250.0,50.0,167.0,956.0,22.0,254.0,100.0,287.0,25.773885510889357,115,8,52,57,248.0,-63.0,71.0,4.0,151.0,14.0,-97.0,6329.0,98.0,61.0,8.792403369771828,62.58020832765126,
1229,741.67474,23.968564453984044,42.32199452834141,153.73276387277704,28.0,0.7596,250.0,50.0,167.0,956.0,22.0,254.0,100.0,287.0,23.75184076609757,120,16,53,58,248.0,-63.0,71.0,4.0,151.0,14.0,-97.0,6329.0,98.0,61.0,8.796927374592737,62.58020832765126,
1230,711.3214,45.63007646121097,37.1198179921252,162.74675926927858,28.0,0.7651,250.0,50.0,166.0,955.0,22.0,254.0,100.0,287.0,21.48379602880062,112,14,50,59,248.0,-61.0,71.0,5.0,153.0,16.0,-95.0,6352.0,101.0,64.0,8.801451379413574,62.58020832765126,
1231,696.4109,93.00700282964262,29.340961884325687,171.64070340932162,28.0,0.7518,250.0,50.0,166.0,955.0,22.0,254.0,100.0,287.0,17.030203978020573,110,5,50,60,248.0,-61.0,71.0,5.0,153.0,16.0,-95.0,6352.0,101.0,64.0,8.805975384234484,62.58020832765126,
1232,699.3586,254.25463751338114,11.92194461828318,212.5917839934553,28.0,0.72605,249.0,50.0,167.0,956.0,22.0,255.0,100.0,287.0,11.956463822321572,106,13,51,59,248.0,-62.0,71.0,5.0,152.0,16.0,-96.0,6341.0,100.0,63.0,8.833119413159938,62.58020832765126,
1233,718.6972,182.13902319179323,11.483971439705465,180.54930342219168,28.0,0.7084,249.0,50.0,166.0,954.0,22.0,255.0,100.0,287.0,6.488526884539642,113,7,56,55,250.0,-62.0,71.0,5.0,154.0,16.0,-96.0,6383.0,101.0,64.0,8.837643417980846,62.58020832765126,
1234,723.76324,187.98913293594342,15.019056955190663,184.1487001617248,28.0,0.7383,248.0,50.0,166.0,954.0,22.0,256.0,100.0,287.0,9.325861090049077,101,8,54,59,250.0,-63.0,71.0,5.0,153.0,16.0,-97.0,6373.0,100.0,63.0,8.842167422801682,62.58020832765126,
1235,723.0674,178.25573385951776,18.00309665834557,179.4093256298195,28.0,0.7578,248.0,50.0,166.0,954.0,22.0,256.0,100.0,287.0,10.785354704104916,108,7,54,58,250.0,-63.0,71.0,5.0,153.0,16.0,-97.0,6373.0,100.0,63.0,8.846691427622591,62.58020832765126,
1236,728.36505,197.43393525945305,17.612079354588666,190.25716925963704,28.0,0.7424,247.0,50.0,166.0,953.0,22.0,256.0,100.0,287.0,10.905692345021297,117,8,54,56,250.0,-63.0,71.0,5.0,153.0,16.0,-97.0,6379.0,100.0,63.0,8.8512154324435,62.58020832765126,
1237,744.4896,196.41329051131387,17.506887808605892,190.26203799876177,28.0,0.73575,247.0,50.0,166.0,953.0,22.0,256.0,100.0,287.0,10.74989799525158,111,7,55,57,250.0,-63.0,71.0,5.0,153.0,16.0,-97.0,6379.0,100.0,63.0,8.85573943726441,62.58020832765126,
1238,752.667,185.6794725539922,14.68955561111503,183.37706885345213,28.0,0.7435,247.0,50.0,166.0,954.0,22.0,257.0,100.0,288.0,8.625990001002375,119,8,53,57,249.0,-63.0,71.0,3.0,151.0,14.0,-98.0,6352.0,99.0,62.0,8.86026344208532,62.58020832765126,
1239,747.5721,172.08428151441476,17.923718239940726,176.9871459332871,28.0,0.767,247.0,50.0,166.0,954.0,22.0,257.0,100.0,288.0,11.050371833136687,105,10,57,54,249.0,-63.0,71.0,3.0,151.0,14.0,-98.0,6352.0,99.0,62.0,8.864787446906227,62.58020832765126,
1240,755.7139,195.56911134922532,22.02841856552107,190.4957930248993,28.0,0.76845,247.0,50.0,166.0,955.0,22.0,258.0,100.0,288.0,12.26436147118755,100,13,52,57,250.0,-65.0,71.0,2.0,151.0,13.0,-99.0,6376.0,98.0,61.0,8.869311451727137,62.58020832765126,
1241,770.8308,197.44474664725422,27.067998454562694,194.86823627003133,28.0,0.795,247.0,50.0,166.0,955.0,22.0,258.0,100.0,288.0,15.17624283173215,116,10,52,58,250.0,-65.0,71.0,2.0,151.0,13.0,-99.0,6376.0,98.0,61.0,8.873835456548045,62.58020832765126,
1242,790.0824,194.28732297377684,30.872766531991797,193.58800670481827,28.0,0.7788,247.0,50.0,167.0,958.0,22.0,260.0,100.0,289.0,17.60257596385478,120,8,54,55,250.0,-66.0,71.0,-1.0,149.0,11.0,-101.0,6368.0,96.0,59.0,8.878359461368953,62.58020832765126,
1243,812.1247,196.72522215596905,31.705221629525834,197.0859719468554,28.0,0.7768,247.0,50.0,167.0,958.0,22.0,260.0,100.0,289.0,18.80125020576992,115,9,53,58,250.0,-66.0,71.0,-1.0,149.0,11.0,-101.0,6368.0,96.0,59.0,8.882883466189789,62.58020832765126,
1244,831.70514,193.76904807890153,32.82195352403602,194.482642933106,28.0,0.7584,246.0,50.0,167.0,959.0,22.0,262.0,100.0,289.0,19.83083171714898,112,8,52,54,250.0,-68.0,71.0,-2.0,148.0,10.0,-102.0,6383.0,95.0,58.0,8.887407471010699,62.58020832765126,
1245,858.90015,17.969236015901224,54.65797366433174,153.12612129060867,28.0,0.7796,250.0,50.0,167.0,956.0,22.0,254.0,100.0,287.0,29.37842617591522,114,10,51,59,248.0,-63.0,71.0,4.0,151.0,14.0,-97.0,6329.0,98.0,61.0,8.796310862256613,62.578124994318124,
1246,820.7989,26.569236046061764,50.02646192219945,153.65410174894765,28.0,0.80905,250.0,50.0,166.0,955.0,22.0,254.0,100.0,287.0,27.552661642971376,110,17,50,58,248.0,-61.0,71.0,5.0,153.0,16.0,-95.0,6352.0,101.0,64.0,8.800834550023021,62.578124994318124,
1247,784.1672,60.43292145138165,45.283191081717476,157.68129439210546,28.0,0.8009,250.0,50.0,166.0,955.0,22.0,254.0,100.0,287.0,25.070854508059856,113,9,51,58,248.0,-61.0,71.0,5.0,153.0,16.0,-95.0,6352.0,101.0,64.0,8.805358237789502,62.578124994318124,
1248,755.00037,52.76689279672377,45.143159299408794,165.30608968470148,28.0,0.8009,249.0,50.0,166.0,954.0,22.0,254.0,100.0,287.0,25.492214299418205,113,3,51,57,250.0,-60.0,71.0,7.0,155.0,18.0,-95.0,6367.0,102.0,65.0,8.809881925555981,62.578124994318124,
1249,740.87396,31.70049580679714,44.9538333277187,166.99240910493938,28.0,0.7737,249.0,50.0,166.0,954.0,22.0,254.0,100.0,287.0,25.96451504720245,108,14,50,59,250.0,-60.0,71.0,7.0,155.0,18.0,-95.0,6367.0,102.0,65.0,8.814405613322462,62.578124994318124,
1250,721.6223,32.583425458830725,41.60631836486807,166.71721123482982,28.0,0.7469,249.0,50.0,166.0,954.0,22.0,254.0,100.0,287.0,23.129555237987553,102,14,53,60,249.0,-61.0,71.0,6.0,154.0,17.0,-95.0,6346.0,101.0,64.0,8.818929301088943,62.578124994318124,
1251,687.31354,142.8764012463705,25.61641605550351,174.88730159038562,28.0,0.7437,249.0,50.0,167.0,956.0,22.0,255.0,100.0,287.0,14.318183042491222,115,13,51,58,248.0,-62.0,71.0,5.0,152.0,16.0,-96.0,6341.0,100.0,63.0,8.827976676621905,62.578124994318124,
1252,696.484,234.7294204144891,11.662401656852024,190.44529161016735,28.0,0.7227,249.0,50.0,167.0,956.0,22.0,255.0,100.0,287.0,6.183775521464724,123,13,54,60,248.0,-62.0,71.0,5.0,152.0,16.0,-96.0,6341.0,100.0,63.0,8.832500364388386,62.578124994318124,
1253,709.2247,226.72482050953494,9.22668350416302,190.12420615006954,28.0,0.6693,247.0,50.0,166.0,953.0,22.0,256.0,100.0,287.0,5.659713116201517,115,6,56,57,250.0,-63.0,71.0,5.0,153.0,16.0,-97.0,6379.0,100.0,63.0,8.855118803220714,62.578124994318124,
1254,719.08417,188.8352487863601,12.123745240707981,183.13738141228086,28.0,0.6925,247.0,50.0,166.0,954.0,22.0,257.0,100.0,288.0,7.458387637939587,107,7,56,56,249.0,-63.0,71.0,3.0,151.0,14.0,-98.0,6352.0,99.0,62.0,8.859642490987197,62.578124994318124,
1255,715.35645,167.12700662406758,11.426606614682933,177.86220867307858,28.0,0.72905,247.0,50.0,166.0,954.0,22.0,257.0,100.0,288.0,7.243607929338944,97,10,54,56,249.0,-63.0,71.0,3.0,151.0,14.0,-98.0,6352.0,99.0,62.0,8.864166178753678,62.578124994318124,
1256,721.2168,198.27816062770722,10.323700310828452,187.30645245299513,28.0,0.7179,247.0,50.0,166.0,955.0,22.0,258.0,100.0,288.0,6.291610686714517,100,7,56,59,250.0,-65.0,71.0,2.0,151.0,13.0,-99.0,6376.0,98.0,61.0,8.868689866520157,62.578124994318124,
1257,730.3338,208.36240373921055,11.767797567108076,188.6618925139404,28.0,0.6934,247.0,50.0,166.0,955.0,22.0,258.0,100.0,288.0,6.6427711892260755,111,11,55,58,250.0,-65.0,71.0,2.0,151.0,13.0,-99.0,6376.0,98.0,61.0,8.873213554286636,62.578124994318124,
1258,742.4174,209.65836799444642,11.666928720859534,188.5074376803843,28.0,0.68565,247.0,50.0,167.0,958.0,22.0,260.0,100.0,289.0,6.07228246448254,114,9,56,58,250.0,-66.0,71.0,-1.0,149.0,11.0,-101.0,6368.0,96.0,59.0,8.877737242053117,62.578124994318124,
1259,757.6634,222.6569747868926,14.177393617087674,196.38459750549634,28.0,0.6958,247.0,50.0,167.0,958.0,22.0,260.0,100.0,289.0,9.222873151923745,112,9,54,59,250.0,-66.0,71.0,-1.0,149.0,11.0,-101.0,6368.0,96.0,59.0,8.882260929819525,62.578124994318124,
1260,308.80588,103.38360204785619,50.73108226884924,81.73623812690929,28.0,0.789,295.0,41.0,147.0,967.0,29.0,202.0,123.0,326.0,45.6688527176293,127,8,56,55,223.0,-17.0,64.0,83.0,177.0,55.0,-46.0,5755.0,130.0,21.0,8.139805687399441,62.57604166098497,
1261,120.920395,105.0599105941697,35.80270391931296,80.16173509085714,28.0,0.8391,294.0,41.0,147.0,972.0,29.0,203.0,123.0,329.0,35.72357642774868,135,10,57,64,221.0,-13.0,64.0,87.0,179.0,59.0,-42.0,5757.0,134.0,25.0,8.144329058161912,62.57604166098497,
1262,879.8812,58.47618186319901,59.24403707540286,164.4404668756247,28.0,0.7929,249.0,50.0,166.0,954.0,22.0,254.0,100.0,287.0,31.84574192923233,117,8,52,56,250.0,-60.0,71.0,7.0,155.0,18.0,-95.0,6367.0,102.0,65.0,8.809264560243633,62.57604166098497,
1263,859.10596,51.094270072815725,54.8315226337025,163.13574040495692,28.0,0.7942,249.0,50.0,166.0,954.0,22.0,254.0,100.0,287.0,29.98748681641429,113,10,50,57,250.0,-60.0,71.0,7.0,155.0,18.0,-95.0,6367.0,102.0,65.0,8.813787931006102,62.57604166098497,
1264,838.3335,86.20923720002435,51.53908696085458,169.0437910061115,28.0,0.7751,249.0,50.0,166.0,954.0,22.0,254.0,100.0,287.0,27.1986279939636,122,16,47,57,249.0,-61.0,71.0,6.0,154.0,17.0,-95.0,6346.0,101.0,64.0,8.81831130176857,62.57604166098497,
1265,822.1667,74.18642102057898,47.65306686609059,166.06976118910416,28.0,0.7791,249.0,50.0,166.0,954.0,22.0,254.0,100.0,287.0,23.741915832334342,105,15,54,57,249.0,-61.0,71.0,6.0,154.0,17.0,-95.0,6346.0,101.0,64.0,8.82283467253104,62.57604166098497,
1266,750.47784,58.8627932976729,38.70834162269922,158.41209734451783,28.0,0.731,249.0,50.0,167.0,956.0,22.0,255.0,100.0,287.0,23.283907181589896,106,15,50,60,248.0,-62.0,71.0,5.0,152.0,16.0,-96.0,6341.0,100.0,63.0,8.83188141405598,62.57604166098497,
1267,720.1563,71.55406257270865,26.90708327039242,164.89815922401883,28.0,0.7284,249.0,50.0,166.0,954.0,22.0,255.0,100.0,287.0,16.619180226359312,112,13,53,58,250.0,-62.0,71.0,5.0,154.0,16.0,-96.0,6383.0,101.0,64.0,8.836404784818448,62.57604166098497,
1268,700.5768,161.73320498113097,6.559731738398293,179.36850701743472,28.0,0.704,248.0,50.0,166.0,954.0,22.0,256.0,100.0,287.0,3.48332451502262,108,12,54,60,250.0,-63.0,71.0,5.0,153.0,16.0,-97.0,6373.0,100.0,63.0,8.845451526343313,62.57604166098497,
1269,708.6825,206.8495234275155,7.1008443407490445,189.38509390538525,28.0,0.673,247.0,50.0,166.0,955.0,22.0,258.0,100.0,288.0,4.890175415427854,109,11,57,58,250.0,-65.0,71.0,2.0,151.0,13.0,-99.0,6376.0,98.0,61.0,8.872591750918128,62.57604166098497,
1270,728.35693,209.89664323555075,7.083089789987561,193.1438321418366,28.0,0.67595,247.0,50.0,167.0,958.0,22.0,260.0,100.0,289.0,6.141685754091176,115,7,58,56,250.0,-66.0,71.0,-1.0,149.0,11.0,-101.0,6368.0,96.0,59.0,8.877115121680596,62.57604166098497,
1271,775.4732,177.52413351700747,15.308800630234499,179.938771315024,28.0,0.65955,246.0,50.0,167.0,959.0,22.0,262.0,100.0,289.0,9.972750515225105,116,7,57,58,250.0,-68.0,71.0,-2.0,148.0,10.0,-102.0,6384.0,95.0,58.0,8.895208604730401,62.57604166098497,
1272,852.5461,227.17642401867437,16.573450991302167,207.7738825041919,28.0,0.7303,248.0,51.0,172.0,976.0,21.0,271.0,101.0,294.0,12.143441587963721,110,13,47,53,249.0,-75.0,71.0,-12.0,139.0,1.0,-110.0,6315.0,85.0,77.0,8.935918941592549,62.57604166098497,
1273,222.90077,243.73512008789643,73.55667266992901,255.0,28.0,0.5071,280.0,43.0,148.0,939.0,27.0,209.0,116.0,308.0,46.84083882985594,125,13,53,61,226.0,-36.0,65.0,63.0,160.0,36.0,-66.0,5817.0,112.0,1.0,8.184465867474126,62.573958327651816,
1274,774.1279,29.31784190623104,42.26854641352005,151.2278630903851,28.0,0.7454,249.0,50.0,169.0,966.0,22.0,264.0,100.0,290.0,25.409475895571184,116,6,51,56,248.0,-71.0,71.0,-7.0,142.0,5.0,-106.0,6287.0,89.0,52.0,8.84030866975805,62.573958327651816,
1275,737.6483,46.76662794410309,33.02887852954567,158.70329133008138,28.0,0.755,248.0,50.0,167.0,958.0,22.0,260.0,99.0,288.0,19.844131408694526,104,6,52,58,248.0,-68.0,71.0,-2.0,146.0,9.0,-102.0,6314.0,93.0,57.0,8.844831723566914,62.573958327651816,
1276,720.23944,123.02660998758658,19.924638859844798,171.6938872421496,28.0,0.7485,248.0,50.0,167.0,958.0,22.0,260.0,99.0,288.0,9.459953262577656,111,4,54,58,248.0,-68.0,71.0,-2.0,146.0,9.0,-102.0,6314.0,93.0,57.0,8.849354777375776,62.573958327651816,
1277,709.7246,97.48416070838047,11.750176347511564,175.18152995480827,28.0,0.7276,247.0,49.0,165.0,952.0,22.0,257.0,99.0,287.0,6.865484011152599,114,10,53,59,249.0,-64.0,71.0,1.0,150.0,13.0,-99.0,6346.0,97.0,61.0,8.853877831184638,62.573958327651816,
1278,701.70917,145.21442878031263,7.513178355833633,174.6502699069064,28.0,0.6968,245.0,49.0,165.0,949.0,22.0,256.0,99.0,286.0,4.090323665975147,114,14,55,59,251.0,-64.0,71.0,3.0,153.0,15.0,-98.0,6391.0,99.0,62.0,8.858400884993504,62.573958327651816,
1279,710.5777,223.18392856581437,6.431579181650104,187.83682065730036,28.0,0.6774,245.0,49.0,165.0,949.0,22.0,257.0,99.0,286.0,4.028304507055983,121,3,58,56,251.0,-64.0,71.0,4.0,153.0,15.0,-98.0,6407.0,99.0,62.0,8.876493100228954,62.573958327651816,
1280,726.4677,194.89575899833056,12.42342066280066,185.0498417344661,28.0,0.68615,245.0,49.0,165.0,948.0,22.0,257.0,99.0,286.0,7.7492409329645024,108,13,54,55,252.0,-64.0,72.0,3.0,153.0,14.0,-99.0,6430.0,99.0,62.0,8.890062261655473,62.573958327651816,
1281,738.47107,208.91074505821547,13.41285211358754,192.2130319562111,28.0,0.683,245.0,49.0,164.0,948.0,22.0,258.0,99.0,286.0,8.745045936113339,107,8,56,56,251.0,-64.0,72.0,2.0,152.0,14.0,-99.0,6412.0,99.0,62.0,8.894585315464337,62.573958327651816,
1282,760.55066,211.00870657429505,11.51390193280213,186.13958916677032,28.0,0.6712,243.0,49.0,164.0,947.0,22.0,259.0,99.0,286.0,8.707768897429927,108,7,50,55,252.0,-65.0,72.0,1.0,152.0,13.0,-100.0,6423.0,98.0,61.0,8.921723638317443,62.573958327651816,
1283,774.52313,236.60374198489592,9.35249537113222,195.40772472243785,28.0,0.6931,244.0,50.0,166.0,952.0,21.0,261.0,99.0,287.0,6.736576163723982,100,8,49,56,251.0,-67.0,72.0,0.0,149.0,11.0,-102.0,6382.0,95.0,58.0,8.926246692126306,62.573958327651816,
1284,857.5456,233.1810564153287,17.100807605214687,217.30980545871546,28.0,0.7487,244.0,50.0,168.0,959.0,22.0,265.0,100.0,289.0,15.030651522073892,122,14,48,56,251.0,-72.0,71.0,-7.0,144.0,6.0,-107.0,6362.0,90.0,81.0,8.939815853552894,62.573958327651816,
1285,907.5516,236.73684561773496,16.008182292577704,214.89092840099434,28.0,0.7629,251.0,52.0,175.0,990.0,21.0,277.0,101.0,298.0,13.777725084051834,114,15,50,55,248.0,-80.0,71.0,-17.0,132.0,-4.0,-116.0,6271.0,79.0,71.0,8.944338907361757,62.573958327651816,
1286,951.2996,239.4579885645948,13.530930209750975,213.14601138619884,28.0,0.76685,251.0,52.0,175.0,990.0,21.0,277.0,101.0,298.0,12.588675560950577,127,9,52,57,248.0,-80.0,71.0,-17.0,132.0,-4.0,-116.0,6271.0,79.0,71.0,8.948861961170621,62.573958327651816,
1287,564.1533,168.77069689854454,91.07894973250232,157.51383712979188,28.0,0.77125,291.0,40.0,142.0,947.0,29.0,198.0,121.0,319.0,41.59544918933536,112,8,57,57,223.0,-21.0,64.0,77.0,172.0,50.0,-51.0,5761.0,126.0,17.0,8.12509685133901,62.57187499431868,
1288,533.5111,164.50755760004867,91.862804837429,148.1346456467114,28.0,0.76275,291.0,40.0,142.0,947.0,29.0,198.0,121.0,319.0,46.73751216550983,92,9,58,57,223.0,-21.0,64.0,77.0,172.0,50.0,-51.0,5761.0,126.0,17.0,8.129619588244589,62.57187499431868,
1289,352.7508,112.36894157570465,60.04588094694715,64.20188481899163,28.0,0.78165,292.0,41.0,147.0,966.0,29.0,201.0,122.0,327.0,45.31844365963686,114,4,60,59,221.0,-13.0,64.0,87.0,179.0,59.0,-42.0,5757.0,134.0,25.0,8.13414232515024,62.57187499431868,
1290,175.013,107.73467328538408,38.19884835602456,83.33987077523605,28.0,0.8281,292.0,41.0,147.0,966.0,29.0,201.0,122.0,327.0,34.596784607132676,122,4,57,60,221.0,-13.0,64.0,87.0,179.0,59.0,-42.0,5757.0,134.0,25.0,8.13866506205589,62.57187499431868,
1291,57.120796,92.5627575795693,22.075846075581733,122.39551489978855,29.0,0.8794,292.0,41.0,147.0,967.0,29.0,202.0,122.0,327.0,20.523757471026865,111,8,50,61,223.0,-13.0,65.0,87.0,181.0,59.0,-42.0,5770.0,134.0,25.0,8.143187798961543,62.57187499431868,
1292,125.94553,253.51037585250742,33.74845743501374,247.42344710913946,28.0,0.7721,280.0,43.0,148.0,939.0,27.0,209.0,116.0,308.0,28.99850270477611,100,5,54,61,226.0,-36.0,65.0,63.0,160.0,36.0,-66.0,5817.0,112.0,1.0,8.183892431112334,62.57187499431868,
1293,224.17058,224.21267997247307,51.43313339820935,222.64883061213993,28.0,0.8133,280.0,43.0,148.0,939.0,27.0,209.0,116.0,308.0,34.20871285030068,97,0,48,61,226.0,-36.0,65.0,63.0,160.0,36.0,-66.0,5817.0,112.0,1.0,8.188415168017983,62.57187499431868,
1294,383.7727,223.13398845258024,58.88755335540391,242.03958488071893,29.0,0.7216,279.0,46.0,156.0,959.0,25.0,224.0,114.0,307.0,38.06741002963349,123,8,54,58,224.0,-48.0,65.0,48.0,146.0,22.0,-78.0,5770.0,98.0,-11.0,8.197460641829286,62.57187499431868,
1295,851.5964,20.650277619443642,51.6962951149805,149.14618841292446,28.0,0.7269,248.0,50.0,167.0,958.0,22.0,260.0,99.0,288.0,29.29733300785565,114,5,52,57,248.0,-68.0,71.0,-2.0,146.0,9.0,-102.0,6314.0,93.0,57.0,8.844212019336197,62.57187499431868,
1296,807.46735,40.0351284552506,50.481471591586676,153.9280611757215,28.0,0.751,248.0,50.0,167.0,958.0,22.0,260.0,99.0,288.0,30.475358457000993,110,7,52,57,248.0,-68.0,71.0,-2.0,146.0,9.0,-102.0,6314.0,93.0,57.0,8.848734756241848,62.57187499431868,
1297,764.74884,27.64109126449668,41.254748060144756,153.77522162001065,28.0,0.7616,247.0,49.0,165.0,952.0,22.0,257.0,99.0,287.0,23.156320063595142,114,13,50,57,249.0,-64.0,71.0,1.0,150.0,13.0,-99.0,6346.0,97.0,61.0,8.8532574931475,62.57187499431868,
1298,741.0682,58.83532151196352,32.88515633098286,167.62883065118055,28.0,0.7462,247.0,49.0,165.0,952.0,22.0,257.0,99.0,287.0,17.37929960706188,134,14,53,56,249.0,-64.0,71.0,1.0,150.0,13.0,-99.0,6346.0,97.0,61.0,8.857780230053152,62.57187499431868,
1299,711.2097,123.74642754590536,16.0032599184172,175.62224409820712,28.0,0.7437,245.0,49.0,165.0,949.0,22.0,257.0,99.0,286.0,7.290011815192923,121,17,53,58,251.0,-64.0,71.0,4.0,153.0,15.0,-98.0,6397.0,99.0,62.0,8.866825703864453,62.57187499431868,
1300,756.4403,189.4703842808342,7.273440350976978,184.48912820346033,28.0,0.6614,244.0,50.0,166.0,952.0,21.0,261.0,99.0,287.0,5.434704686743813,99,12,52,55,251.0,-67.0,72.0,0.0,149.0,11.0,-102.0,6382.0,95.0,58.0,8.925621283637778,62.57187499431868,
1301,768.31824,208.38952092909344,11.130897868957662,188.3841268914692,28.0,0.6937,244.0,50.0,166.0,952.0,21.0,261.0,99.0,287.0,7.636102070068895,112,11,51,54,251.0,-67.0,72.0,0.0,149.0,11.0,-102.0,6382.0,95.0,58.0,8.930144020543429,62.57187499431868,
1302,782.9483,224.02209423358215,13.98701046766378,201.6433328798888,28.0,0.7201,244.0,50.0,168.0,959.0,22.0,265.0,100.0,289.0,11.965712615096413,99,16,49,55,251.0,-72.0,71.0,-7.0,144.0,6.0,-107.0,6362.0,90.0,81.0,8.93466675744908,62.57187499431868,
1303,820.5175,233.80871132782778,17.065738896075455,210.63086565968564,28.0,0.7457,244.0,50.0,168.0,959.0,22.0,265.0,100.0,289.0,13.156884142312682,115,15,49,55,251.0,-72.0,71.0,-7.0,144.0,6.0,-107.0,6362.0,90.0,81.0,8.93918949435473,62.57187499431868,
1304,866.53827,241.14420746566182,18.453320302935023,225.17327732125813,28.0,0.7635,251.0,52.0,175.0,990.0,21.0,277.0,101.0,298.0,18.173966913713006,91,15,50,55,248.0,-80.0,71.0,-17.0,132.0,-4.0,-116.0,6271.0,79.0,71.0,8.943712231260383,62.57187499431868,
1305,937.3117,273.8342739746494,18.50943031108827,231.13445376618353,28.0,0.7665,251.0,52.0,175.0,990.0,21.0,277.0,101.0,298.0,18.141029855936093,113,7,53,57,248.0,-80.0,71.0,-17.0,132.0,-4.0,-116.0,6271.0,79.0,71.0,8.948234968166034,62.57187499431868,
1306,552.17255,157.26412127944874,55.30356991036901,147.38777114245573,28.0,0.7496,284.0,43.0,147.0,944.0,27.0,208.0,117.0,310.0,32.99961670283136,102,8,55,54,222.0,-37.0,64.0,59.0,155.0,33.0,-67.0,5712.0,109.0,0.0,8.110960365072991,62.56979166098554,
1307,509.38498,164.4678773813904,59.80111151476771,155.04492567547103,28.0,0.7827,284.0,43.0,147.0,944.0,27.0,208.0,117.0,310.0,33.17818502428152,98,13,59,58,222.0,-37.0,64.0,59.0,155.0,33.0,-67.0,5712.0,109.0,0.0,8.115482785125813,62.56979166098554,
1308,453.33908,157.88165724999243,65.64247307773232,141.07392078053695,28.0,0.8153,285.0,42.0,145.0,938.0,28.0,203.0,118.0,311.0,36.736918155394896,96,6,58,61,222.0,-32.0,64.0,65.0,160.0,38.0,-62.0,5722.0,113.0,5.0,8.120005205178636,62.56979166098554,
1309,394.01752,161.5025248088976,70.58477108340107,146.61341790542826,28.0,0.815,285.0,42.0,145.0,938.0,28.0,203.0,118.0,311.0,37.65930699988594,106,10,58,58,222.0,-32.0,64.0,65.0,160.0,38.0,-62.0,5722.0,113.0,5.0,8.124527625231458,62.56979166098554,
1310,357.76965,164.2257305007709,67.59014717615814,153.5889307244925,28.0,0.8354,291.0,40.0,142.0,947.0,29.0,198.0,121.0,319.0,34.84572730003415,107,7,58,56,223.0,-21.0,64.0,77.0,172.0,50.0,-51.0,5761.0,126.0,17.0,8.129050045284206,62.56979166098554,
1311,269.52618,128.46458878237593,52.0098588916999,99.36508903595438,28.0,0.8718,292.0,41.0,147.0,966.0,29.0,201.0,122.0,327.0,36.00663735168274,130,6,58,60,221.0,-13.0,64.0,87.0,179.0,59.0,-42.0,5757.0,134.0,25.0,8.13357246533703,62.56979166098554,
1312,141.98657,111.4809312400008,30.786013903028078,105.02723686610868,28.0,0.8865,292.0,41.0,147.0,966.0,29.0,201.0,122.0,327.0,27.96656036351752,130,6,57,62,221.0,-13.0,64.0,87.0,179.0,59.0,-42.0,5757.0,134.0,25.0,8.138094885389851,62.56979166098554,
1313,65.81194,72.27294971113182,12.906503395378765,143.142700158772,29.0,0.8843,292.0,41.0,147.0,967.0,29.0,202.0,122.0,327.0,13.293521432353991,107,8,54,62,223.0,-13.0,65.0,87.0,181.0,59.0,-42.0,5770.0,134.0,25.0,8.142617305442673,62.56979166098554,
1314,105.10948,276.09712683880775,25.309944753191402,249.34564374568077,28.0,0.82225,287.0,41.0,145.0,947.0,28.0,204.0,119.0,315.0,26.472297468865975,96,0,52,63,225.0,-26.0,65.0,73.0,168.0,45.0,-57.0,5784.0,121.0,11.0,8.183319085918003,62.56979166098554,
1315,232.40536,286.9938503167398,32.59154866894393,253.3906867085886,28.0,0.8304,280.0,43.0,148.0,939.0,27.0,209.0,116.0,308.0,28.146608904917056,103,5,54,63,226.0,-36.0,65.0,63.0,160.0,36.0,-66.0,5817.0,112.0,1.0,8.187841505970823,62.56979166098554,
1316,338.04355,312.90323666616166,41.422986221171755,237.22628544981785,29.0,0.8147,279.0,46.0,156.0,959.0,25.0,224.0,114.0,307.0,26.940175053168105,89,8,57,62,224.0,-48.0,65.0,48.0,146.0,22.0,-78.0,5770.0,98.0,-11.0,8.192363926023644,62.56979166098554,
1317,402.6755,270.67745279121846,52.889945535053904,211.2310680986058,29.0,0.7658,279.0,46.0,156.0,959.0,25.0,224.0,114.0,307.0,34.48740789488717,114,7,52,61,224.0,-48.0,65.0,48.0,146.0,22.0,-78.0,5770.0,98.0,-11.0,8.196886346076468,62.56979166098554,
1318,509.3549,301.7277927695708,47.743212734566725,246.42407119078294,28.0,0.76565,294.0,54.0,178.0,1043.0,23.0,254.0,118.0,323.0,37.563000490262226,127,6,47,61,223.0,-64.0,64.0,29.0,128.0,4.0,-95.0,5675.0,80.0,-27.0,8.20140876612929,62.56979166098554,
1319,645.4337,271.03761509837864,33.25698722298446,252.9720456637277,28.0,0.65565,294.0,54.0,178.0,1043.0,23.0,254.0,118.0,323.0,31.946635605711684,126,7,55,56,223.0,-64.0,64.0,29.0,128.0,4.0,-95.0,5675.0,80.0,-27.0,8.205931186182113,62.56979166098554,
1320,895.7064,21.324707591316375,63.2222486722248,149.17731141440532,28.0,0.7669,247.0,49.0,165.0,952.0,22.0,257.0,99.0,287.0,33.26962517430803,116,13,50,57,249.0,-64.0,71.0,1.0,150.0,13.0,-99.0,6346.0,97.0,61.0,8.852637253734457,62.56979166098554,
1321,859.1792,85.42720805445101,62.181959865949814,166.00421714021203,28.0,0.77345,247.0,49.0,165.0,952.0,22.0,257.0,99.0,287.0,33.5201305228455,134,17,54,57,249.0,-64.0,71.0,1.0,150.0,13.0,-99.0,6346.0,97.0,61.0,8.857159673787281,62.56979166098554,
1322,829.313,49.21671049646189,51.691079712294915,148.35316021922299,28.0,0.7987,245.0,49.0,165.0,949.0,22.0,256.0,99.0,286.0,29.440732848537756,133,14,54,57,251.0,-64.0,71.0,3.0,153.0,15.0,-98.0,6391.0,99.0,62.0,8.861682093840102,62.56979166098554,
1323,783.1897,54.58588569239473,44.972212708488776,161.55437485057757,28.0,0.74045,245.0,49.0,165.0,949.0,22.0,256.0,99.0,286.0,24.52421200348829,125,16,54,58,251.0,-64.0,71.0,3.0,153.0,15.0,-98.0,6391.0,99.0,62.0,8.866204513892926,62.56979166098554,
1324,772.24585,152.83622095886392,35.4692783907075,177.53656837959883,28.0,0.762,245.0,49.0,165.0,949.0,22.0,257.0,99.0,286.0,19.401876620919694,127,15,55,56,251.0,-64.0,71.0,4.0,153.0,15.0,-98.0,6397.0,99.0,62.0,8.870726933945747,62.56979166098554,
1325,769.0052,158.36500744435045,27.110628737479296,179.60422809868044,28.0,0.7697,245.0,49.0,165.0,949.0,22.0,257.0,99.0,286.0,14.908700507438057,116,9,53,55,251.0,-64.0,71.0,4.0,153.0,15.0,-98.0,6407.0,99.0,62.0,8.875249353998568,62.56979166098554,
1326,770.0773,238.65966210723164,26.306493866347683,184.1096423863405,28.0,0.7645,245.0,49.0,165.0,949.0,22.0,257.0,99.0,286.0,15.344626008752035,126,15,54,56,251.0,-64.0,71.0,4.0,153.0,15.0,-98.0,6407.0,99.0,62.0,8.879771774051319,62.56979166098554,
1327,773.8139,119.86504998126665,26.51413291937006,176.85868092656742,28.0,0.7436,245.0,49.0,165.0,948.0,22.0,257.0,99.0,286.0,15.359497607241686,120,13,49,57,252.0,-64.0,72.0,3.0,153.0,14.0,-99.0,6430.0,99.0,62.0,8.88429419410414,62.56979166098554,
1328,761.8486,37.3583883072803,23.397473915909234,167.25031434160934,28.0,0.7194,245.0,49.0,165.0,948.0,22.0,257.0,99.0,286.0,13.993511420099177,129,11,51,55,252.0,-64.0,72.0,3.0,153.0,14.0,-99.0,6430.0,99.0,62.0,8.888816614156964,62.56979166098554,
1329,746.0889,83.99761056414923,16.973221927491203,174.17823647485733,28.0,0.6755,245.0,49.0,164.0,948.0,22.0,258.0,99.0,286.0,9.861790899970744,120,12,54,56,251.0,-64.0,72.0,2.0,152.0,14.0,-99.0,6412.0,99.0,62.0,8.893339034209786,62.56979166098554,
1330,743.0204,146.2907297366414,11.215837822004618,178.7018688715365,28.0,0.6837,245.0,49.0,164.0,948.0,22.0,258.0,99.0,286.0,6.2155168305327955,102,13,56,56,251.0,-64.0,72.0,2.0,152.0,14.0,-99.0,6412.0,99.0,62.0,8.897861454262607,62.56979166098554,
1331,779.25433,234.22524802624284,14.271855379462968,206.27277824232777,28.0,0.7376,244.0,50.0,168.0,959.0,22.0,265.0,100.0,289.0,13.040498888695005,96,15,50,56,251.0,-72.0,71.0,-7.0,144.0,6.0,-107.0,6362.0,90.0,81.0,8.938563234737934,62.56979166098554,
1332,564.9157,262.6703001753337,23.792101189600256,254.57115769425752,28.0,0.8374,306.0,49.0,165.0,1030.0,26.0,230.0,125.0,334.0,26.570147910367044,129,8,56,60,214.0,-47.0,62.0,43.0,138.0,20.0,-76.0,5511.0,93.0,-11.0,7.956640669352668,62.56770832765238,
1333,672.5265,253.1623409935424,22.959225959809324,245.81543910348304,28.0,0.8151,320.0,55.0,182.0,1099.0,24.0,252.0,129.0,350.0,22.584032599047383,136,9,56,59,213.0,-58.0,61.0,31.0,126.0,7.0,-87.0,5479.0,81.0,-22.0,7.961162772603031,62.56770832765238,
1334,508.69702,81.44923373515498,36.99347335844929,147.29206354662168,28.0,0.7113,284.0,43.0,147.0,944.0,27.0,208.0,117.0,310.0,26.144362389457,117,15,54,56,222.0,-37.0,64.0,59.0,155.0,33.0,-67.0,5712.0,109.0,0.0,8.110392179864766,62.56770832765238,
1335,369.88406,93.80471147702715,36.73540171118756,127.45923127461478,28.0,0.8022,285.0,42.0,145.0,938.0,28.0,203.0,118.0,311.0,29.809803170624104,142,14,60,56,222.0,-32.0,64.0,65.0,160.0,38.0,-62.0,5722.0,113.0,5.0,8.119436386365495,62.56770832765238,
1336,298.88272,100.23774692656517,36.92970159504242,141.5474944398462,28.0,0.8154,285.0,42.0,145.0,938.0,28.0,203.0,118.0,311.0,26.962701172586737,129,8,58,55,222.0,-32.0,64.0,65.0,160.0,38.0,-62.0,5722.0,113.0,5.0,8.123958489615859,62.56770832765238,
1337,254.29655,109.00954786605378,37.79612597158924,154.13084458619386,28.0,0.8167,291.0,40.0,142.0,947.0,29.0,198.0,121.0,319.0,32.200056554698286,99,5,56,60,223.0,-21.0,64.0,77.0,172.0,50.0,-51.0,5761.0,126.0,17.0,8.12848059286615,62.56770832765238,
1338,202.40848,102.68111382595448,31.8095377390762,129.33914754129626,28.0,0.8604,291.0,40.0,142.0,947.0,29.0,198.0,121.0,319.0,24.759319877429856,115,3,55,60,223.0,-21.0,64.0,77.0,172.0,50.0,-51.0,5761.0,126.0,17.0,8.133002696116515,62.56770832765238,
1339,127.6184,74.56089289810122,17.373238927269696,140.34054926926652,28.0,0.883,292.0,41.0,147.0,966.0,29.0,201.0,122.0,327.0,14.610953885781024,115,6,52,61,221.0,-13.0,64.0,87.0,179.0,59.0,-42.0,5757.0,134.0,25.0,8.137524799366878,62.56770832765238,
1340,81.97799,83.29456024121949,10.85529478239015,143.2660877985914,29.0,0.89265,292.0,41.0,147.0,967.0,29.0,202.0,122.0,327.0,12.071497529346116,108,8,48,60,223.0,-13.0,65.0,87.0,181.0,59.0,-42.0,5770.0,134.0,25.0,8.142046902617244,62.56770832765238,
1341,115.57075,285.16914074995725,32.248226706562754,253.6679611527075,28.0,0.84325,287.0,41.0,145.0,947.0,28.0,204.0,119.0,315.0,31.334034300208902,102,12,52,62,225.0,-26.0,65.0,73.0,168.0,45.0,-57.0,5784.0,121.0,11.0,8.18274583187045,62.56770832765238,
1342,265.70096,293.1366927104437,44.27392417446419,255.0,28.0,0.8294,280.0,43.0,148.0,939.0,27.0,209.0,116.0,308.0,35.25912634246581,97,3,51,63,226.0,-36.0,65.0,63.0,160.0,36.0,-66.0,5817.0,112.0,1.0,8.187267935120815,62.56770832765238,
1343,602.59534,329.6040879140684,68.9299180113068,233.21142881993046,28.0,0.7435,294.0,54.0,178.0,1043.0,23.0,254.0,118.0,323.0,36.410172339539535,129,5,53,59,223.0,-64.0,64.0,29.0,128.0,4.0,-95.0,5675.0,80.0,-27.0,8.200834244871908,62.56770832765238,
1344,845.90094,179.65703896945436,49.28038645444063,179.37991942907777,28.0,0.7252,245.0,49.0,165.0,949.0,22.0,257.0,99.0,286.0,25.05509282441982,132,12,54,56,251.0,-64.0,71.0,4.0,153.0,15.0,-98.0,6407.0,99.0,62.0,8.879149732425255,62.56770832765238,
1345,837.9559,55.88386459008914,42.88889749566817,166.60570398796503,28.0,0.7079,245.0,49.0,165.0,948.0,22.0,257.0,99.0,286.0,20.69328189519519,127,17,54,56,252.0,-64.0,72.0,3.0,153.0,14.0,-99.0,6430.0,99.0,62.0,8.883671835675619,62.56770832765238,
1346,822.59045,57.32937700202502,41.922134823593005,170.05130969418587,28.0,0.73095,245.0,49.0,165.0,948.0,22.0,257.0,99.0,286.0,18.465793243433346,123,15,54,56,252.0,-64.0,72.0,3.0,153.0,14.0,-99.0,6430.0,99.0,62.0,8.888193938925983,62.56770832765238,
1347,802.60596,53.61521518149852,41.66787615497062,164.89712606971523,28.0,0.7209,245.0,49.0,164.0,948.0,22.0,258.0,99.0,286.0,20.485991985872495,123,14,53,58,251.0,-64.0,72.0,2.0,152.0,14.0,-99.0,6412.0,99.0,62.0,8.892716042176348,62.56770832765238,
1348,784.6661,86.51374109693182,36.61324149711247,170.4815186579704,28.0,0.665,245.0,49.0,164.0,948.0,22.0,258.0,99.0,286.0,18.748481611135087,107,16,55,55,251.0,-64.0,72.0,2.0,152.0,14.0,-99.0,6412.0,99.0,62.0,8.897238145426712,62.56770832765238,
1349,761.67206,107.34120784648078,31.0243819624357,177.74103057600186,28.0,0.5741,245.0,49.0,164.0,948.0,22.0,258.0,99.0,286.0,14.065004849225135,109,16,53,57,252.0,-65.0,72.0,2.0,153.0,14.0,-99.0,6444.0,99.0,62.0,8.906282351927441,62.56770832765238,
1350,587.79626,46.83841189551238,46.01304990353007,112.3137618340571,28.0,0.8144,298.0,45.0,151.0,979.0,28.0,209.0,123.0,325.0,31.31408393722764,114,7,53,57,214.0,-36.0,62.0,55.0,149.0,31.0,-65.0,5528.0,104.0,-1.0,7.947039771039601,62.56562499431923,
1351,512.61346,76.99629046704307,26.64881187596423,150.7953976609999,28.0,0.8422,300.0,46.0,155.0,994.0,27.0,216.0,123.0,327.0,18.745840347725423,112,9,54,57,215.0,-40.0,62.0,51.0,145.0,26.0,-70.0,5521.0,100.0,-4.0,7.951561557537866,62.56562499431923,
1352,536.66174,255.4118368489887,19.073862965868884,238.2757151095491,28.0,0.84,300.0,46.0,155.0,994.0,27.0,216.0,123.0,327.0,20.58374310229935,126,5,55,57,215.0,-40.0,62.0,51.0,145.0,26.0,-70.0,5521.0,100.0,-4.0,7.956083344036133,62.56562499431923,
1353,381.457,53.83373586370254,51.81244904010329,94.29607573733924,29.0,0.786,293.0,40.0,139.0,941.0,30.0,194.0,122.0,319.0,36.5146477983158,111,0,54,58,217.0,-26.0,63.0,69.0,162.0,43.0,-55.0,5601.0,116.0,10.0,7.992257636022193,62.56562499431923,
1354,491.44424,164.31863546953628,52.90997424330915,195.70452103602543,28.0,0.719,299.0,50.0,166.0,1019.0,25.0,232.0,122.0,328.0,30.298159386492433,123,6,54,56,218.0,-50.0,63.0,41.0,138.0,17.0,-80.0,5565.0,91.0,-15.0,8.019388355011715,62.56562499431923,
1355,258.48477,72.21383174590547,59.00743382555573,130.6672708845397,28.0,0.8406,289.0,40.0,142.0,945.0,29.0,198.0,121.0,319.0,33.64420173291553,125,3,54,60,223.0,-22.0,64.0,78.0,172.0,50.0,-51.0,5788.0,126.0,16.0,8.132433017468157,62.56562499431923,
1356,164.52594,63.415039670112506,29.270976253891195,114.96047880498381,29.0,0.8752,290.0,40.0,144.0,959.0,29.0,200.0,121.0,325.0,24.96636300886908,119,5,48,60,223.0,-13.0,65.0,87.0,181.0,59.0,-42.0,5770.0,134.0,25.0,8.136954803966423,62.56562499431923,
1357,84.107,104.86440736818808,16.300146591376645,132.1682721852547,29.0,0.8724,290.0,40.0,144.0,959.0,29.0,200.0,121.0,325.0,16.65590193945087,124,7,52,61,223.0,-13.0,65.0,87.0,181.0,59.0,-42.0,5770.0,134.0,25.0,8.141476590464691,62.56562499431923,
1358,143.94853,286.8389400177226,38.03615951133051,255.0,29.0,0.8531,279.0,42.0,145.0,932.0,27.0,207.0,115.0,306.0,34.80681870347942,106,27,52,68,224.0,-35.0,65.0,64.0,159.0,36.0,-65.0,5772.0,112.0,2.0,8.182172668949015,62.56562499431923,
1359,322.84583,293.6558532442415,79.94582904818184,255.0,29.0,0.7988,282.0,49.0,163.0,983.0,24.0,234.0,114.0,310.0,45.80546423690946,103,1,55,63,224.0,-53.0,65.0,42.0,140.0,16.0,-84.0,5727.0,92.0,-17.0,8.18669445544728,62.56562499431923,
1360,760.0106,133.86609717366957,21.56941507191449,173.60938609973095,28.0,0.68885,242.0,49.0,164.0,946.0,22.0,259.0,99.0,286.0,13.943581036685835,105,7,54,59,252.0,-67.0,72.0,1.0,151.0,12.0,-101.0,6450.0,98.0,60.0,8.92374565466331,62.56562499431923,
1361,759.67834,202.82127429353602,13.356318436852924,178.79367998337844,28.0,0.70205,241.0,49.0,164.0,944.0,22.0,258.0,99.0,286.0,9.026448179093219,102,4,56,58,252.0,-66.0,72.0,2.0,152.0,13.0,-100.0,6445.0,99.0,61.0,8.928267441161577,62.56562499431923,
1362,691.5657,54.5944691725419,43.48684693454543,100.62149249487692,28.0,0.7845,298.0,45.0,151.0,979.0,28.0,209.0,123.0,325.0,32.830335832869395,119,6,53,58,214.0,-36.0,62.0,55.0,149.0,31.0,-65.0,5528.0,104.0,-1.0,7.9464831677145975,62.563541660986075,
1363,578.3097,57.42626711890094,31.728014523917388,114.84963623902539,28.0,0.8362,300.0,46.0,155.0,994.0,27.0,216.0,123.0,327.0,25.468840309823825,116,7,53,56,215.0,-40.0,62.0,51.0,145.0,26.0,-70.0,5521.0,100.0,-4.0,7.951004637511114,62.563541660986075,
1364,591.4336,255.22667128384404,22.24386541722113,248.21585920100415,28.0,0.8197,305.0,50.0,166.0,1030.0,26.0,231.0,124.0,333.0,23.65199928671007,111,7,53,59,215.0,-49.0,62.0,42.0,137.0,18.0,-78.0,5524.0,91.0,-13.0,7.960047577104146,62.563541660986075,
1365,313.8398,37.120835399081784,39.10790565383775,137.44192425039424,28.0,0.8532,292.0,41.0,141.0,943.0,29.0,197.0,121.0,317.0,24.975968288219434,128,8,55,59,218.0,-30.0,63.0,65.0,159.0,39.0,-59.0,5615.0,113.0,7.0,8.000740805272725,62.563541660986075,
1366,571.97296,150.76327779581572,44.53963705570681,180.5908170062743,28.0,0.64275,299.0,50.0,166.0,1019.0,25.0,232.0,122.0,328.0,27.837229905328574,111,2,53,57,218.0,-50.0,63.0,41.0,138.0,17.0,-80.0,5565.0,91.0,-15.0,8.023348154255237,62.563541660986075,
1367,235.24086,74.13431185471569,49.55914534221414,72.52204428865707,29.0,0.8091,290.0,40.0,144.0,959.0,29.0,200.0,121.0,325.0,40.07330886282237,129,7,59,58,223.0,-13.0,65.0,87.0,181.0,59.0,-42.0,5770.0,134.0,25.0,8.136384899167934,62.563541660986075,
1368,85.15952,86.65172097006716,25.045781424141822,100.28085592904107,29.0,0.8801,290.0,40.0,144.0,959.0,29.0,200.0,121.0,325.0,27.5627462312677,139,7,56,61,223.0,-13.0,65.0,87.0,181.0,59.0,-42.0,5770.0,134.0,25.0,8.140906368964453,62.563541660986075,
1369,180.784,296.44693654919496,54.08134023865816,254.8193260239396,29.0,0.8673,279.0,42.0,145.0,932.0,27.0,207.0,115.0,306.0,40.09939049061038,112,2,47,63,224.0,-35.0,65.0,64.0,159.0,36.0,-65.0,5772.0,112.0,2.0,8.18159959713303,62.563541660986075,
1370,823.7472,56.58443500431629,30.029146331905952,137.78888267245003,28.0,0.74105,242.0,49.0,164.0,946.0,22.0,259.0,99.0,286.0,22.3363574823236,93,4,55,57,252.0,-67.0,72.0,1.0,151.0,12.0,-101.0,6450.0,98.0,60.0,8.923120643760386,62.563541660986075,
1371,648.204,256.900151262395,18.425827885382947,241.82779208677306,28.0,0.8243,305.0,50.0,166.0,1030.0,26.0,231.0,124.0,333.0,20.62853806066969,123,2,54,58,215.0,-49.0,62.0,42.0,137.0,18.0,-78.0,5524.0,91.0,-13.0,7.964011265437285,62.561458327652936,
1372,344.4116,66.28153947257238,30.137196356243418,136.25596587560602,28.0,0.85265,292.0,41.0,141.0,943.0,29.0,197.0,121.0,317.0,21.572269315725507,128,2,57,58,218.0,-30.0,63.0,65.0,159.0,39.0,-59.0,5615.0,113.0,7.0,8.004701643743148,62.561458327652936,
1373,323.54834,205.12735463771605,31.45560282165276,197.77602274043133,29.0,0.855,294.0,47.0,157.0,987.0,26.0,220.0,120.0,321.0,17.397076602195412,103,3,57,60,217.0,-44.0,63.0,48.0,144.0,24.0,-73.0,5563.0,97.0,-8.0,8.00922279688818,62.561458327652936,
1374,124.09298,89.20267903024391,28.215263456605868,88.55364040031266,29.0,0.7882,290.0,40.0,144.0,959.0,29.0,200.0,121.0,325.0,31.271486353932804,130,5,60,58,223.0,-13.0,65.0,87.0,181.0,59.0,-42.0,5770.0,134.0,25.0,8.14033623809598,62.561458327652936,
1375,243.42342,272.6553543092692,45.40255893362336,252.48707310960745,29.0,0.79885,279.0,42.0,145.0,932.0,27.0,207.0,115.0,306.0,36.667209482339985,116,0,48,63,224.0,-35.0,65.0,64.0,159.0,36.0,-65.0,5772.0,112.0,2.0,8.181026616401844,62.561458327652936,
1376,418.42404,232.89376997236369,63.95734457999513,252.3991281805531,29.0,0.7685,282.0,49.0,163.0,983.0,24.0,234.0,114.0,310.0,41.331952017383294,105,0,53,58,224.0,-53.0,65.0,42.0,140.0,16.0,-84.0,5727.0,92.0,-17.0,8.185547769546947,62.561458327652936,
1377,567.99426,214.9981612404464,78.06942274184843,227.83966137036293,29.0,0.6381,282.0,49.0,163.0,983.0,24.0,234.0,114.0,310.0,42.912911198873296,126,7,55,58,224.0,-53.0,65.0,42.0,140.0,16.0,-84.0,5727.0,92.0,-17.0,8.190068922692051,62.561458327652936,
1378,666.0459,52.08524732269681,17.3361694268702,149.71368373678985,28.0,0.7642,307.0,46.0,156.0,1008.0,27.0,215.0,126.0,334.0,12.454733903300271,127,1,51,55,211.0,-37.0,61.0,53.0,146.0,29.0,-65.0,5457.0,102.0,-2.0,7.891120187918223,62.559374994319796,
1379,421.39966,53.182039017557024,30.741436013885266,122.39107921366542,28.0,0.81915,292.0,41.0,141.0,943.0,29.0,197.0,121.0,317.0,23.78840447827859,128,6,57,58,218.0,-30.0,63.0,65.0,159.0,39.0,-59.0,5615.0,113.0,7.0,8.004141101518503,62.559374994319796,
1380,410.67148,303.9758633642648,46.62184893347434,224.67921055551594,29.0,0.8181,294.0,47.0,157.0,987.0,26.0,220.0,120.0,321.0,30.18580616467638,110,3,52,57,217.0,-44.0,63.0,48.0,144.0,24.0,-73.0,5563.0,97.0,-8.0,8.008661938062447,62.559374994319796,
1381,284.70172,225.6959353125013,52.17764826975481,249.43968197004145,29.0,0.81685,282.0,49.0,163.0,983.0,24.0,234.0,114.0,310.0,34.20005308124471,126,3,58,63,224.0,-53.0,65.0,42.0,140.0,16.0,-84.0,5727.0,92.0,-17.0,8.18497456327882,62.559374994319796,
1382,408.30032,225.69647686365275,59.2843033619837,247.24417763722062,29.0,0.7381,282.0,49.0,163.0,983.0,24.0,234.0,114.0,310.0,38.70742126960394,103,3,59,60,224.0,-53.0,65.0,42.0,140.0,16.0,-84.0,5727.0,92.0,-17.0,8.189495399822837,62.559374994319796,
1383,557.3182,231.7984144357112,58.39105327738079,240.3850971860022,28.0,0.6901,293.0,54.0,178.0,1040.0,23.0,253.0,118.0,323.0,41.30364854545772,108,4,53,60,224.0,-64.0,64.0,29.0,129.0,4.0,-95.0,5688.0,80.0,-27.0,8.194016236366854,62.559374994319796,
1384,62.114937,57.32285443376494,23.202106751322788,123.42475629995266,29.0,0.8166,289.0,40.0,144.0,956.0,29.0,200.0,121.0,324.0,21.342242786124256,123,8,57,63,224.0,-13.0,65.0,87.0,181.0,59.0,-43.0,5772.0,134.0,25.0,8.143716768165378,62.55729166098664,
1385,177.7261,235.77837040981734,38.85009571763064,246.39842025691274,28.0,0.8518,277.0,42.0,144.0,927.0,27.0,205.0,115.0,305.0,29.280159308458913,104,5,49,62,227.0,-34.0,65.0,65.0,162.0,37.0,-65.0,5821.0,114.0,3.0,8.184401448104502,62.55729166098664,
1386,290.04938,232.50436975247632,47.81560912495806,250.32752038375665,28.0,0.83365,277.0,42.0,144.0,927.0,27.0,205.0,115.0,305.0,34.042950851301846,125,5,56,63,227.0,-34.0,65.0,65.0,162.0,37.0,-65.0,5821.0,114.0,3.0,8.188921968097747,62.55729166098664,
1387,435.16672,240.4325303666518,54.07602598991852,249.39232936916662,28.0,0.8147,275.0,46.0,154.0,950.0,25.0,223.0,112.0,304.0,41.034532877406576,115,3,55,58,225.0,-49.0,65.0,48.0,146.0,22.0,-79.0,5777.0,98.0,-12.0,8.19344248809099,62.55729166098664,
1388,634.99896,251.08844090934738,55.98342519950625,254.87146963956928,28.0,0.7719,275.0,46.0,154.0,950.0,25.0,223.0,112.0,304.0,45.16072672335318,114,5,53,59,225.0,-49.0,65.0,48.0,146.0,22.0,-79.0,5777.0,98.0,-12.0,8.197963008084237,62.55729166098664,
1389,836.8948,237.2898497923489,54.794000173657004,245.47838711475376,28.0,0.7387,282.0,51.0,168.0,997.0,23.0,241.0,114.0,312.0,41.227381233016054,125,6,55,58,225.0,-59.0,65.0,37.0,136.0,11.0,-89.0,5757.0,87.0,-21.0,8.202483528077481,62.55729166098664,
1390,197.00284,238.6057275552464,34.32777035876081,246.96083282693348,28.0,0.8958,277.0,42.0,144.0,927.0,27.0,205.0,115.0,305.0,27.77977395177023,96,1,48,63,227.0,-34.0,65.0,65.0,162.0,37.0,-65.0,5821.0,114.0,3.0,8.188348627496126,62.55520832765349,
1391,323.24564,242.7601263283655,44.489925821179455,254.95491512452148,28.0,0.8606,275.0,46.0,154.0,950.0,25.0,223.0,112.0,304.0,35.378463609121916,106,2,51,61,225.0,-49.0,65.0,48.0,146.0,22.0,-79.0,5777.0,98.0,-12.0,8.192868830988902,62.55520832765349,
1392,499.84305,242.40921073076024,66.14009666761365,255.0,28.0,0.7918,275.0,46.0,154.0,950.0,25.0,223.0,112.0,304.0,46.01426606371498,122,1,54,58,225.0,-49.0,65.0,48.0,146.0,22.0,-79.0,5777.0,98.0,-12.0,8.197389034481676,62.55520832765349,
1393,684.64716,201.57055456904513,87.47365009732754,214.18401953763413,28.0,0.7462,282.0,51.0,168.0,997.0,23.0,241.0,114.0,312.0,45.927234565304005,129,7,57,59,225.0,-59.0,65.0,37.0,136.0,11.0,-89.0,5757.0,87.0,-21.0,8.20190923797445,62.55520832765349,
1394,725.5251,196.54230000606074,84.53489806848884,210.2088771135687,28.0,0.6826,282.0,51.0,168.0,997.0,23.0,241.0,114.0,312.0,41.477168093089816,115,6,57,56,225.0,-59.0,65.0,37.0,136.0,11.0,-89.0,5757.0,87.0,-21.0,8.20642944146715,62.55520832765349,
1395,73.71462,67.07068014781616,22.339581885088645,125.83616761896393,29.0,0.8602,289.0,40.0,144.0,956.0,29.0,200.0,121.0,324.0,19.602050230569084,117,10,48,64,224.0,-13.0,65.0,87.0,181.0,59.0,-43.0,5772.0,134.0,25.0,8.147096394614039,62.55312499432035,
1396,252.80708,244.08830706286344,32.0686275520564,247.6137902628064,28.0,0.8976,275.0,46.0,154.0,950.0,25.0,223.0,112.0,304.0,29.00694046762809,125,3,52,64,225.0,-49.0,65.0,48.0,146.0,22.0,-79.0,5777.0,98.0,-12.0,8.192295265039917,62.55312499432035,
1397,370.1246,248.0390079637234,45.36551190938809,251.0433886493699,28.0,0.8578,275.0,46.0,154.0,950.0,25.0,223.0,112.0,304.0,34.137353850383136,112,2,54,60,225.0,-49.0,65.0,48.0,146.0,22.0,-79.0,5777.0,98.0,-12.0,8.196815152082515,62.55312499432035,
1398,488.03387,238.52674790850614,57.22751108017701,241.37785133364838,28.0,0.80505,282.0,51.0,168.0,997.0,23.0,241.0,114.0,312.0,35.606361358416166,124,0,58,57,225.0,-59.0,65.0,37.0,136.0,11.0,-89.0,5757.0,87.0,-21.0,8.201335039125109,62.55312499432035,
1399,605.6512,261.0955786694061,40.60505560202905,248.9387118196634,28.0,0.78875,282.0,51.0,168.0,997.0,23.0,241.0,114.0,312.0,35.14896559279942,120,4,59,56,225.0,-59.0,65.0,37.0,136.0,11.0,-89.0,5757.0,87.0,-21.0,8.205854926167632,62.55312499432035,
1400,240.95477,43.97641730685041,43.91811277950017,118.5318520831055,29.0,0.8463,289.0,40.0,144.0,956.0,29.0,200.0,121.0,324.0,29.841776175979614,120,7,47,61,224.0,-13.0,65.0,87.0,181.0,59.0,-43.0,5772.0,134.0,25.0,8.142006513153794,62.55104166098721,
1401,140.99591,54.56041220500771,36.756571408449304,108.66899247849385,29.0,0.8888,289.0,40.0,144.0,956.0,29.0,200.0,121.0,324.0,29.61714190660972,122,8,50,59,224.0,-13.0,65.0,87.0,181.0,59.0,-43.0,5772.0,134.0,25.0,8.146526083796491,62.55104166098721,
1402,49.201378,54.65081051185589,21.66197065293028,135.4185678507404,28.0,0.8762,289.0,40.0,144.0,956.0,29.0,200.0,121.0,324.0,17.640037583767988,130,4,52,64,225.0,-13.0,65.0,86.0,181.0,59.0,-44.0,5788.0,134.0,24.0,8.151045654439187,62.55104166098721,
1403,199.3573,253.4255726363167,29.748572712953898,249.74132527127796,28.0,0.8957,275.0,46.0,154.0,950.0,25.0,223.0,112.0,304.0,31.196149952391814,133,2,58,63,225.0,-49.0,65.0,48.0,146.0,22.0,-79.0,5777.0,98.0,-12.0,8.191721790223381,62.55104166098721,
1404,504.13538,301.2185062996086,51.09187855711343,250.25857020576984,28.0,0.84835,282.0,51.0,168.0,997.0,23.0,241.0,114.0,312.0,39.518982411994855,129,6,56,56,225.0,-59.0,65.0,37.0,136.0,11.0,-89.0,5757.0,87.0,-21.0,8.200760931508777,62.55104166098721,
1405,648.7377,314.39952852794994,64.45017665248723,248.71311214121923,28.0,0.81135,282.0,51.0,168.0,997.0,23.0,241.0,114.0,312.0,38.64597188959841,134,8,52,56,225.0,-59.0,65.0,37.0,136.0,11.0,-89.0,5757.0,87.0,-21.0,8.2052805021514,62.55104166098721,
1406,350.01227,55.63318388620493,45.342945293293305,99.35904987773662,28.0,0.89235,281.0,40.0,140.0,921.0,28.0,198.0,117.0,307.0,33.79716112502656,119,6,59,58,225.0,-28.0,65.0,71.0,166.0,43.0,-59.0,5802.0,119.0,9.0,8.141436609294978,62.548958327654056,
1407,218.09328,64.03177607522976,36.29807235195893,97.76255917348487,29.0,0.8526,287.0,40.0,143.0,946.0,29.0,199.0,120.0,319.0,30.908443964598376,127,6,55,61,224.0,-16.0,65.0,84.0,178.0,56.0,-46.0,5791.0,132.0,22.0,8.145955863588044,62.548958327654056,
1408,113.16749,59.44339292931743,29.38883194664398,119.20785501777182,28.0,0.8874,287.0,40.0,143.0,950.0,29.0,199.0,120.0,322.0,23.73846170749713,120,6,48,60,225.0,-14.0,65.0,86.0,181.0,59.0,-44.0,5798.0,134.0,24.0,8.150475117881111,62.548958327654056,
1409,307.47894,266.4397120124456,36.3032405276618,255.0,28.0,0.8693,274.0,46.0,154.0,948.0,25.0,223.0,112.0,303.0,38.112644138433375,102,4,55,63,226.0,-49.0,65.0,48.0,146.0,21.0,-80.0,5798.0,98.0,-12.0,8.195667660811703,62.548958327654056,
1410,521.11237,270.27606651399685,51.69049766185541,255.0,28.0,0.8097,298.0,55.0,184.0,1065.0,22.0,263.0,119.0,328.0,48.36532096418136,125,6,48,60,223.0,-69.0,64.0,24.0,123.0,-1.0,-100.0,5694.0,75.0,-32.0,8.200186915104767,62.548958327654056,
1411,780.7254,281.5698480051956,73.22027089610584,246.82534972790108,28.0,0.7513,298.0,55.0,184.0,1065.0,22.0,263.0,119.0,328.0,48.34413105542461,124,7,48,57,223.0,-69.0,64.0,24.0,123.0,-1.0,-100.0,5694.0,75.0,-32.0,8.204706169397763,62.548958327654056,
1412,585.1597,56.56765831405727,48.1985370143945,96.07295768173293,28.0,0.7384,281.0,40.0,140.0,921.0,28.0,198.0,117.0,307.0,35.04222379180836,107,4,59,56,225.0,-28.0,65.0,71.0,166.0,43.0,-59.0,5802.0,119.0,9.0,8.13634785798079,62.5468749943209,
1413,445.77878,60.50411934135499,45.295193715646384,89.91941725543752,28.0,0.8002,281.0,40.0,140.0,921.0,28.0,198.0,117.0,307.0,35.30311232301038,102,6,61,58,225.0,-28.0,65.0,71.0,166.0,43.0,-59.0,5802.0,119.0,9.0,8.140866795974482,62.5468749943209,
1414,304.84607,59.03650484250516,43.10143959376281,93.94673290389396,29.0,0.8104,287.0,40.0,143.0,946.0,29.0,199.0,120.0,319.0,34.19258376111208,121,4,56,60,224.0,-16.0,65.0,84.0,178.0,56.0,-46.0,5791.0,132.0,22.0,8.145385733968174,62.5468749943209,
1415,173.65607,66.97786682662118,31.169552947539145,100.8082141063926,29.0,0.8736,287.0,40.0,143.0,946.0,29.0,199.0,120.0,319.0,28.99317752439793,132,6,52,62,224.0,-16.0,65.0,84.0,178.0,56.0,-46.0,5791.0,132.0,22.0,8.149904671961869,62.5468749943209,
1416,66.722115,80.13883327888459,20.20774526813483,114.19179746803361,28.0,0.88895,287.0,40.0,143.0,950.0,29.0,199.0,120.0,322.0,22.233599515716843,143,0,54,62,225.0,-14.0,65.0,86.0,181.0,59.0,-44.0,5798.0,134.0,24.0,8.154423609955561,62.5468749943209,
1417,274.81467,266.56809712502394,35.400123772984465,255.0,28.0,0.8648,274.0,46.0,154.0,948.0,25.0,223.0,112.0,303.0,36.92115225986181,127,10,51,61,226.0,-49.0,65.0,48.0,146.0,21.0,-80.0,5798.0,98.0,-12.0,8.195094051898728,62.5468749943209,
1418,454.2748,256.6363095195896,47.85947451912144,254.13756430660317,28.0,0.81115,274.0,46.0,154.0,948.0,25.0,223.0,112.0,303.0,41.33084200236019,125,8,51,61,226.0,-49.0,65.0,48.0,146.0,21.0,-80.0,5798.0,98.0,-12.0,8.199612989892422,62.5468749943209,
1419,630.45557,245.5831578471781,70.19920784534128,249.0561899285345,28.0,0.6902,298.0,55.0,184.0,1065.0,22.0,263.0,119.0,328.0,44.44997070504926,126,8,57,63,223.0,-69.0,64.0,24.0,123.0,-1.0,-100.0,5694.0,75.0,-32.0,8.204131927886044,62.5468749943209,
1420,547.9404,61.46291133464446,45.75197743383049,88.94119724030722,28.0,0.808,281.0,40.0,140.0,921.0,28.0,198.0,117.0,307.0,35.517838536078806,96,4,58,58,225.0,-28.0,65.0,71.0,166.0,43.0,-59.0,5802.0,119.0,9.0,8.140297073171789,62.54479166098776,
1421,398.71777,66.8137047407685,41.71523991334387,84.74357147080433,29.0,0.841,287.0,40.0,143.0,946.0,29.0,199.0,120.0,319.0,35.38695863991618,132,3,63,58,224.0,-16.0,65.0,84.0,178.0,56.0,-46.0,5791.0,132.0,22.0,8.144815694916353,62.54479166098776,
1422,236.70177,74.0232322889925,38.895218910426685,78.356318585872,29.0,0.8571,287.0,40.0,143.0,946.0,29.0,199.0,120.0,319.0,36.94764023235955,143,6,62,61,224.0,-16.0,65.0,84.0,178.0,56.0,-46.0,5791.0,132.0,22.0,8.149334316660921,62.54479166098776,
1423,97.15239,81.7851103581847,24.33094649746004,99.48388064191643,28.0,0.8921,287.0,40.0,143.0,950.0,29.0,199.0,120.0,322.0,27.35859940408177,146,21,51,61,225.0,-14.0,65.0,86.0,181.0,59.0,-44.0,5798.0,134.0,24.0,8.153852938405487,62.54479166098776,
1424,254.08583,271.17732004606785,34.148421389790194,255.0,28.0,0.8728,274.0,46.0,154.0,948.0,25.0,223.0,112.0,303.0,36.905261451090404,112,2,55,61,226.0,-49.0,65.0,48.0,146.0,21.0,-80.0,5798.0,98.0,-12.0,8.19452053410651,62.54479166098776,
1425,451.49646,276.66061945059755,47.648518456652205,254.84091825334488,28.0,0.794,274.0,46.0,154.0,948.0,25.0,223.0,112.0,303.0,45.37630287168073,123,11,46,61,226.0,-49.0,65.0,48.0,146.0,21.0,-80.0,5798.0,98.0,-12.0,8.199039155851075,62.54479166098776,
1426,692.46844,300.2987336478544,72.95502226189038,254.10594948827074,28.0,0.6996,298.0,55.0,184.0,1065.0,22.0,263.0,119.0,328.0,50.782761611939314,126,8,53,61,223.0,-69.0,64.0,24.0,123.0,-1.0,-100.0,5694.0,75.0,-32.0,8.203557777595568,62.54479166098776,
1427,89.37362,215.25588215475193,25.855494605730623,207.14771792878625,28.0,0.83385,324.0,48.0,161.0,1053.0,29.0,217.0,133.0,353.0,22.415435721040943,113,5,52,62,205.0,-33.0,59.0,54.0,145.0,31.0,-60.0,5299.0,101.0,2.0,7.728561636210842,62.54270832765462,
1428,206.58435,266.47193228795726,51.79362317010506,252.68793930823023,28.0,0.84255,324.0,48.0,161.0,1053.0,29.0,217.0,133.0,353.0,42.34874649084192,122,4,54,61,205.0,-33.0,59.0,54.0,145.0,31.0,-60.0,5299.0,101.0,2.0,7.733079941756515,62.54270832765462,
1429,460.69067,78.91635049943058,37.52336020304902,77.92941477898499,29.0,0.7783,287.0,40.0,143.0,946.0,29.0,199.0,120.0,319.0,39.14660945061633,104,4,56,58,224.0,-16.0,65.0,84.0,178.0,56.0,-46.0,5791.0,132.0,22.0,8.14424574641206,62.54270832765462,
1430,140.90883,66.57950519327063,35.09372344184604,94.38036575220123,28.0,0.8438,287.0,40.0,143.0,950.0,29.0,199.0,120.0,322.0,31.881704573161432,131,20,55,60,225.0,-14.0,65.0,86.0,181.0,59.0,-44.0,5798.0,134.0,24.0,8.153282357503407,62.54270832765462,
1431,240.98027,274.2713126849753,31.374221812706963,254.75578036279373,28.0,0.8943,274.0,46.0,154.0,948.0,25.0,223.0,112.0,303.0,33.05184911308422,79,12,53,62,226.0,-49.0,65.0,48.0,146.0,21.0,-80.0,5798.0,98.0,-12.0,8.193947107414395,62.54270832765462,
1432,416.6306,265.1590702715667,44.20268654159301,255.0,28.0,0.8022,274.0,46.0,154.0,948.0,25.0,223.0,112.0,303.0,43.37478756465912,120,8,46,61,226.0,-49.0,65.0,48.0,146.0,21.0,-80.0,5798.0,98.0,-12.0,8.198465412960067,62.54270832765462,
1433,57.75117,81.42941897413118,22.668365423006307,111.82438171685722,28.0,0.7675,284.0,40.0,143.0,944.0,29.0,199.0,119.0,319.0,23.523877999883585,115,7,54,63,225.0,-14.0,65.0,87.0,181.0,59.0,-44.0,5800.0,134.0,24.0,8.157229856625786,62.54062499432147,
1434,252.62994,292.2900300119967,39.328497442465036,250.9338261749517,28.0,0.86925,272.0,47.0,156.0,950.0,24.0,226.0,111.0,302.0,33.642624152529976,83,14,54,62,226.0,-51.0,65.0,45.0,144.0,19.0,-82.0,5802.0,96.0,-14.0,8.193373771801744,62.54062499432147,
1435,389.59613,270.266087023559,35.02534862052712,252.22722592261567,28.0,0.81935,272.0,47.0,156.0,950.0,24.0,226.0,111.0,302.0,33.25601103280526,112,5,51,58,226.0,-51.0,65.0,45.0,144.0,19.0,-82.0,5802.0,96.0,-14.0,8.197891761198747,62.54062499432147,
1436,581.1183,254.77101453179273,54.72353680417974,254.90739832034055,29.0,0.6982,290.0,53.0,177.0,1035.0,23.0,254.0,117.0,321.0,46.34048482312995,140,20,53,55,224.0,-66.0,65.0,28.0,127.0,3.0,-97.0,5714.0,79.0,-28.0,8.202409750595677,62.54062499432147,
1437,141.05437,301.8233464026419,40.97885130856422,249.98520291719302,28.0,0.8596,271.0,42.0,144.0,916.0,27.0,207.0,112.0,299.0,32.13841247014843,127,13,49,65,227.0,-38.0,65.0,61.0,158.0,33.0,-69.0,5820.0,110.0,0.0,8.188282853949376,62.538541660988315,
1438,301.34494,293.89740925124374,56.036085234258685,254.58927271930872,28.0,0.86945,272.0,47.0,156.0,950.0,24.0,226.0,111.0,302.0,42.19579690262131,106,20,52,62,226.0,-51.0,65.0,45.0,144.0,19.0,-82.0,5802.0,96.0,-14.0,8.192800527247924,62.538541660988315,
1439,432.3159,178.48554794006586,54.05793198440104,202.91764178327992,28.0,0.85065,272.0,47.0,156.0,950.0,24.0,226.0,111.0,302.0,35.09824570424963,121,24,50,59,226.0,-51.0,65.0,45.0,144.0,19.0,-82.0,5802.0,96.0,-14.0,8.19731820054647,62.538541660988315,
1440,526.943,286.7675790510486,43.489757938877446,250.76262618515992,29.0,0.74065,290.0,53.0,177.0,1035.0,23.0,254.0,117.0,321.0,37.33564789060047,122,24,48,59,224.0,-66.0,65.0,28.0,127.0,3.0,-97.0,5714.0,79.0,-28.0,8.201835873844942,62.538541660988315,
1441,95.52157,113.71839078003613,49.88966120540064,84.47902131928758,28.0,0.79165,284.0,40.0,143.0,944.0,29.0,199.0,119.0,319.0,36.87094604847989,116,3,60,63,225.0,-14.0,65.0,87.0,181.0,59.0,-44.0,5800.0,134.0,24.0,8.151571158479797,62.536458327655176,
1442,217.25815,303.07350183553217,46.326962644214085,250.27189916726877,28.0,0.8114,271.0,42.0,144.0,916.0,27.0,207.0,112.0,299.0,33.76688591275826,108,0,48,62,227.0,-38.0,65.0,61.0,158.0,33.0,-69.0,5820.0,110.0,0.0,8.187710016482026,62.536458327655176,
1443,387.37067,298.7779638124906,73.72159435639801,254.948428505787,28.0,0.8083,272.0,47.0,156.0,950.0,24.0,226.0,111.0,302.0,49.938268474680925,108,0,54,64,226.0,-51.0,65.0,45.0,144.0,19.0,-82.0,5802.0,96.0,-14.0,8.192227373732315,62.536458327655176,
1444,599.3033,290.47881263619206,63.00348975986872,232.73462348937792,29.0,0.74085,290.0,53.0,177.0,1035.0,23.0,254.0,117.0,321.0,39.09894215816662,109,0,54,57,224.0,-66.0,65.0,28.0,127.0,3.0,-97.0,5714.0,79.0,-28.0,8.201262088232815,62.536458327655176,
1445,66.22132,100.51376534239468,27.19776857963644,108.72410900792134,28.0,0.8113,284.0,40.0,143.0,944.0,29.0,199.0,119.0,319.0,25.026398939464436,117,7,63,61,225.0,-14.0,65.0,87.0,181.0,59.0,-44.0,5800.0,134.0,24.0,8.151000939964387,62.53437499432202,
1446,141.66907,303.84088199313703,40.3075048941421,251.0535455315125,29.0,0.82035,281.0,40.0,142.0,930.0,28.0,199.0,117.0,311.0,31.582472024676612,124,0,61,66,227.0,-24.0,66.0,77.0,173.0,49.0,-54.0,5845.0,126.0,14.0,8.182620228729846,62.53437499432202,
1447,275.87558,301.55722819601965,53.39432909596091,254.37830430802978,28.0,0.7697,271.0,42.0,144.0,916.0,27.0,207.0,112.0,299.0,38.22072234275776,115,0,49,59,227.0,-38.0,65.0,61.0,158.0,33.0,-69.0,5820.0,110.0,0.0,8.187137269982065,62.53437499432202,
1448,112.69156,311.8210639813208,48.4515495177964,248.35370787835416,28.0,0.7751,276.0,48.0,160.0,968.0,24.0,232.0,112.0,306.0,33.24522863608377,103,0,59,65,225.0,-55.0,65.0,41.0,139.0,15.0,-86.0,5746.0,91.0,-17.0,8.177531163820246,62.53229166098888,
1449,213.17162,316.5090556851641,68.93856765447721,244.71860624674852,28.0,0.8307,276.0,48.0,160.0,968.0,24.0,232.0,112.0,306.0,34.62629850604674,123,0,58,61,225.0,-55.0,65.0,41.0,139.0,15.0,-86.0,5746.0,91.0,-17.0,8.182047889124574,62.53229166098888,
1450,375.03574,299.8625488221957,103.03053958670336,252.04885512382296,28.0,0.6696,306.0,58.0,193.0,1100.0,22.0,273.0,122.0,336.0,51.01466917881318,128,0,57,63,222.0,-74.0,64.0,18.0,117.0,-7.0,-105.0,5617.0,69.0,-37.0,8.1865646144289,62.53229166098888,
1451,723.95374,284.4396805163507,23.831112697140235,236.57630574291045,28.0,0.7266,259.0,49.0,168.0,960.0,22.0,248.0,104.0,291.0,20.876673565320253,98,10,52,58,238.0,-65.0,68.0,-5.0,140.0,8.0,-98.0,6048.0,89.0,-27.0,8.489185209818247,62.53229166098888,
1452,467.8437,89.39379498382839,63.34018936545778,83.6425575946675,28.0,0.7873,281.0,39.0,138.0,918.0,29.0,194.0,117.0,309.0,45.91477524657218,124,7,53,56,225.0,-23.0,65.0,77.0,172.0,49.0,-53.0,5791.0,125.0,15.0,8.140827955735984,62.53020832765573,
1453,256.22595,101.20716872156177,55.038632186130094,65.26269886722298,28.0,0.7888,283.0,40.0,141.0,938.0,29.0,197.0,118.0,317.0,45.95482877097135,117,9,58,61,225.0,-14.0,65.0,87.0,181.0,59.0,-44.0,5801.0,134.0,24.0,8.145344365142586,62.53020832765573,
1454,60.751686,84.86726554913194,28.92700122523212,107.77108202215237,28.0,0.7831,283.0,40.0,141.0,938.0,29.0,197.0,118.0,317.0,25.7413557727241,103,10,55,61,225.0,-14.0,65.0,87.0,181.0,59.0,-44.0,5801.0,134.0,24.0,8.149860774549188,62.53020832765573,
1455,259.82123,100.29271675659204,75.23728697177539,52.739105130553256,28.0,0.77275,283.0,40.0,141.0,938.0,29.0,197.0,118.0,317.0,50.64083031097952,134,8,61,59,225.0,-14.0,65.0,87.0,181.0,59.0,-44.0,5801.0,134.0,24.0,8.144774734049358,62.52812499432259,
1456,53.04961,69.35800521204403,24.144577295435948,111.79083847763368,28.0,0.8348,283.0,40.0,141.0,938.0,29.0,197.0,118.0,317.0,23.73300101536493,123,11,53,63,225.0,-14.0,65.0,87.0,181.0,59.0,-44.0,5801.0,134.0,24.0,8.149290827608388,62.52812499432259,
1457,61.706963,89.11462794790056,22.821461068634346,113.90465157936275,28.0,0.85075,283.0,40.0,141.0,938.0,29.0,197.0,118.0,317.0,23.524940257273038,129,13,55,64,225.0,-14.0,65.0,87.0,181.0,59.0,-44.0,5801.0,134.0,24.0,8.14872097115146,62.526041660989435,
1458,807.34406,214.0488035643576,77.30856544069947,213.08666181053152,28.0,0.6406,306.0,58.0,193.0,1100.0,22.0,273.0,122.0,336.0,44.281062376315084,119,15,59,60,222.0,-74.0,64.0,18.0,117.0,-7.0,-105.0,5617.0,69.0,-37.0,8.184847193244225,62.526041660989435,
1459,417.5711,83.87512263523156,20.49537715411252,109.61149418153681,29.0,0.8264,294.0,43.0,145.0,956.0,29.0,200.0,122.0,321.0,23.392740852942854,110,4,59,57,213.0,-32.0,62.0,60.0,152.0,35.0,-61.0,5491.0,107.0,4.0,7.8862544083283845,62.523958327656295,
1460,230.59067,66.06346895015255,44.79274088185135,90.80473563023509,28.0,0.806,280.0,39.0,140.0,930.0,29.0,196.0,117.0,315.0,35.023947249631675,120,7,59,56,225.0,-14.0,65.0,87.0,181.0,59.0,-44.0,5809.0,135.0,24.0,8.143635743143614,62.523958327656295,
1461,65.180145,83.94119766257913,26.909283279667488,104.29999686928187,28.0,0.8493,280.0,39.0,140.0,930.0,29.0,196.0,117.0,315.0,26.711424068838888,133,11,54,64,225.0,-14.0,65.0,87.0,181.0,59.0,-44.0,5809.0,135.0,24.0,8.148151205157923,62.523958327656295,
1462,399.04138,247.28937673467328,13.792274515732638,189.14975683896716,29.0,0.81675,294.0,43.0,145.0,956.0,29.0,200.0,122.0,321.0,11.483590450013374,110,2,56,57,213.0,-32.0,62.0,60.0,152.0,35.0,-61.0,5491.0,107.0,4.0,7.890218189530979,62.52187499432314,
1463,549.0857,49.9320529889614,52.920977099999945,134.14746247618987,28.0,0.7764,280.0,39.0,138.0,916.0,29.0,193.0,117.0,309.0,30.198571590977412,128,7,52,57,225.0,-22.0,65.0,79.0,173.0,51.0,-52.0,5818.0,127.0,16.0,8.134036090655881,62.52187499432314,
1464,477.6774,32.77698269147563,65.12068328815164,125.05957987850253,28.0,0.8327,280.0,39.0,138.0,916.0,29.0,193.0,117.0,309.0,36.38808734824166,129,7,52,57,225.0,-22.0,65.0,79.0,173.0,51.0,-52.0,5818.0,127.0,16.0,8.138551236973017,62.52187499432314,
1465,316.64197,74.551259805491,61.698613478768834,54.51971813430728,28.0,0.84,280.0,39.0,140.0,930.0,29.0,196.0,117.0,315.0,49.586321803573604,122,7,58,57,225.0,-14.0,65.0,87.0,181.0,59.0,-44.0,5809.0,135.0,24.0,8.143066383290153,62.52187499432314,
1466,81.46963,83.63749408117751,31.965277147129942,90.08996537495678,28.0,0.86795,280.0,39.0,140.0,930.0,29.0,196.0,117.0,315.0,31.008646563606394,128,7,56,60,225.0,-14.0,65.0,87.0,181.0,59.0,-44.0,5809.0,135.0,24.0,8.147581529607287,62.52187499432314,
1467,184.71068,263.7930056648445,43.44983290253996,254.16815237601185,28.0,0.8189,270.0,40.0,139.0,900.0,27.0,200.0,112.0,297.0,41.03989864829868,115,17,48,62,227.0,-34.0,65.0,65.0,162.0,38.0,-65.0,5835.0,114.0,3.0,8.17467240751003,62.52187499432314,
1468,375.58084,270.3664927643364,47.26271971704166,246.3671170004186,28.0,0.716,271.0,46.0,153.0,942.0,25.0,223.0,110.0,300.0,40.354630884433305,134,14,57,60,226.0,-51.0,65.0,45.0,144.0,19.0,-82.0,5802.0,96.0,-14.0,8.179187553827166,62.52187499432314,
1469,479.89264,301.75651449874186,26.845910119703216,238.55994858466815,28.0,0.8298,301.0,48.0,159.0,1007.0,27.0,221.0,123.0,330.0,22.65469352748804,107,7,51,60,214.0,-44.0,62.0,47.0,141.0,23.0,-73.0,5490.0,96.0,-8.0,7.894181426955537,62.51979166099,
1470,574.5092,304.1282502713278,41.11385090133817,250.20757398929405,28.0,0.8269,301.0,48.0,159.0,1007.0,27.0,221.0,123.0,330.0,29.948066051870452,106,7,51,59,214.0,-44.0,62.0,47.0,141.0,23.0,-73.0,5490.0,96.0,-8.0,7.898696257625608,62.51979166099,
1471,651.1587,43.734669815429676,64.32921889163018,111.398197840015,28.0,0.8136,280.0,39.0,138.0,916.0,29.0,193.0,117.0,309.0,41.00394323774559,129,5,59,57,225.0,-22.0,65.0,79.0,173.0,51.0,-52.0,5818.0,127.0,16.0,8.137982283138944,62.51979166099,
1472,392.71405,90.48719325653013,69.28250363925265,31.505892488860766,28.0,0.7972,280.0,39.0,140.0,930.0,29.0,196.0,117.0,315.0,57.16737170653624,134,8,63,56,225.0,-14.0,65.0,87.0,181.0,59.0,-44.0,5809.0,135.0,24.0,8.142497113809016,62.51979166099,
1473,103.52264,91.21292390005485,38.34673133255825,72.3634146364138,28.0,0.8559,280.0,39.0,140.0,930.0,29.0,196.0,117.0,315.0,37.63172224813899,109,7,62,61,225.0,-14.0,65.0,87.0,181.0,59.0,-44.0,5809.0,135.0,24.0,8.147011944479086,62.51979166099,
1474,119.36545,254.41800285128005,44.127754772383156,253.0662604711065,28.0,0.8235,270.0,40.0,139.0,900.0,27.0,200.0,112.0,297.0,41.131702428564836,120,17,56,64,227.0,-34.0,65.0,65.0,162.0,38.0,-65.0,5835.0,114.0,3.0,8.174100928499442,62.51979166099,
1475,378.7575,279.73381976454334,59.632534759865194,245.36947768945797,28.0,0.74745,271.0,46.0,153.0,942.0,25.0,223.0,110.0,300.0,46.73548496715397,133,18,57,61,226.0,-51.0,65.0,45.0,144.0,19.0,-82.0,5802.0,96.0,-14.0,8.178615759169512,62.51979166099,
1476,518.8785,286.3296635072353,55.898444384626245,232.96452821286735,28.0,0.7417,271.0,46.0,153.0,942.0,25.0,223.0,110.0,300.0,39.2775067668201,111,12,56,60,226.0,-51.0,65.0,45.0,144.0,19.0,-82.0,5802.0,96.0,-14.0,8.183130589839584,62.51979166099,
1477,415.1601,100.15165899439828,64.8768816280257,45.556273194292615,28.0,0.749,280.0,39.0,140.0,930.0,29.0,196.0,117.0,315.0,51.70759100898257,120,6,62,60,225.0,-14.0,65.0,87.0,181.0,59.0,-44.0,5809.0,135.0,24.0,8.141927934679739,62.51770832765685,
1478,131.69409,86.33307941620699,43.12291169178297,63.10338643581949,28.0,0.8377,280.0,39.0,140.0,930.0,29.0,196.0,117.0,315.0,41.81227757371441,114,9,60,63,225.0,-14.0,65.0,87.0,181.0,59.0,-44.0,5809.0,135.0,24.0,8.146442449752843,62.51770832765685,
1479,274.9194,256.3338494878082,64.77543288090327,255.0,28.0,0.73615,271.0,46.0,153.0,942.0,25.0,223.0,110.0,300.0,50.924263860025974,122,15,57,63,226.0,-51.0,65.0,45.0,144.0,19.0,-82.0,5802.0,96.0,-14.0,8.178044055264504,62.51770832765685,
1480,572.54913,266.93269026985223,63.131265844656525,250.53170733943577,28.0,0.7155,271.0,46.0,153.0,942.0,25.0,223.0,110.0,300.0,45.91210751979834,113,12,55,61,226.0,-51.0,65.0,45.0,144.0,19.0,-82.0,5802.0,96.0,-14.0,8.182558570337608,62.51770832765685,
1481,788.6134,308.4803346687977,69.43560145089228,239.33783301044977,28.0,0.6915,295.0,55.0,183.0,1058.0,22.0,261.0,118.0,326.0,45.789903362343125,113,15,53,55,223.0,-69.0,64.0,24.0,123.0,-1.0,-100.0,5683.0,75.0,-32.0,8.187073085410713,62.51770832765685,
1482,192.32504,261.7513435611392,44.16503017197618,255.0,28.0,0.8191,265.0,43.0,145.0,910.0,26.0,211.0,109.0,294.0,39.06656730228532,124,10,60,63,228.0,-45.0,66.0,53.0,152.0,26.0,-76.0,5815.0,103.0,-8.0,8.177472442091606,62.51562499432371,
1483,525.3016,327.88379249023404,71.49750216886054,232.7195830312896,28.0,0.72075,309.0,53.0,174.0,1060.0,25.0,243.0,125.0,339.0,35.56705044267351,112,9,54,55,214.0,-55.0,62.0,34.0,130.0,11.0,-84.0,5465.0,83.0,-19.0,7.937665066071438,62.513541660990555,
1484,133.36607,101.04916396855471,40.569937990387864,76.5325016814739,28.0,0.79215,280.0,39.0,139.0,927.0,29.0,195.0,117.0,314.0,37.8902571487877,138,1,59,57,225.0,-14.0,65.0,87.0,181.0,59.0,-44.0,5808.0,135.0,24.0,8.145303731424406,62.513541660990555,
1485,158.00467,267.71091976280354,31.43075793837185,255.0,28.0,0.8696,265.0,43.0,145.0,910.0,26.0,211.0,109.0,294.0,33.5966281540958,94,10,55,62,228.0,-45.0,66.0,53.0,152.0,26.0,-76.0,5815.0,103.0,-8.0,8.176900919630276,62.513541660990555,
1486,336.86505,265.1260016400404,50.75321235770442,255.0,28.0,0.7164,265.0,43.0,145.0,910.0,26.0,211.0,109.0,294.0,43.14899906399471,101,9,55,59,228.0,-45.0,66.0,53.0,152.0,26.0,-76.0,5815.0,103.0,-8.0,8.181414803659695,62.513541660990555,
1487,135.19745,272.03730295846304,28.189772066076564,249.08911212097897,28.0,0.8861,265.0,43.0,145.0,910.0,26.0,211.0,109.0,294.0,27.82358069219108,117,10,56,62,228.0,-45.0,66.0,53.0,152.0,26.0,-76.0,5815.0,103.0,-8.0,8.176329487859991,62.511458327657415,
1488,298.57086,258.19961447024104,44.45306773212981,254.0991454846654,28.0,0.8018,265.0,43.0,145.0,910.0,26.0,211.0,109.0,294.0,43.55141082992423,96,13,57,61,228.0,-45.0,66.0,53.0,152.0,26.0,-76.0,5815.0,103.0,-8.0,8.18084305644267,62.511458327657415,
1489,477.7993,220.91072709626175,74.98268023309133,230.67477475993059,28.0,0.6032,278.0,50.0,166.0,986.0,23.0,240.0,112.0,308.0,47.397636279578464,96,10,54,56,225.0,-60.0,65.0,35.0,134.0,9.0,-91.0,5759.0,86.0,-23.0,8.185356625025353,62.511458327657415,
1490,92.12041,101.87393935231104,28.573638023533295,94.39490925750972,28.0,0.8494,280.0,39.0,139.0,927.0,29.0,195.0,117.0,314.0,29.45136589228096,101,9,59,61,225.0,-14.0,65.0,87.0,181.0,59.0,-44.0,5808.0,135.0,24.0,8.14416537445835,62.50937499432426,
1491,133.59373,280.6343504410622,35.072311045899404,249.58977683037762,28.0,0.88455,265.0,43.0,145.0,910.0,26.0,211.0,109.0,294.0,31.564912781746752,112,11,56,62,228.0,-45.0,66.0,53.0,152.0,26.0,-76.0,5815.0,103.0,-8.0,8.175758146760224,62.50937499432426,
1492,295.73087,303.1390336149673,50.36304704129943,247.60394060396132,28.0,0.8492,265.0,43.0,145.0,910.0,26.0,211.0,109.0,294.0,37.67923266322513,105,10,58,58,228.0,-45.0,66.0,53.0,152.0,26.0,-76.0,5815.0,103.0,-8.0,8.180271399946214,62.50937499432426,
1493,415.5654,318.7189182774424,62.97368940872111,225.62955450758864,28.0,0.75545,278.0,50.0,166.0,986.0,23.0,240.0,112.0,308.0,43.42707099499562,105,11,53,56,225.0,-60.0,65.0,35.0,134.0,9.0,-91.0,5759.0,86.0,-23.0,8.184784653132208,62.50937499432426,
1494,81.48214,110.48596857503176,25.134067894756395,112.90274688989304,28.0,0.8119,277.0,39.0,138.0,920.0,29.0,194.0,116.0,312.0,25.182130423623537,124,9,59,61,225.0,-14.0,65.0,87.0,181.0,59.0,-44.0,5808.0,135.0,24.0,8.143596331435113,62.50729166099112,
1495,174.1984,292.0301814127839,43.58365458518382,254.7889423633679,29.0,0.85515,286.0,52.0,174.0,1018.0,23.0,250.0,115.0,316.0,36.93013355759533,92,8,58,62,224.0,-65.0,65.0,29.0,128.0,4.0,-96.0,5719.0,80.0,-28.0,8.175186896310462,62.50729166099112,
1496,355.57593,288.12357595221465,55.210907291895836,255.0,29.0,0.8347,286.0,52.0,174.0,1018.0,23.0,250.0,115.0,316.0,42.32739625863109,110,4,56,61,224.0,-65.0,65.0,29.0,128.0,4.0,-96.0,5719.0,80.0,-28.0,8.179699834149808,62.50729166099112,
1497,575.2393,299.8565816853119,88.42359843889741,241.8993675791143,28.0,0.7831,288.0,53.0,177.0,1029.0,23.0,253.0,115.0,318.0,48.53016821936997,115,0,59,59,225.0,-67.0,65.0,27.0,127.0,2.0,-98.0,5722.0,78.0,-29.0,8.184212771989156,62.50729166099112,
1498,75.47403,99.55831723273796,24.94739996672813,97.84780251862479,28.0,0.8264,277.0,39.0,138.0,920.0,29.0,194.0,116.0,312.0,28.62334769358733,115,11,58,59,225.0,-14.0,65.0,87.0,181.0,59.0,-44.0,5808.0,135.0,24.0,8.143027378691155,62.50520832765797,
1499,205.54298,281.64158745701803,47.4583439505554,255.0,28.0,0.81,263.0,41.0,139.0,889.0,27.0,200.0,109.0,292.0,41.485285385865765,133,15,57,62,228.0,-37.0,66.0,63.0,160.0,35.0,-68.0,5855.0,112.0,0.0,8.174615736490189,62.50520832765797,
1500,425.27722,292.3269563350975,66.39108858182641,255.0,29.0,0.7872,286.0,52.0,174.0,1018.0,23.0,250.0,115.0,316.0,48.361461125961206,127,0,54,62,224.0,-65.0,65.0,29.0,128.0,4.0,-96.0,5719.0,80.0,-28.0,8.179128359032918,62.50520832765797,
1501,1003.1078,171.95830432302412,64.47932908891362,166.11824492489794,28.0,0.7698,240.0,49.0,167.0,951.0,21.0,267.0,98.0,289.0,33.8759320675417,99,9,44,56,251.0,-78.0,71.0,-13.0,139.0,0.0,-112.0,6395.0,85.0,76.0,8.901147965868287,62.50520832765797,
1502,989.05475,181.34862130240754,59.07463503617885,182.8451992457249,28.0,0.7957,240.0,49.0,167.0,951.0,21.0,267.0,98.0,289.0,31.4388611406504,125,10,43,57,251.0,-78.0,71.0,-13.0,139.0,0.0,-112.0,6395.0,85.0,76.0,8.905660588411015,62.50520832765797,
1503,1027.8413,206.7316625609129,57.89973883018314,224.40174957937003,28.0,0.7429,247.0,51.0,173.0,980.0,21.0,278.0,101.0,298.0,33.1486146361721,107,7,46,57,248.0,-83.0,71.0,-22.0,130.0,-8.0,-118.0,6277.0,76.0,67.0,8.910173210953744,62.50520832765797,
1504,187.24878,267.1540617000087,57.86653072689325,255.0,28.0,0.7165,263.0,41.0,139.0,889.0,27.0,200.0,109.0,292.0,48.35133689825806,109,21,54,65,228.0,-37.0,66.0,63.0,160.0,35.0,-68.0,5855.0,112.0,0.0,8.174044667278906,62.50312499432483,
1505,1099.9651,156.726403415182,52.100709292251416,145.88620147775126,28.0,0.7045,245.0,50.0,170.0,966.0,21.0,270.0,99.0,292.0,28.843572902012966,111,6,45,57,248.0,-79.0,71.0,-17.0,134.0,-3.0,-114.0,6300.0,81.0,72.0,8.873452298178096,62.50312499432483,
1506,1044.9353,153.766167351351,50.71899270943096,142.50845495694924,28.0,0.7195,240.0,49.0,167.0,952.0,21.0,267.0,98.0,289.0,28.38077121033273,116,8,45,57,251.0,-77.0,71.0,-13.0,139.0,0.0,-112.0,6366.0,85.0,76.0,8.877964605474228,62.50312499432483,
1507,998.23193,159.93050788599302,46.04664252655348,154.2370786188472,28.0,0.7073,240.0,49.0,167.0,952.0,21.0,267.0,98.0,289.0,25.293866104131688,110,8,45,57,251.0,-77.0,71.0,-13.0,139.0,0.0,-112.0,6366.0,85.0,76.0,8.882476912770361,62.50312499432483,
1508,969.22363,167.04045420567232,40.9317158712942,165.30218001280025,28.0,0.7155,239.0,48.0,164.0,943.0,22.0,264.0,98.0,287.0,22.47491283437415,105,7,48,54,251.0,-76.0,71.0,-10.0,141.0,2.0,-110.0,6389.0,87.0,78.0,8.886989220066491,62.50312499432483,
1509,947.8568,166.59729189683839,33.40275907774603,166.36125847681657,28.0,0.7365,239.0,48.0,164.0,943.0,22.0,264.0,98.0,287.0,17.904359839107883,104,8,50,58,251.0,-76.0,71.0,-10.0,141.0,2.0,-110.0,6389.0,87.0,78.0,8.891501527362625,62.50312499432483,
1510,928.9115,143.91310001914,24.418631928881545,164.67924628863568,28.0,0.75305,237.0,48.0,164.0,938.0,21.0,262.0,97.0,284.0,13.385098465230103,111,9,53,56,251.0,-75.0,72.0,-9.0,142.0,3.0,-109.0,6398.0,88.0,79.0,8.896013834658683,62.50312499432483,
1511,911.01215,132.3042687176027,21.276528244534695,172.70561402597824,28.0,0.76115,240.0,49.0,167.0,951.0,21.0,267.0,98.0,289.0,13.171901041070788,113,6,52,55,251.0,-78.0,71.0,-13.0,139.0,0.0,-112.0,6395.0,85.0,76.0,8.900526141954817,62.50312499432483,
1512,904.4018,144.36716059338724,19.558463395781175,177.0326920039288,28.0,0.7845,240.0,49.0,167.0,951.0,21.0,267.0,98.0,289.0,10.464627716329526,101,5,53,59,251.0,-78.0,71.0,-13.0,139.0,0.0,-112.0,6395.0,85.0,76.0,8.905038449250949,62.50312499432483,
1513,912.43475,189.9979496794346,31.994338230744702,200.96376025456468,28.0,0.7852,247.0,51.0,173.0,980.0,21.0,278.0,101.0,298.0,18.423816512385237,103,8,55,59,248.0,-83.0,71.0,-22.0,130.0,-8.0,-118.0,6277.0,76.0,67.0,8.90955075654708,62.50312499432483,
1514,974.842,217.76648510087418,51.897936612807754,237.01213428916503,28.0,0.7514,247.0,51.0,173.0,980.0,21.0,278.0,101.0,298.0,31.65289904923747,112,8,55,57,248.0,-83.0,71.0,-22.0,130.0,-8.0,-118.0,6277.0,76.0,67.0,8.914063063843214,62.50312499432483,
1515,1077.1064,217.87527109191583,56.99017398019915,240.05457613036373,28.0,0.6547,244.0,50.0,172.0,973.0,21.0,276.0,100.0,296.0,35.11499498834364,120,6,55,56,249.0,-82.0,71.0,-20.0,132.0,-6.0,-117.0,6322.0,79.0,69.0,8.918575371139346,62.50312499432483,
1516,931.29144,142.65294602691594,41.23611111992686,132.6535722509487,28.0,0.7895,234.0,48.0,162.0,931.0,22.0,262.0,97.0,284.0,26.333234803006004,110,8,56,55,254.0,-72.0,72.0,-6.0,147.0,7.0,-107.0,6473.0,93.0,83.0,8.941136907619935,62.50312499432483,
1517,1062.8992,168.10666864122538,40.84748605871818,166.30616373961675,28.0,0.74505,250.0,51.0,175.0,986.0,21.0,277.0,101.0,298.0,22.953025872345158,108,7,43,56,247.0,-83.0,70.0,-22.0,129.0,-8.0,-118.0,6233.0,75.0,66.0,8.863808479884767,62.501041660991675,
1518,1035.8867,158.96532119011474,42.35789285404794,154.0545045159236,28.0,0.75145,245.0,50.0,170.0,966.0,21.0,270.0,99.0,292.0,24.102574501397633,112,8,43,57,248.0,-79.0,71.0,-17.0,134.0,-3.0,-114.0,6300.0,81.0,72.0,8.86832047198431,62.501041660991675,
1519,998.29095,157.57746362246078,39.01951123359043,153.76069887376508,28.0,0.7395,245.0,50.0,170.0,966.0,21.0,270.0,99.0,292.0,23.084065701280085,111,7,51,57,248.0,-79.0,71.0,-17.0,134.0,-3.0,-114.0,6300.0,81.0,72.0,8.872832464083853,62.501041660991675,
1520,959.1653,148.06524977581523,28.52189981033784,154.62099292530775,28.0,0.7219,240.0,49.0,167.0,952.0,21.0,267.0,98.0,289.0,17.073756464135016,116,8,53,55,251.0,-77.0,71.0,-13.0,139.0,0.0,-112.0,6366.0,85.0,76.0,8.877344456183394,62.501041660991675,
1521,933.13654,139.0744146775705,17.518545808117338,166.001597473813,28.0,0.708,240.0,49.0,167.0,952.0,21.0,267.0,98.0,289.0,9.549549649318354,110,8,53,56,251.0,-77.0,71.0,-13.0,139.0,0.0,-112.0,6366.0,85.0,76.0,8.881856448282937,62.501041660991675,
1522,921.3637,211.5399154537781,11.95309702207143,177.54856313112288,28.0,0.7046,239.0,48.0,164.0,943.0,22.0,264.0,98.0,287.0,5.512001035756995,129,8,53,54,251.0,-76.0,71.0,-10.0,141.0,2.0,-110.0,6389.0,87.0,78.0,8.886368440382478,62.501041660991675,
1523,937.1606,213.4899744620834,22.3128206750819,184.01154094104393,28.0,0.7623,237.0,48.0,164.0,938.0,21.0,262.0,97.0,284.0,13.441208415986855,118,11,53,55,251.0,-75.0,72.0,-9.0,142.0,3.0,-109.0,6398.0,88.0,79.0,8.899904416681034,62.501041660991675,
1524,936.8753,102.0108401074575,22.880462848171717,165.9479477257426,28.0,0.77375,240.0,49.0,167.0,951.0,21.0,267.0,98.0,289.0,14.421952058674385,124,10,55,54,251.0,-78.0,71.0,-13.0,139.0,0.0,-112.0,6395.0,85.0,76.0,8.904416408780575,62.501041660991675,
1525,898.5153,76.30695700644962,17.23834038225726,150.6776837396881,28.0,0.784,247.0,51.0,173.0,980.0,21.0,278.0,101.0,298.0,13.222847738651502,114,3,55,57,248.0,-83.0,71.0,-22.0,130.0,-8.0,-118.0,6277.0,76.0,67.0,8.908928400880118,62.501041660991675,
1526,890.1789,193.27458031099877,20.59001056788477,202.35671146494113,28.0,0.7868,247.0,51.0,173.0,980.0,21.0,278.0,101.0,298.0,13.274416971071853,124,5,54,55,248.0,-83.0,71.0,-22.0,130.0,-8.0,-118.0,6277.0,76.0,67.0,8.913440392979659,62.501041660991675,
1527,940.3323,209.2832546715728,46.63307759616755,221.65817844894497,28.0,0.75,244.0,50.0,172.0,973.0,21.0,276.0,100.0,296.0,28.03665121490237,114,5,56,55,249.0,-82.0,71.0,-20.0,132.0,-6.0,-117.0,6322.0,79.0,69.0,8.917952385079202,62.501041660991675,
1528,1013.2423,181.82546772161936,50.880352305917214,182.27516931489856,28.0,0.717,239.0,49.0,167.0,952.0,21.0,269.0,98.0,290.0,26.909952446404162,122,7,54,58,252.0,-79.0,71.0,-14.0,138.0,-1.0,-114.0,6390.0,84.0,75.0,8.926976369278288,62.501041660991675,
1529,908.6669,155.18953439596152,45.53183807559177,144.4880792319336,28.0,0.7821,234.0,48.0,162.0,931.0,22.0,262.0,97.0,284.0,27.19515566356837,113,6,58,55,254.0,-72.0,72.0,-6.0,147.0,7.0,-107.0,6473.0,93.0,83.0,8.936000353477299,62.501041660991675,
1530,869.5528,152.60738231000548,29.60586631956917,154.49128863649602,28.0,0.8113,234.0,48.0,162.0,931.0,22.0,262.0,97.0,284.0,16.987059677303705,105,6,58,58,254.0,-72.0,72.0,-6.0,147.0,7.0,-107.0,6473.0,93.0,83.0,8.94051234557684,62.501041660991675,
1531,845.6601,145.9174962763625,17.370631946586773,162.94471235410464,28.0,0.8109,231.0,47.0,159.0,918.0,22.0,256.0,96.0,279.0,9.323529924078539,129,4,57,53,255.0,-69.0,72.0,-1.0,151.0,11.0,-104.0,6496.0,97.0,88.0,8.945024337676383,62.501041660991675,
1532,270.77228,85.76418865527555,58.15465224371919,65.19498713778901,29.0,0.836,304.0,42.0,142.0,984.0,32.0,188.0,127.0,344.0,46.24365378986218,122,6,57,60,202.0,-6.0,59.0,82.0,170.0,59.0,-32.0,5285.0,128.0,29.0,7.649548274060249,62.498958327658535,
1533,94.8794,101.68159502722793,24.294752167328625,104.3077364357342,29.0,0.8648,299.0,41.0,141.0,976.0,32.0,188.0,125.0,341.0,26.173504315694966,118,9,54,60,202.0,-2.0,59.0,86.0,173.0,62.0,-29.0,5254.0,131.0,33.0,7.654059951013197,62.498958327658535,
1534,201.05188,106.46131692448543,44.84866859127238,69.70522536000153,28.0,0.8642,274.0,39.0,137.0,912.0,29.0,192.0,115.0,310.0,40.7976681694385,118,6,64,59,226.0,-14.0,65.0,88.0,182.0,59.0,-44.0,5825.0,135.0,24.0,8.136809384977804,62.498958327658535,
1535,47.365936,78.07964363527053,19.350908088283646,122.25791363013327,28.0,0.8725,274.0,39.0,137.0,912.0,29.0,192.0,115.0,310.0,19.5459360207219,119,11,58,66,226.0,-14.0,65.0,88.0,182.0,59.0,-44.0,5825.0,135.0,24.0,8.141321061930752,62.498958327658535,
1536,260.1641,264.8280478016885,97.35968471267718,254.89226599323254,28.0,0.6613,305.0,57.0,192.0,1097.0,22.0,273.0,121.0,335.0,47.37427145914735,126,9,56,65,223.0,-75.0,64.0,17.0,116.0,-8.0,-107.0,5650.0,68.0,-38.0,8.177414477554265,62.498958327658535,
1537,945.9892,125.39730136823562,12.66007195048028,167.18054188446442,28.0,0.7094,239.0,48.0,164.0,943.0,22.0,264.0,97.0,286.0,7.271639562926169,117,8,52,53,250.0,-77.0,72.0,-12.0,139.0,1.0,-111.0,6360.0,85.0,76.0,8.87221272830701,62.498958327658535,
1538,942.9181,332.6542285375358,18.615035225317396,191.7469254212564,28.0,0.70605,247.0,50.0,172.0,977.0,21.0,276.0,100.0,297.0,11.075484025278353,124,12,53,52,248.0,-83.0,71.0,-21.0,130.0,-8.0,-118.0,6276.0,76.0,67.0,8.885747759165854,62.498958327658535,
1539,961.3157,335.01770409364326,24.69242280748317,196.9244400159022,28.0,0.7527,247.0,50.0,172.0,977.0,21.0,276.0,100.0,297.0,14.987172024599815,117,12,52,55,248.0,-83.0,71.0,-21.0,130.0,-8.0,-118.0,6276.0,76.0,67.0,8.890259436118804,62.498958327658535,
1540,982.8663,314.4885478539992,29.622631886762026,193.98092157081842,28.0,0.7888,245.0,50.0,172.0,974.0,21.0,276.0,100.0,296.0,17.068800571248943,119,12,53,54,249.0,-83.0,71.0,-21.0,131.0,-7.0,-118.0,6285.0,77.0,68.0,8.894771113071679,62.498958327658535,
1541,996.8099,346.75502005254333,29.117118767832324,190.31602881121586,28.0,0.7636,245.0,50.0,172.0,974.0,21.0,276.0,100.0,296.0,15.43618904859694,123,4,57,53,249.0,-83.0,71.0,-21.0,131.0,-7.0,-118.0,6285.0,77.0,68.0,8.899282790024628,62.498958327658535,
1542,999.2298,61.85214774508526,27.85969911676242,164.83014953816186,28.0,0.74075,241.0,49.0,169.0,961.0,21.0,272.0,99.0,293.0,16.628036397679367,121,1,57,53,250.0,-81.0,71.0,-17.0,134.0,-4.0,-116.0,6335.0,80.0,71.0,8.903794466977576,62.498958327658535,
1543,882.4199,190.45523936165839,34.44116117132073,199.71401571926395,28.0,0.787,234.0,48.0,162.0,931.0,22.0,262.0,97.0,284.0,21.685191632781894,126,4,56,54,253.0,-74.0,72.0,-8.0,144.0,4.0,-109.0,6454.0,90.0,81.0,8.921841174789371,62.498958327658535,
1544,904.9138,181.20868127100002,38.66498045167612,181.26001712579827,28.0,0.7999,234.0,47.0,161.0,929.0,22.0,261.0,97.0,284.0,21.279837236315334,128,4,56,53,253.0,-73.0,72.0,-6.0,145.0,5.0,-108.0,6446.0,91.0,82.0,8.926352851742319,62.498958327658535,
1545,874.03625,144.8079815492866,38.55793514753231,141.52464042666847,28.0,0.8274,234.0,47.0,161.0,929.0,22.0,261.0,97.0,284.0,23.040449224101536,116,6,57,52,253.0,-73.0,72.0,-6.0,145.0,5.0,-108.0,6446.0,91.0,82.0,8.930864528695267,62.498958327658535,
1546,819.5114,155.79036714879186,33.56359834687001,153.94094491211888,28.0,0.8421,230.0,47.0,158.0,914.0,22.0,256.0,96.0,279.0,22.604313806654073,109,5,55,56,257.0,-69.0,73.0,0.0,153.0,11.0,-104.0,6560.0,98.0,89.0,8.935376205648144,62.498958327658535,
1547,801.3211,166.8439014293386,30.96686867641182,173.66495587481805,28.0,0.8243,230.0,47.0,158.0,914.0,22.0,256.0,96.0,279.0,22.00622236466036,112,5,58,53,257.0,-69.0,73.0,0.0,153.0,11.0,-104.0,6560.0,98.0,89.0,8.939887882601091,62.498958327658535,
1548,790.0954,144.27998505166266,31.55358899083753,159.105054163024,28.0,0.81885,230.0,47.0,159.0,915.0,22.0,256.0,96.0,279.0,24.884829274847373,121,4,58,53,256.0,-69.0,72.0,-1.0,152.0,11.0,-104.0,6524.0,97.0,88.0,8.94439955955404,62.498958327658535,
1549,746.66565,172.144572993437,30.08911203128294,155.42018022804226,28.0,0.80705,230.0,47.0,159.0,915.0,22.0,256.0,96.0,279.0,24.597137918004456,122,6,56,53,256.0,-69.0,72.0,-1.0,152.0,11.0,-104.0,6524.0,97.0,88.0,8.948911236506987,62.498958327658535,
1550,101.73119,86.64148524876629,32.64274514694067,84.73394716754521,29.0,0.8642,299.0,41.0,141.0,976.0,32.0,188.0,125.0,341.0,32.84563991031189,132,9,58,60,202.0,-2.0,59.0,86.0,173.0,62.0,-29.0,5254.0,131.0,33.0,7.653525389615951,62.49687499432538,
1551,643.2243,286.39769292998756,74.85496881647407,254.51627954742338,28.0,0.79595,345.0,56.0,185.0,1152.0,26.0,249.0,140.0,377.0,51.58643565428943,130,0,54,59,204.0,-49.0,59.0,35.0,127.0,14.0,-77.0,5243.0,84.0,-14.0,7.689616284466594,62.49687499432538,
1552,334.27356,104.72542494940356,38.75644171297747,89.2566307521261,28.0,0.7528,274.0,38.0,133.0,898.0,30.0,189.0,115.0,305.0,32.897040454425664,135,3,64,56,226.0,-20.0,65.0,81.0,175.0,52.0,-51.0,5813.0,128.0,18.0,8.131729746387052,62.49687499432538,
1553,189.9528,91.32192617201505,31.54862316105862,86.74618975689091,28.0,0.8338,274.0,39.0,137.0,912.0,29.0,192.0,115.0,310.0,31.757272321116968,121,5,64,59,226.0,-14.0,65.0,88.0,182.0,59.0,-44.0,5825.0,135.0,24.0,8.13624110824339,62.49687499432538,
1554,57.142403,84.19600380436624,19.71314694301125,112.8914493244227,28.0,0.8702,274.0,39.0,137.0,912.0,29.0,192.0,115.0,310.0,22.49420102813571,105,24,60,64,226.0,-14.0,65.0,88.0,182.0,59.0,-44.0,5825.0,135.0,24.0,8.14075247009973,62.49687499432538,
1555,214.29283,272.63542970339563,41.40326163841654,254.85023476964943,28.0,0.8067,305.0,57.0,192.0,1097.0,22.0,273.0,121.0,335.0,33.949845410633294,123,5,57,65,223.0,-75.0,64.0,17.0,116.0,-8.0,-107.0,5650.0,68.0,-38.0,8.176843364950372,62.49687499432538,
1556,988.4567,333.71279767616403,25.413988839662135,200.5848003488252,28.0,0.76315,247.0,50.0,172.0,977.0,21.0,276.0,100.0,297.0,14.687896288854857,120,13,53,56,248.0,-83.0,71.0,-21.0,130.0,-8.0,-118.0,6276.0,76.0,67.0,8.885127176394342,62.49687499432538,
1557,1017.7732,332.71822805274525,32.18620631681688,205.7329976260498,28.0,0.811,247.0,50.0,172.0,977.0,21.0,276.0,100.0,297.0,17.84542110900447,110,17,54,55,248.0,-83.0,71.0,-21.0,130.0,-8.0,-118.0,6276.0,76.0,67.0,8.889638538250683,62.49687499432538,
1558,983.7445,29.77475479059958,48.57291037832457,139.4166809814088,28.0,0.7975,235.0,48.0,163.0,935.0,22.0,263.0,97.0,285.0,28.268075968606283,130,6,55,51,252.0,-75.0,72.0,-9.0,142.0,3.0,-110.0,6402.0,88.0,79.0,8.912195347532307,62.49687499432538,
1559,930.2843,34.54184692717819,45.831644090904824,145.28404368994777,28.0,0.7912,234.0,48.0,162.0,931.0,22.0,262.0,97.0,284.0,25.657999597296453,133,5,57,53,253.0,-74.0,72.0,-8.0,144.0,4.0,-109.0,6454.0,90.0,81.0,8.916706709388645,62.49687499432538,
1560,879.1856,47.26731941125438,32.87234281882067,149.40309455217277,28.0,0.8057,234.0,48.0,162.0,931.0,22.0,262.0,97.0,284.0,18.447843839595514,133,3,58,54,253.0,-74.0,72.0,-8.0,144.0,4.0,-109.0,6454.0,90.0,81.0,8.921218071244986,62.49687499432538,
1561,848.7039,127.23145302345662,25.108716371338254,171.21896838634265,28.0,0.7994,234.0,47.0,161.0,929.0,22.0,261.0,97.0,284.0,15.702894209274177,129,2,58,53,253.0,-73.0,72.0,-6.0,145.0,5.0,-108.0,6446.0,91.0,82.0,8.925729433101326,62.49687499432538,
1562,832.33417,174.89244793192964,29.980870602465057,164.4679346940356,28.0,0.80595,234.0,47.0,161.0,929.0,22.0,261.0,97.0,284.0,21.01048072096385,124,8,58,53,253.0,-73.0,72.0,-6.0,145.0,5.0,-108.0,6446.0,91.0,82.0,8.930240794957664,62.49687499432538,
1563,850.5647,226.7065363324583,41.43305268471909,200.49545901252347,28.0,0.8246,230.0,47.0,158.0,914.0,22.0,256.0,96.0,279.0,27.12621883710506,128,8,57,54,257.0,-69.0,73.0,0.0,153.0,11.0,-104.0,6560.0,98.0,89.0,8.93475215681393,62.49687499432538,
1564,842.53876,68.12068426009745,32.578815517394396,164.17924132189194,28.0,0.8186,230.0,47.0,158.0,914.0,22.0,256.0,96.0,279.0,19.370997938914236,122,5,58,53,257.0,-69.0,73.0,0.0,153.0,11.0,-104.0,6560.0,98.0,89.0,8.93926351867027,62.49687499432538,
1565,795.2672,95.84005387679393,22.16926171737518,127.48588267214538,28.0,0.8036,230.0,47.0,159.0,915.0,22.0,256.0,96.0,279.0,22.154133363162146,118,7,59,54,256.0,-69.0,72.0,-1.0,152.0,11.0,-104.0,6524.0,97.0,88.0,8.94377488052661,62.49687499432538,
1566,745.83234,234.25132905181752,21.589937349145874,182.07649049253948,28.0,0.77745,230.0,47.0,159.0,915.0,22.0,256.0,96.0,279.0,24.797391314919256,122,5,56,54,256.0,-69.0,72.0,-1.0,152.0,11.0,-104.0,6524.0,97.0,88.0,8.948286242382949,62.49687499432538,
1567,150.20062,78.26646748917858,43.49988856438171,71.23238603869574,29.0,0.8205,299.0,41.0,141.0,976.0,32.0,188.0,125.0,341.0,38.91615574274239,133,7,58,59,202.0,-2.0,59.0,86.0,173.0,62.0,-29.0,5254.0,131.0,33.0,7.652990912998787,62.49479166099224,
1568,41.270428,97.33254432762172,9.868875525841169,155.84420711960078,29.0,0.8106,299.0,41.0,141.0,976.0,32.0,188.0,125.0,341.0,8.616644418452207,121,8,58,62,202.0,-2.0,59.0,86.0,173.0,62.0,-29.0,5254.0,131.0,33.0,7.65750195980849,62.49479166099224,
1569,312.52856,100.94501014614791,29.58081756504743,95.70147316137668,28.0,0.77265,274.0,38.0,133.0,898.0,30.0,189.0,115.0,305.0,29.368713091439297,122,3,61,57,226.0,-20.0,65.0,81.0,175.0,52.0,-51.0,5813.0,128.0,18.0,8.131161874826523,62.49479166099224,
1570,195.63258,95.36242035866064,25.623751584547346,99.52944670308774,28.0,0.8523,274.0,39.0,137.0,912.0,29.0,192.0,115.0,310.0,27.047116582374375,130,8,62,61,226.0,-14.0,65.0,88.0,182.0,59.0,-44.0,5825.0,135.0,24.0,8.135672921636226,62.49479166099224,
1571,77.00555,86.7324549763229,21.660222522418685,105.06382878351369,28.0,0.8863,274.0,39.0,137.0,912.0,29.0,192.0,115.0,310.0,25.057517580504264,138,20,53,66,226.0,-14.0,65.0,88.0,182.0,59.0,-44.0,5825.0,135.0,24.0,8.14018396844593,62.49479166099224,
1572,210.05693,273.55498801932725,28.45275159050745,254.89817273633847,28.0,0.8584,305.0,57.0,192.0,1097.0,22.0,273.0,121.0,335.0,30.354639372731665,126,7,57,65,223.0,-75.0,64.0,17.0,116.0,-8.0,-107.0,5650.0,68.0,-38.0,8.176272342923488,62.49479166099224,
1573,986.20935,333.30509990163847,26.274283135610087,201.5146804572762,28.0,0.7407,241.0,49.0,167.0,956.0,22.0,270.0,98.0,291.0,15.654970509436223,124,11,56,53,250.0,-79.0,71.0,-15.0,136.0,-2.0,-114.0,6331.0,82.0,73.0,8.875484598426276,62.49479166099224,
1574,1017.38605,334.5048993284014,33.05319470425044,206.2917391489072,28.0,0.74545,241.0,49.0,167.0,956.0,22.0,270.0,98.0,291.0,19.54716111971447,118,7,56,55,250.0,-79.0,71.0,-15.0,136.0,-2.0,-114.0,6331.0,82.0,73.0,8.87999564523598,62.49479166099224,
1575,1135.6234,30.88217126602091,67.61916273961913,150.3340550907887,28.0,0.6493,235.0,48.0,163.0,935.0,22.0,263.0,97.0,285.0,38.21944580275253,129,6,57,51,252.0,-75.0,72.0,-9.0,142.0,3.0,-110.0,6402.0,88.0,79.0,8.911572972903835,62.49479166099224,
1576,934.8435,112.68674095654167,58.69091063208677,166.1141192570295,28.0,0.75275,234.0,47.0,161.0,929.0,22.0,261.0,97.0,284.0,33.19781079366836,131,9,58,54,253.0,-73.0,72.0,-6.0,145.0,5.0,-108.0,6446.0,91.0,82.0,8.925106113332948,62.49479166099224,
1577,941.5581,196.50527400499232,67.4748363192424,191.77866099142446,28.0,0.7818,234.0,47.0,161.0,929.0,22.0,261.0,97.0,284.0,37.49802144514331,127,3,60,54,253.0,-73.0,72.0,-6.0,145.0,5.0,-108.0,6446.0,91.0,82.0,8.92961716014265,62.49479166099224,
1578,964.4986,179.44884466532497,49.27305585894772,174.24333536336715,28.0,0.81215,230.0,47.0,158.0,914.0,22.0,256.0,96.0,279.0,29.615282439861744,127,5,60,53,257.0,-69.0,73.0,0.0,153.0,11.0,-104.0,6560.0,98.0,89.0,8.934128206952282,62.49479166099224,
1579,913.4693,54.83204150708943,28.89141713000371,127.25323208385574,28.0,0.82205,230.0,47.0,158.0,914.0,22.0,256.0,96.0,279.0,23.154903130980493,138,7,59,52,257.0,-69.0,73.0,0.0,153.0,11.0,-104.0,6560.0,98.0,89.0,8.938639253761986,62.49479166099224,
1580,815.60077,96.88291949080121,23.21475327532237,109.57494264098018,28.0,0.7963,230.0,47.0,159.0,915.0,22.0,256.0,96.0,279.0,25.189682046339446,133,5,60,53,256.0,-69.0,72.0,-1.0,152.0,11.0,-104.0,6524.0,97.0,88.0,8.94315030057169,62.49479166099224,
1581,762.73645,244.29864455983756,21.549113077170226,194.69126224095942,28.0,0.7573,230.0,47.0,159.0,915.0,22.0,256.0,96.0,279.0,27.512970272752014,132,5,59,54,256.0,-69.0,72.0,-1.0,152.0,11.0,-104.0,6524.0,97.0,88.0,8.947661347381391,62.49479166099224,
1582,845.33856,249.3351859954575,46.77103240025362,189.62629823964454,28.0,0.7901,229.0,47.0,160.0,919.0,22.0,260.0,96.0,281.0,22.07308563009499,124,7,54,58,256.0,-72.0,73.0,-5.0,148.0,7.0,-108.0,6489.0,93.0,84.0,8.979238675049245,62.49479166099224,
1583,205.57378,80.96447383258467,41.10128601747171,66.84014309756633,29.0,0.8337,299.0,41.0,141.0,976.0,32.0,188.0,125.0,341.0,39.810223042817796,120,4,55,58,202.0,-2.0,59.0,86.0,173.0,62.0,-29.0,5254.0,131.0,33.0,7.652456521142522,62.49270832765909,
1584,63.389072,81.13060932561328,18.50826456705579,121.35215956278951,29.0,0.8629,299.0,41.0,141.0,976.0,32.0,188.0,125.0,341.0,19.854839081617538,120,8,55,61,202.0,-2.0,59.0,86.0,173.0,62.0,-29.0,5254.0,131.0,33.0,7.656967252955552,62.49270832765909,
1585,345.277,77.30031403748912,39.606962873370925,80.72289673530386,28.0,0.79315,274.0,38.0,133.0,898.0,30.0,189.0,115.0,305.0,36.52655293406469,124,5,59,59,226.0,-20.0,65.0,81.0,175.0,52.0,-51.0,5813.0,128.0,18.0,8.13059409332289,62.49270832765909,
1586,192.18515,105.20284451832292,30.823661457633552,92.29991397795675,28.0,0.8492,274.0,39.0,137.0,912.0,29.0,192.0,115.0,310.0,30.90223293931906,140,7,59,57,226.0,-14.0,65.0,88.0,182.0,59.0,-44.0,5825.0,135.0,24.0,8.13510482513592,62.49270832765909,
1587,74.43158,105.05869508093409,21.476546681305116,114.42017285483118,28.0,0.88915,274.0,39.0,137.0,912.0,29.0,192.0,115.0,310.0,22.900522545478736,127,6,54,66,226.0,-14.0,65.0,88.0,182.0,59.0,-44.0,5825.0,135.0,24.0,8.13961555694895,62.49270832765909,
1588,175.74316,258.74336461108794,29.244779716799524,253.28658305219466,28.0,0.8638,305.0,57.0,192.0,1097.0,22.0,273.0,121.0,335.0,29.16410337544078,121,1,51,65,223.0,-75.0,64.0,17.0,116.0,-8.0,-107.0,5650.0,68.0,-38.0,8.17570141145312,62.49270832765909,
1589,1092.6637,163.2553345302258,51.75950197923659,170.32843538018741,28.0,0.6834,234.0,47.0,161.0,929.0,22.0,261.0,97.0,284.0,29.156647214454612,125,4,60,55,253.0,-73.0,72.0,-6.0,145.0,5.0,-108.0,6446.0,91.0,82.0,8.928993624227845,62.49270832765909,
1590,963.7887,78.07784758186412,25.55676376666271,101.81881856343783,28.0,0.78425,230.0,47.0,158.0,914.0,22.0,256.0,96.0,279.0,26.804087034219695,126,3,59,54,257.0,-69.0,73.0,0.0,153.0,11.0,-104.0,6560.0,98.0,89.0,8.938015087853833,62.49270832765909,
1591,856.47614,73.47823151778404,24.061775787569825,108.92988918474371,28.0,0.808,230.0,47.0,159.0,915.0,22.0,256.0,96.0,279.0,25.027274151263462,138,7,60,53,256.0,-69.0,72.0,-1.0,152.0,11.0,-104.0,6524.0,97.0,88.0,8.942525819666862,62.49270832765909,
1592,777.5427,198.40696955932845,24.162926187326033,177.09653116748459,28.0,0.7675,230.0,47.0,159.0,915.0,22.0,256.0,96.0,279.0,29.364799820356897,120,5,61,54,256.0,-69.0,72.0,-1.0,152.0,11.0,-104.0,6524.0,97.0,88.0,8.947036551479894,62.49270832765909,
1593,245.55064,86.75759571935079,38.226671211040355,68.67884386646142,29.0,0.83065,298.0,41.0,141.0,971.0,32.0,187.0,125.0,340.0,38.6408007285978,126,4,60,59,202.0,-3.0,59.0,86.0,172.0,62.0,-30.0,5294.0,131.0,31.0,7.651922214027995,62.49062499432594,
1594,91.584946,78.54541924268779,24.701401006071748,102.12133239152426,29.0,0.88335,298.0,41.0,141.0,971.0,32.0,187.0,125.0,340.0,26.561713489024804,131,8,57,61,202.0,-3.0,59.0,86.0,172.0,62.0,-30.0,5294.0,131.0,31.0,7.656432630894304,62.49062499432594,
1595,86.3597,74.78972109302065,16.184556531807917,133.40460087721544,28.0,0.7232,291.0,40.0,137.0,944.0,32.0,184.0,122.0,329.0,15.962377355962586,137,13,54,62,208.0,-6.0,60.0,85.0,174.0,61.0,-34.0,5406.0,131.0,30.0,7.746640968220323,62.49062499432594,
1596,651.3367,85.93827496362805,69.48907485835065,57.708249494612176,28.0,0.7867,273.0,38.0,133.0,898.0,30.0,189.0,114.0,304.0,52.57770558736503,110,5,57,58,227.0,-18.0,65.0,83.0,178.0,54.0,-49.0,5840.0,131.0,20.0,8.125515984989484,62.49062499432594,
1597,377.76343,102.96877277434815,57.018624982954975,49.989128643355514,28.0,0.83985,273.0,38.0,133.0,898.0,30.0,189.0,114.0,304.0,49.09678605620434,126,6,59,57,227.0,-18.0,65.0,83.0,178.0,54.0,-49.0,5840.0,131.0,20.0,8.130026401855792,62.49062499432594,
1598,166.24254,105.87969961354413,34.62756129069766,85.19823147147143,28.0,0.88755,273.0,38.0,135.0,905.0,29.0,191.0,114.0,307.0,33.72478800351447,133,6,56,57,227.0,-15.0,65.0,87.0,181.0,58.0,-46.0,5836.0,134.0,23.0,8.134536818722099,62.49062499432594,
1599,176.37247,285.06394569823243,43.3090082102416,254.95618360421693,28.0,0.8517,262.0,44.0,147.0,910.0,26.0,216.0,107.0,291.0,36.83151345500855,121,4,53,64,228.0,-49.0,66.0,49.0,147.0,22.0,-81.0,5839.0,99.0,-12.0,8.1751305705188,62.49062499432594,
1600,511.76828,278.32309886393585,113.79468789905197,255.0,28.0,0.6498,262.0,44.0,147.0,910.0,26.0,216.0,107.0,291.0,64.20791760913353,118,7,54,60,228.0,-49.0,66.0,49.0,147.0,22.0,-81.0,5839.0,99.0,-12.0,8.17964098738511,62.49062499432594,
1601,1061.0364,138.31203008739413,38.14575379600279,130.49338540099686,28.0,0.7233,247.0,50.0,172.0,977.0,21.0,276.0,100.0,296.0,25.67508486625518,126,7,56,51,248.0,-83.0,71.0,-21.0,130.0,-7.0,-118.0,6252.0,76.0,67.0,8.856203517330028,62.49062499432594,
1602,884.9703,87.54780093360598,19.65393120010838,116.63094708075134,28.0,0.79755,231.0,47.0,160.0,922.0,22.0,260.0,96.0,282.0,20.91494218940676,130,5,60,54,255.0,-73.0,72.0,-6.0,147.0,6.0,-108.0,6481.0,92.0,83.0,8.941901437789737,62.49062499432594,
1603,789.38086,190.18948025566056,26.421751312214667,158.95124957253418,28.0,0.7819,231.0,47.0,160.0,922.0,22.0,260.0,96.0,282.0,33.244854091824706,125,5,62,53,255.0,-73.0,72.0,-6.0,147.0,6.0,-108.0,6481.0,92.0,83.0,8.946411854656045,62.49062499432594,
1604,279.17633,84.4936435132335,38.76402316609529,69.02326742608074,29.0,0.78445,298.0,41.0,141.0,971.0,32.0,187.0,125.0,340.0,38.48932926216582,119,3,57,58,202.0,-3.0,59.0,86.0,172.0,62.0,-30.0,5294.0,131.0,31.0,7.651387991636046,62.488541660992794,
1605,121.839874,85.72951254592272,26.668013543179015,91.17573114832624,29.0,0.8675,298.0,41.0,141.0,971.0,32.0,187.0,125.0,340.0,29.841926242267164,130,4,57,63,202.0,-3.0,59.0,86.0,172.0,62.0,-30.0,5294.0,131.0,31.0,7.655898093605571,62.488541660992794,
1606,124.13877,67.5485428647821,25.074859255486906,113.3015729821244,28.0,0.7582,291.0,40.0,137.0,944.0,32.0,184.0,122.0,329.0,23.97929999279795,140,6,55,61,208.0,-6.0,60.0,85.0,174.0,61.0,-34.0,5406.0,131.0,30.0,7.746100132995935,62.488541660992794,
1607,54.9894,106.39313285972965,11.787247672572628,154.95013492491196,28.0,0.8604,290.0,39.0,135.0,940.0,32.0,184.0,122.0,328.0,11.248659398322868,140,9,54,62,208.0,-7.0,60.0,85.0,173.0,60.0,-35.0,5406.0,131.0,29.0,7.750610234965461,62.488541660992794,
1608,215.68822,269.6400682742055,53.571413977839015,255.0,28.0,0.7617,265.0,39.0,133.0,878.0,28.0,192.0,110.0,292.0,47.25100489371007,123,3,58,65,228.0,-29.0,66.0,72.0,168.0,43.0,-60.0,5868.0,120.0,8.0,8.17455982010005,62.488541660992794,
1609,1050.4432,131.3192968115657,27.726519649903224,146.0648172226036,28.0,0.69975,247.0,50.0,172.0,977.0,21.0,276.0,100.0,296.0,16.937180406137504,117,4,56,53,248.0,-83.0,71.0,-21.0,130.0,-7.0,-118.0,6252.0,76.0,67.0,8.851075115527632,62.488541660992794,
1610,1003.21844,98.67931434337869,30.251617542209008,83.82681086353281,28.0,0.73325,229.0,47.0,159.0,914.0,22.0,256.0,96.0,279.0,32.98475262733913,124,3,61,54,256.0,-70.0,72.0,-2.0,151.0,9.0,-105.0,6537.0,96.0,87.0,8.9367670529484,62.488541660992794,
1611,888.7786,96.25172029740615,20.121677857285963,114.95546002803434,28.0,0.80835,229.0,47.0,159.0,914.0,22.0,256.0,96.0,279.0,21.73052195374129,138,6,60,55,256.0,-70.0,72.0,-2.0,151.0,9.0,-105.0,6537.0,96.0,87.0,8.941277154917923,62.488541660992794,
1612,794.7955,183.10953646804805,22.555285707040483,153.4051787247611,28.0,0.78285,231.0,47.0,160.0,922.0,22.0,260.0,96.0,282.0,26.596051387234578,130,6,61,53,255.0,-73.0,72.0,-6.0,147.0,6.0,-108.0,6481.0,92.0,83.0,8.94578725688745,62.488541660992794,
1613,148.50273,83.5712340660922,26.60023382544349,92.22607424544958,29.0,0.8577,298.0,41.0,141.0,971.0,32.0,187.0,125.0,340.0,29.6444877894578,142,7,57,63,202.0,-3.0,59.0,86.0,172.0,62.0,-30.0,5294.0,131.0,31.0,7.655363641070186,62.486458327659655,
1614,50.632244,72.67197230104881,12.858573804664273,140.80667966651495,29.0,0.88295,298.0,41.0,140.0,969.0,32.0,187.0,125.0,339.0,13.540329684220012,137,7,57,59,203.0,-4.0,59.0,86.0,172.0,62.0,-31.0,5294.0,131.0,31.0,7.659873428192856,62.486458327659655,
1615,170.81169,75.80509523180267,23.55750205267298,109.55075763110327,28.0,0.8444,291.0,40.0,137.0,944.0,32.0,184.0,122.0,329.0,24.018364178655112,120,6,57,62,208.0,-6.0,60.0,85.0,174.0,61.0,-34.0,5406.0,131.0,30.0,7.745559383523462,62.486458327659655,
1616,81.22786,89.3298011691707,15.970842753513901,132.88656558760275,28.0,0.8679,290.0,39.0,135.0,940.0,32.0,184.0,122.0,328.0,17.829841587866582,114,5,56,62,208.0,-7.0,60.0,85.0,173.0,60.0,-35.0,5406.0,131.0,29.0,7.750069170646133,62.486458327659655,
1617,50.775944,150.8353373165804,5.4892086917958975,175.3045843683656,28.0,0.8541,290.0,39.0,135.0,940.0,32.0,184.0,122.0,328.0,6.16239285740693,134,7,52,61,208.0,-7.0,60.0,85.0,173.0,60.0,-35.0,5406.0,131.0,29.0,7.754578957768731,62.486458327659655,
1618,256.11386,215.52297813166874,95.67315998190797,249.80787474890587,28.0,0.7215,262.0,44.0,147.0,910.0,26.0,216.0,107.0,291.0,48.5343597471104,114,3,57,64,228.0,-49.0,66.0,49.0,147.0,22.0,-81.0,5839.0,99.0,-12.0,8.178498947299081,62.486458327659655,
1619,1050.8403,150.40624410873076,20.24350266798001,165.97032239654683,28.0,0.71305,243.0,49.0,168.0,960.0,21.0,270.0,98.0,291.0,11.628290660575104,110,12,56,51,250.0,-80.0,71.0,-17.0,135.0,-3.0,-115.0,6330.0,81.0,72.0,8.84594744145316,62.486458327659655,
1620,1005.4703,97.85476027135873,30.59277788537327,88.50505255921672,28.0,0.75545,229.0,47.0,159.0,914.0,22.0,256.0,96.0,279.0,31.225583392445174,131,4,60,56,256.0,-70.0,72.0,-2.0,151.0,9.0,-105.0,6537.0,96.0,87.0,8.936143183906362,62.486458327659655,
1621,895.6741,97.8887855431078,20.073687973505653,115.63174003338914,28.0,0.79285,229.0,47.0,159.0,914.0,22.0,256.0,96.0,279.0,21.62771610731317,138,6,60,55,256.0,-70.0,72.0,-2.0,151.0,9.0,-105.0,6537.0,96.0,87.0,8.940652971029031,62.486458327659655,
1622,796.02167,157.8978493925193,21.004451693527173,144.60482737753867,28.0,0.79025,231.0,47.0,160.0,922.0,22.0,260.0,96.0,282.0,25.206605844738167,129,6,62,54,255.0,-73.0,72.0,-6.0,147.0,6.0,-108.0,6481.0,92.0,83.0,8.945162758151703,62.486458327659655,
1623,834.7642,272.67218713299167,15.67386243393266,235.211196611453,28.0,0.7896,231.0,47.0,160.0,922.0,22.0,260.0,96.0,282.0,18.1152780292138,132,9,59,55,255.0,-73.0,72.0,-6.0,147.0,6.0,-108.0,6481.0,92.0,83.0,8.949672545274375,62.486458327659655,
1624,900.30383,288.6019511002962,19.744642528619476,230.75543836149345,28.0,0.7609,242.0,50.0,171.0,970.0,21.0,278.0,101.0,297.0,19.369120439496573,127,5,57,51,251.0,-84.0,71.0,-22.0,131.0,-8.0,-120.0,6361.0,77.0,68.0,8.954182332397046,62.486458327659655,
1625,171.49716,89.26241008106805,25.109826176394154,97.71301976641902,29.0,0.8537,298.0,41.0,141.0,971.0,32.0,187.0,125.0,340.0,27.669727405131738,126,8,58,63,202.0,-3.0,59.0,86.0,172.0,62.0,-30.0,5294.0,131.0,31.0,7.6548292732689855,62.4843749943265,
1626,74.11478,84.4110868658397,15.071443540739027,126.30129353578509,29.0,0.8831,298.0,41.0,140.0,969.0,32.0,187.0,125.0,339.0,17.919047628884087,126,13,58,57,203.0,-4.0,59.0,86.0,172.0,62.0,-31.0,5294.0,131.0,31.0,7.659338745594719,62.4843749943265,
1627,104.156944,80.4201251843666,15.025424742034849,127.7217915168681,28.0,0.86515,291.0,40.0,137.0,944.0,32.0,184.0,122.0,329.0,17.428379749868665,132,5,57,60,208.0,-6.0,60.0,85.0,174.0,61.0,-34.0,5406.0,131.0,30.0,7.7495281921092465,62.4843749943265,
1628,58.752285,90.89520948958062,6.623137409302751,162.9847569411832,28.0,0.86725,290.0,39.0,135.0,940.0,32.0,184.0,122.0,328.0,7.403571195162629,150,6,55,62,208.0,-7.0,60.0,85.0,173.0,60.0,-35.0,5406.0,131.0,29.0,7.7540376644349065,62.4843749943265,
1629,416.47815,142.7793724291101,102.04053863487349,99.73292061581348,28.0,0.7731,268.0,38.0,131.0,877.0,29.0,188.0,112.0,295.0,50.87263675543309,127,1,58,57,225.0,-28.0,65.0,72.0,167.0,44.0,-58.0,5798.0,120.0,9.0,8.123814395144414,62.4843749943265,
1630,246.93594,115.11173520357208,54.47196648071583,84.56275471402815,28.0,0.8215,273.0,38.0,133.0,898.0,30.0,189.0,114.0,304.0,37.102390590453,126,4,62,60,227.0,-18.0,65.0,83.0,178.0,54.0,-49.0,5840.0,131.0,20.0,8.128323867470147,62.4843749943265,
1631,978.77936,120.87772664888266,36.8038150604402,102.02601471642134,28.0,0.7411,229.0,47.0,159.0,914.0,22.0,256.0,96.0,279.0,30.79548172705436,124,4,59,56,256.0,-70.0,72.0,-2.0,151.0,9.0,-105.0,6537.0,96.0,87.0,8.935519413774948,62.4843749943265,
1632,877.4957,114.48006629238435,24.002636917903356,117.50924795060176,28.0,0.8035,229.0,47.0,159.0,914.0,22.0,256.0,96.0,279.0,22.628310865810047,136,7,61,54,256.0,-70.0,72.0,-2.0,151.0,9.0,-105.0,6537.0,96.0,87.0,8.94002888610068,62.4843749943265,
1633,795.91095,132.36723594680484,17.513222523855177,141.9025878222852,28.0,0.78895,231.0,47.0,160.0,922.0,22.0,260.0,96.0,282.0,19.96453896144832,120,6,61,57,255.0,-73.0,72.0,-6.0,147.0,6.0,-108.0,6481.0,92.0,83.0,8.944538358426415,62.4843749943265,
1634,821.329,270.0636552366907,17.971322802651944,244.8330477345427,28.0,0.79685,231.0,47.0,160.0,922.0,22.0,260.0,96.0,282.0,21.850395626849128,132,7,58,53,255.0,-73.0,72.0,-6.0,147.0,6.0,-108.0,6481.0,92.0,83.0,8.94904783075215,62.4843749943265,
1635,912.6777,284.69251007488344,23.806697291736945,244.6874432935716,28.0,0.77385,242.0,50.0,171.0,970.0,21.0,278.0,101.0,297.0,23.44763455125793,128,4,58,54,251.0,-84.0,71.0,-22.0,131.0,-8.0,-120.0,6361.0,77.0,68.0,8.953557303077883,62.4843749943265,
1636,191.66154,83.79635021397502,28.192779028395524,92.73619336770085,28.0,0.8253,298.0,41.0,140.0,969.0,32.0,187.0,125.0,339.0,30.17767505637488,140,10,59,61,204.0,-5.0,59.0,84.0,172.0,61.0,-32.0,5308.0,130.0,30.0,7.654294990182812,62.482291660993354,
1637,88.04317,74.38564119406477,17.070813876044127,126.52637814789743,28.0,0.8714,301.0,41.0,140.0,972.0,32.0,188.0,126.0,339.0,18.826794929068868,142,10,59,59,204.0,-9.0,59.0,79.0,168.0,56.0,-36.0,5315.0,126.0,26.0,7.658804147761514,62.482291660993354,
1638,39.801197,127.8352156487186,4.55754432883522,167.22241490608647,28.0,0.8871,301.0,41.0,140.0,972.0,32.0,188.0,126.0,339.0,5.353843762890975,116,9,54,62,204.0,-9.0,59.0,79.0,168.0,56.0,-36.0,5315.0,126.0,26.0,7.663313305340216,62.482291660993354,
1639,58.861046,268.53001467239574,12.357176770259382,224.41673214942142,28.0,0.8845,317.0,46.0,153.0,1023.0,30.0,205.0,131.0,348.0,14.656702433396896,105,6,55,65,205.0,-26.0,59.0,61.0,151.0,38.0,-54.0,5296.0,108.0,8.0,7.667822462918918,62.482291660993354,
1640,149.31787,288.94041805456476,28.081942106319968,250.66466133739172,28.0,0.8669,317.0,46.0,153.0,1023.0,30.0,205.0,131.0,348.0,27.160166989265075,113,8,54,64,205.0,-26.0,59.0,61.0,151.0,38.0,-54.0,5296.0,108.0,8.0,7.67233162049762,62.482291660993354,
1641,123.91042,75.20668967165179,24.037536303221188,126.82562985144439,28.0,0.7121,293.0,40.0,136.0,943.0,32.0,184.0,123.0,328.0,18.730339693600182,128,1,50,59,208.0,-11.0,60.0,80.0,170.0,56.0,-38.0,5394.0,127.0,25.0,7.748987299335409,62.482291660993354,
1642,68.96781,88.74003818876477,8.354627036950248,151.41420481110137,28.0,0.7972,289.0,39.0,134.0,935.0,32.0,182.0,121.0,326.0,9.28023205652318,129,14,55,61,209.0,-7.0,60.0,84.0,174.0,60.0,-35.0,5409.0,131.0,29.0,7.753496456914039,62.482291660993354,
1643,50.94604,220.5392815029796,1.746567787366227,180.28239289053215,28.0,0.7972,289.0,39.0,134.0,935.0,32.0,182.0,121.0,326.0,2.020942950049987,151,1,54,58,209.0,-7.0,60.0,84.0,174.0,60.0,-35.0,5409.0,131.0,29.0,7.758005614492742,62.482291660993354,
1644,272.1089,165.88635751524782,61.8613687908708,174.58360787550137,28.0,0.82695,266.0,38.0,130.0,870.0,29.0,186.0,111.0,292.0,31.229762889005475,126,6,56,58,227.0,-27.0,65.0,72.0,169.0,45.0,-58.0,5842.0,121.0,10.0,8.118738220788254,62.482291660993354,
1645,243.5945,155.46009196639218,58.61832633572446,144.6368542785199,28.0,0.8411,266.0,38.0,130.0,870.0,29.0,186.0,111.0,292.0,33.096853321757074,121,10,49,59,227.0,-27.0,65.0,72.0,169.0,45.0,-58.0,5842.0,121.0,10.0,8.123247378366955,62.482291660993354,
1646,180.48593,133.67413974902666,34.819265251126865,127.38059193032429,28.0,0.8075,261.0,39.0,132.0,869.0,28.0,192.0,108.0,288.0,27.08772315448353,123,5,52,61,227.0,-35.0,65.0,65.0,162.0,37.0,-65.0,5825.0,114.0,3.0,8.127756535945657,62.482291660993354,
1647,1030.8306,122.74671556727957,37.10551664317154,107.91809364515484,28.0,0.7491,229.0,46.0,157.0,912.0,22.0,256.0,96.0,279.0,28.801192663010337,118,6,57,55,256.0,-71.0,72.0,-4.0,150.0,8.0,-106.0,6531.0,95.0,86.0,8.930386584953096,62.482291660993354,
1648,928.63477,121.34400276284504,30.919322976541512,118.78023204597658,28.0,0.7967,229.0,47.0,159.0,917.0,22.0,259.0,96.0,281.0,23.851666974056496,129,4,59,53,255.0,-74.0,72.0,-6.0,147.0,6.0,-108.0,6514.0,92.0,83.0,8.934895742531799,62.482291660993354,
1649,851.80334,120.4355627803489,22.557708100632485,126.10417914601567,28.0,0.796,229.0,47.0,159.0,917.0,22.0,259.0,96.0,281.0,20.702511219006606,130,6,61,55,255.0,-74.0,72.0,-6.0,147.0,6.0,-108.0,6514.0,92.0,83.0,8.939404900110501,62.482291660993354,
1650,796.2312,165.4321176631292,16.6413952076835,166.24767546155113,28.0,0.7888,239.0,49.0,168.0,956.0,21.0,273.0,99.0,293.0,18.77036932990517,135,4,60,55,251.0,-83.0,71.0,-19.0,133.0,-6.0,-118.0,6357.0,79.0,70.0,8.943914057689202,62.482291660993354,
1651,827.3731,297.60124729474296,20.600414241262985,227.6704226958177,28.0,0.80235,239.0,49.0,168.0,956.0,21.0,273.0,99.0,293.0,19.208276452480252,135,6,58,56,251.0,-83.0,71.0,-19.0,133.0,-6.0,-118.0,6357.0,79.0,70.0,8.948423215267907,62.482291660993354,
1652,924.728,285.6223676756951,29.34747959188401,251.7406817444578,28.0,0.7777,250.0,52.0,179.0,1002.0,21.0,288.0,104.0,306.0,29.82741508787374,128,7,56,55,248.0,-90.0,70.0,-30.0,122.0,-15.0,-126.0,6253.0,69.0,59.0,8.952932372846607,62.482291660993354,
1653,1082.0332,286.97749973522383,43.356544944829224,255.0,28.0,0.6405,250.0,52.0,179.0,1002.0,21.0,288.0,104.0,306.0,40.84020500955655,136,6,59,56,248.0,-90.0,70.0,-30.0,122.0,-15.0,-126.0,6253.0,69.0,59.0,8.957441530425308,62.482291660993354,
1654,243.20753,72.24661841783254,41.861877935855226,77.4554839141838,28.0,0.8075,298.0,41.0,140.0,969.0,32.0,187.0,125.0,339.0,37.90946805448854,122,12,54,57,204.0,-5.0,59.0,84.0,172.0,61.0,-32.0,5308.0,130.0,30.0,7.653760791792522,62.48020832766021,
1655,104.31167,88.1320357360763,21.876316346383287,106.63309905136626,28.0,0.8776,298.0,41.0,140.0,969.0,32.0,187.0,125.0,339.0,24.623986348023625,135,10,57,59,204.0,-5.0,59.0,84.0,172.0,61.0,-32.0,5308.0,130.0,30.0,7.658269634674088,62.48020832766021,
1656,42.96979,139.5566837193846,6.773137659309349,168.81322808949363,28.0,0.8872,301.0,41.0,140.0,972.0,32.0,188.0,126.0,339.0,5.010769685711269,108,10,49,62,204.0,-9.0,59.0,79.0,168.0,56.0,-36.0,5315.0,126.0,26.0,7.662778477555652,62.48020832766021,
1657,56.25705,284.8386506700397,12.194934590756864,218.19240657143408,28.0,0.8914,317.0,46.0,153.0,1023.0,30.0,205.0,131.0,348.0,12.938984540558728,125,20,48,65,205.0,-26.0,59.0,61.0,151.0,38.0,-54.0,5296.0,108.0,8.0,7.667287320437218,62.48020832766021,
1658,163.15392,279.4002367703601,31.085925588783105,254.94436247457725,28.0,0.8711,317.0,46.0,153.0,1023.0,30.0,205.0,131.0,348.0,33.14738716144711,100,8,51,63,205.0,-26.0,59.0,61.0,151.0,38.0,-54.0,5296.0,108.0,8.0,7.671796163318782,62.48020832766021,
1659,323.41638,286.61399293707296,42.6113114898316,254.98241792726915,28.0,0.83435,336.0,53.0,176.0,1114.0,27.0,238.0,137.0,367.0,37.896007872939684,111,7,50,59,205.0,-44.0,59.0,41.0,133.0,19.0,-72.0,5275.0,89.0,-9.0,7.676305006200274,62.48020832766021,
1660,699.289,303.06056949496104,40.25227825289179,242.78892951646236,28.0,0.7504,352.0,58.0,192.0,1182.0,25.0,259.0,142.0,383.0,29.098817984817874,109,7,50,60,205.0,-53.0,59.0,30.0,123.0,9.0,-82.0,5230.0,79.0,-19.0,7.685322691963406,62.48020832766021,
1661,52.809032,183.09929298990215,3.542128251208618,181.3085020861943,28.0,0.8042,289.0,39.0,134.0,934.0,32.0,182.0,121.0,325.0,2.3864571521127225,143,5,54,60,209.0,-8.0,60.0,84.0,173.0,59.0,-36.0,5413.0,130.0,28.0,7.7619730209498625,62.48020832766021,
1662,475.15012,76.86666628077695,41.4312305095189,81.86867905029119,28.0,0.8154,268.0,37.0,129.0,873.0,30.0,186.0,112.0,295.0,34.592813067685334,135,7,58,57,227.0,-27.0,65.0,74.0,170.0,46.0,-57.0,5844.0,122.0,11.0,8.109153922829709,62.48020832766021,
1663,338.14807,76.04349237015879,28.616916303653475,101.0478874375924,28.0,0.8693,268.0,37.0,129.0,873.0,30.0,186.0,112.0,295.0,27.999176901150435,133,4,56,58,227.0,-27.0,65.0,74.0,170.0,46.0,-57.0,5844.0,122.0,11.0,8.113662765711274,62.48020832766021,
1664,250.05713,63.275330815537366,22.208266135958098,133.63952029151423,28.0,0.87355,266.0,38.0,130.0,870.0,29.0,186.0,111.0,292.0,19.124348251557592,120,4,47,61,227.0,-27.0,65.0,72.0,169.0,45.0,-58.0,5842.0,121.0,10.0,8.11817160859284,62.48020832766021,
1665,992.7455,114.61440081958078,29.469714270495995,109.05453934555892,28.0,0.7824,229.0,46.0,157.0,912.0,22.0,256.0,96.0,279.0,26.000066506530846,123,4,57,54,256.0,-71.0,72.0,-4.0,150.0,8.0,-106.0,6531.0,95.0,86.0,8.929763327273003,62.48020832766021,
1666,890.89734,118.73698873600952,25.82460379674754,120.34442137642672,28.0,0.8192,229.0,47.0,159.0,917.0,22.0,259.0,96.0,281.0,22.38670712388502,136,6,58,53,255.0,-74.0,72.0,-6.0,147.0,6.0,-108.0,6514.0,92.0,83.0,8.934272170154566,62.48020832766021,
1667,823.6957,149.66975547890956,16.832366546610714,152.27401048022313,28.0,0.7787,229.0,47.0,159.0,917.0,22.0,259.0,96.0,281.0,18.633815916386567,124,3,60,55,255.0,-74.0,72.0,-6.0,147.0,6.0,-108.0,6514.0,92.0,83.0,8.938781013036133,62.48020832766021,
1668,833.65894,255.09043152734804,19.162690765800807,196.4520110524491,28.0,0.776,239.0,49.0,168.0,956.0,21.0,273.0,99.0,293.0,12.722758288652393,136,5,58,52,251.0,-83.0,71.0,-19.0,133.0,-6.0,-118.0,6357.0,79.0,70.0,8.943289855917696,62.48020832766021,
1669,865.5231,314.6975325179695,27.7802781750501,215.88446669769522,28.0,0.8136,239.0,49.0,168.0,956.0,21.0,273.0,99.0,293.0,18.476020035889587,132,5,58,53,251.0,-83.0,71.0,-19.0,133.0,-6.0,-118.0,6357.0,79.0,70.0,8.947798698799264,62.48020832766021,
1670,948.1476,297.5754516630862,44.705522661394824,247.63114281947887,28.0,0.78875,250.0,52.0,179.0,1002.0,21.0,288.0,104.0,306.0,33.33028163834626,129,6,55,54,248.0,-90.0,70.0,-30.0,122.0,-15.0,-126.0,6253.0,69.0,59.0,8.952307541680828,62.48020832766021,
1671,1108.7377,291.4395947928777,49.79473726681046,255.0,28.0,0.6193,250.0,52.0,179.0,1002.0,21.0,288.0,104.0,306.0,40.53754432416965,128,8,56,56,248.0,-90.0,70.0,-30.0,122.0,-15.0,-126.0,6253.0,69.0,59.0,8.95681638456239,62.48020832766021,
1672,145.58801,69.84811590417927,29.875567406430438,98.23824192495977,28.0,0.8558,298.0,41.0,140.0,969.0,32.0,187.0,125.0,339.0,29.515841174853875,137,7,54,59,204.0,-5.0,59.0,84.0,172.0,61.0,-32.0,5308.0,130.0,30.0,7.65773520631328,62.47812499432707,
1673,66.6042,73.1731496178516,16.279443010859406,148.4377184838742,28.0,0.8892,301.0,41.0,140.0,972.0,32.0,188.0,126.0,339.0,13.797247305049408,138,7,58,60,204.0,-9.0,59.0,79.0,168.0,56.0,-36.0,5315.0,126.0,26.0,7.66224373454759,62.47812499432707,
1674,59.253323,255.57568997242873,11.893644803814784,215.6748662274326,28.0,0.8871,317.0,46.0,153.0,1023.0,30.0,205.0,131.0,348.0,12.86825758181681,103,4,56,63,205.0,-26.0,59.0,61.0,151.0,38.0,-54.0,5296.0,108.0,8.0,7.666752262781902,62.47812499432707,
1675,170.70369,276.2120728556917,31.031312736956696,254.99399319517633,28.0,0.8693,317.0,46.0,153.0,1023.0,30.0,205.0,131.0,348.0,33.45436596774338,98,3,51,62,205.0,-26.0,59.0,61.0,151.0,38.0,-54.0,5296.0,108.0,8.0,7.671260791016214,62.47812499432707,
1676,336.0544,276.87511468756645,40.198080636158444,255.0,28.0,0.8385,336.0,53.0,176.0,1114.0,27.0,238.0,137.0,367.0,39.722714311203404,104,4,51,62,205.0,-44.0,59.0,41.0,133.0,19.0,-72.0,5275.0,89.0,-9.0,7.675769319250452,62.47812499432707,
1677,62.051674,85.23979954088773,13.793451966376136,152.43944922301333,28.0,0.8251,289.0,39.0,134.0,934.0,32.0,182.0,121.0,325.0,10.293179035451816,120,7,52,62,209.0,-8.0,60.0,84.0,173.0,59.0,-36.0,5413.0,130.0,28.0,7.761431355702214,62.47812499432707,
1678,792.331,84.78356228011988,44.377230693900465,65.01241659376792,28.0,0.76125,263.0,39.0,133.0,872.0,28.0,192.0,109.0,289.0,41.22567920255686,120,4,57,54,226.0,-35.0,65.0,64.0,161.0,37.0,-65.0,5828.0,114.0,3.0,8.104079501509199,62.47812499432707,
1679,552.1077,72.34440594771179,51.90517994899233,66.19672330484893,28.0,0.7857,268.0,37.0,129.0,873.0,30.0,186.0,112.0,295.0,42.96930848705341,123,6,61,58,227.0,-27.0,65.0,74.0,170.0,46.0,-57.0,5844.0,122.0,11.0,8.10858802974351,62.47812499432707,
1680,397.90378,62.494972581215734,35.00800399310208,106.30381721484376,28.0,0.8091,268.0,37.0,129.0,873.0,30.0,186.0,112.0,295.0,28.85589394024683,116,0,60,59,227.0,-27.0,65.0,74.0,170.0,46.0,-57.0,5844.0,122.0,11.0,8.113096557977821,62.47812499432707,
1681,313.6315,48.983985504629544,32.083832035596636,129.0437581098158,28.0,0.8257,266.0,38.0,130.0,870.0,29.0,186.0,111.0,292.0,22.44252791111129,110,0,59,58,227.0,-27.0,65.0,72.0,169.0,45.0,-58.0,5842.0,121.0,10.0,8.117605086212134,62.47812499432707,
1682,957.587,112.44109963262855,27.449950491931464,107.54129517985443,28.0,0.7892,229.0,46.0,157.0,912.0,22.0,256.0,96.0,279.0,26.09265989442244,128,5,58,54,256.0,-71.0,72.0,-4.0,150.0,8.0,-106.0,6531.0,95.0,86.0,8.92914016838659,62.47812499432707,
1683,862.662,113.34644199375205,21.320539040276632,124.66575571854008,28.0,0.81055,229.0,47.0,159.0,917.0,22.0,259.0,96.0,281.0,19.88578728070564,124,3,59,55,255.0,-74.0,72.0,-6.0,147.0,6.0,-108.0,6514.0,92.0,83.0,8.9336486966209,62.47812499432707,
1684,820.345,217.1411669360006,12.895535712220061,189.44318675150294,28.0,0.7873,229.0,47.0,159.0,917.0,22.0,259.0,96.0,281.0,16.143729347138695,124,5,60,56,255.0,-74.0,72.0,-6.0,147.0,6.0,-108.0,6514.0,92.0,83.0,8.938157224855212,62.47812499432707,
1685,864.356,303.2538123566533,19.887421219307697,221.5370542648881,28.0,0.7906,239.0,49.0,168.0,956.0,21.0,273.0,99.0,293.0,16.101366838911648,139,4,57,55,251.0,-83.0,71.0,-19.0,133.0,-6.0,-118.0,6357.0,79.0,70.0,8.942665753089521,62.47812499432707,
1686,931.07666,316.7323477173791,41.04549731418022,234.33753148724375,28.0,0.8136,239.0,49.0,168.0,956.0,21.0,273.0,99.0,293.0,28.456988547846677,133,6,58,54,251.0,-83.0,71.0,-19.0,133.0,-6.0,-118.0,6357.0,79.0,70.0,8.947174281323834,62.47812499432707,
1687,1040.8473,313.0601097273213,55.32866482004965,246.57172997223518,28.0,0.7638,250.0,52.0,179.0,1002.0,21.0,288.0,104.0,306.0,37.74454916264375,133,6,56,53,248.0,-90.0,70.0,-30.0,122.0,-15.0,-126.0,6253.0,69.0,59.0,8.951682809558145,62.47812499432707,
1688,103.46947,68.03761686816578,21.828306671767503,125.18689974617908,28.0,0.8595,301.0,41.0,140.0,972.0,32.0,188.0,126.0,339.0,19.824957528653076,136,7,55,60,204.0,-9.0,59.0,79.0,168.0,56.0,-36.0,5315.0,126.0,26.0,7.6617090762968685,62.47604166099392,
1689,67.32625,225.0105119986805,16.51316553055471,194.9102825159244,28.0,0.8697,301.0,41.0,140.0,972.0,32.0,188.0,126.0,339.0,12.955349705863116,95,22,52,62,204.0,-9.0,59.0,79.0,168.0,56.0,-36.0,5315.0,126.0,26.0,7.6662172899337975,62.47604166099392,
1690,158.72617,271.47218269908115,28.34485573006085,254.6416264604333,28.0,0.8755,317.0,46.0,153.0,1023.0,30.0,205.0,131.0,348.0,31.477813884045435,88,9,52,59,205.0,-26.0,59.0,61.0,151.0,38.0,-54.0,5296.0,108.0,8.0,7.670725503570727,62.47604166099392,
1691,317.45877,268.03602406076243,37.322342146030316,255.0,28.0,0.8532,336.0,53.0,176.0,1114.0,27.0,238.0,137.0,367.0,38.087539065851814,110,4,53,61,205.0,-44.0,59.0,41.0,133.0,19.0,-72.0,5275.0,89.0,-9.0,7.675233717207583,62.47604166099392,
1692,128.84749,45.018183171663786,85.72256110622338,110.36565190524541,28.0,0.8219,289.0,39.0,134.0,934.0,32.0,182.0,121.0,325.0,36.083680982477176,124,8,50,60,209.0,-8.0,60.0,84.0,173.0,59.0,-36.0,5413.0,130.0,28.0,7.760889776309089,62.47604166099392,
1693,62.237366,97.17026291628201,14.526751761169683,168.15576655898457,28.0,0.8579,289.0,39.0,134.0,934.0,32.0,182.0,121.0,325.0,8.638458607087303,99,8,51,58,209.0,-8.0,60.0,84.0,173.0,59.0,-36.0,5413.0,130.0,28.0,7.765397989946019,62.47604166099392,
1694,421.06436,45.451708861323276,73.1023379531054,129.43845141423932,28.0,0.8241,266.0,38.0,130.0,870.0,29.0,186.0,111.0,292.0,37.781067658348185,111,0,57,58,227.0,-27.0,65.0,72.0,169.0,45.0,-58.0,5842.0,121.0,10.0,8.11703865362583,62.47604166099392,
1695,323.30344,88.49091133398537,59.32788947787869,133.76334773254388,28.0,0.7142,266.0,38.0,130.0,870.0,29.0,186.0,111.0,292.0,32.31590425332408,109,0,55,61,227.0,-27.0,65.0,72.0,169.0,45.0,-58.0,5842.0,121.0,10.0,8.121546867262758,62.47604166099392,
1696,848.5024,104.69814949801918,16.53446950910379,132.23015963641086,28.0,0.78735,229.0,46.0,157.0,912.0,22.0,256.0,96.0,279.0,16.39866031035834,127,5,58,55,256.0,-71.0,72.0,-4.0,150.0,8.0,-106.0,6531.0,95.0,86.0,8.933025321908456,62.47604166099392,
1697,828.9188,223.64086850482633,13.902673051482292,201.83214458444345,28.0,0.7701,229.0,47.0,159.0,917.0,22.0,259.0,96.0,281.0,15.489596813560908,134,4,56,55,255.0,-74.0,72.0,-6.0,147.0,6.0,-108.0,6514.0,92.0,83.0,8.937533535545384,62.47604166099392,
1698,883.4328,293.2871185146818,20.618196412961225,231.08083655797307,28.0,0.7842,239.0,49.0,168.0,956.0,21.0,273.0,99.0,293.0,19.53984637000092,136,7,56,54,251.0,-83.0,71.0,-19.0,133.0,-6.0,-118.0,6357.0,79.0,70.0,8.942041749182312,62.47604166099392,
1699,994.99554,296.03321036641233,38.052805161608674,251.78306041615141,28.0,0.7841,239.0,49.0,168.0,956.0,21.0,273.0,99.0,293.0,31.728290440327275,140,6,58,53,251.0,-83.0,71.0,-19.0,133.0,-6.0,-118.0,6357.0,79.0,70.0,8.946549962819244,62.47604166099392,
1700,260.14386,73.3771687925291,31.508115642135923,94.48378541778123,28.0,0.80315,305.0,42.0,143.0,981.0,31.0,191.0,127.0,340.0,29.85735496296878,142,9,50,60,205.0,-14.0,59.0,74.0,163.0,51.0,-42.0,5306.0,121.0,21.0,7.656666603694923,62.47395832766077,
1701,160.95691,53.24772910211222,27.510263602142818,128.18978711875033,28.0,0.86765,303.0,42.0,141.0,975.0,31.0,189.0,127.0,339.0,21.42126178144511,87,5,51,59,205.0,-13.0,59.0,75.0,164.0,52.0,-41.0,5309.0,122.0,21.0,7.661174502784331,62.47395832766077,
1702,118.80285,109.08369592676773,26.208319819127595,169.9487063393425,28.0,0.8731,303.0,42.0,141.0,975.0,31.0,189.0,127.0,339.0,16.80944102814902,122,10,51,60,205.0,-13.0,59.0,75.0,164.0,52.0,-41.0,5309.0,122.0,21.0,7.665682401873739,62.47395832766077,
1703,150.43387,231.79094731680905,22.26555946915792,235.0284169441878,28.0,0.8716,312.0,44.0,149.0,1006.0,30.0,201.0,129.0,344.0,24.26316004309329,109,11,51,60,204.0,-24.0,59.0,63.0,153.0,40.0,-51.0,5301.0,110.0,10.0,7.670190300963148,62.47395832766077,
1704,283.5575,264.89644096980686,32.52931364425312,255.0,28.0,0.8509,312.0,44.0,149.0,1006.0,30.0,201.0,129.0,344.0,34.08286124965519,128,4,55,62,204.0,-24.0,59.0,63.0,153.0,40.0,-51.0,5301.0,110.0,10.0,7.6746982000524815,62.47395832766077,
1705,481.14868,262.2432608479916,50.93922773933,255.0,28.0,0.7674,344.0,56.0,184.0,1147.0,26.0,247.0,140.0,375.0,44.818166888244775,128,3,57,60,205.0,-48.0,59.0,35.0,128.0,14.0,-77.0,5255.0,84.0,-14.0,7.67920609914189,62.47395832766077,
1706,122.01315,42.98047656570064,49.08337149095203,131.02840151469783,29.0,0.7579,289.0,39.0,134.0,930.0,32.0,182.0,121.0,323.0,26.758751216355655,133,3,58,60,209.0,-12.0,61.0,80.0,170.0,55.0,-39.0,5437.0,127.0,24.0,7.76485618184049,62.47395832766077,
1707,83.794586,51.99669008955215,16.330416460319686,167.1309493304771,29.0,0.8255,288.0,39.0,133.0,927.0,32.0,181.0,121.0,323.0,10.07003402481591,97,8,50,59,209.0,-11.0,61.0,81.0,171.0,56.0,-38.0,5446.0,128.0,25.0,7.769364080929899,62.47395832766077,
1708,646.8761,36.38285985720725,110.07905276060909,117.27694643821287,29.0,0.83055,280.0,50.0,166.0,991.0,24.0,240.0,113.0,311.0,48.090353932161904,117,0,53,54,224.0,-61.0,65.0,33.0,132.0,8.0,-92.0,5720.0,84.0,-24.0,8.116472310813638,62.47395832766077,
1709,916.31024,111.36863327693865,28.442184359794307,106.41051873303897,28.0,0.72,230.0,47.0,160.0,922.0,22.0,262.0,96.0,283.0,26.323297312731555,130,5,59,56,254.0,-76.0,72.0,-9.0,143.0,3.0,-111.0,6468.0,89.0,80.0,8.927894146905494,62.47395832766077,
1710,837.6536,130.7859663317342,14.601367319984536,144.9441020467188,28.0,0.77005,230.0,47.0,160.0,922.0,22.0,262.0,96.0,283.0,14.866920258046346,124,4,58,57,254.0,-76.0,72.0,-9.0,143.0,3.0,-111.0,6468.0,89.0,80.0,8.932402045994902,62.47395832766077,
1711,850.6739,297.56092336668394,20.364468417726123,225.94672773576144,28.0,0.7583,242.0,50.0,171.0,970.0,21.0,278.0,101.0,297.0,17.70192227244919,136,6,58,54,251.0,-85.0,71.0,-23.0,130.0,-9.0,-121.0,6356.0,76.0,67.0,8.936909945084308,62.47395832766077,
1712,915.98737,308.5679244310006,28.941597114181583,232.72738586610396,28.0,0.7731,242.0,50.0,171.0,970.0,21.0,278.0,101.0,297.0,22.31974524692492,129,5,58,55,251.0,-85.0,71.0,-23.0,130.0,-9.0,-121.0,6356.0,76.0,67.0,8.941417844173717,62.47395832766077,
1713,1025.2382,295.4227531617626,39.25512076349042,247.2917266243905,28.0,0.7447,249.0,52.0,179.0,1001.0,21.0,288.0,104.0,306.0,35.095235828416754,134,8,57,54,248.0,-90.0,70.0,-30.0,122.0,-15.0,-126.0,6253.0,69.0,59.0,8.945925743263125,62.47395832766077,
1714,171.3842,53.73495059526631,20.994017522632063,159.6362521616533,28.0,0.8731,303.0,42.0,141.0,975.0,31.0,189.0,127.0,339.0,12.539534054972481,133,9,50,62,205.0,-13.0,59.0,75.0,164.0,52.0,-41.0,5309.0,122.0,21.0,7.665147598582571,62.47187499432763,
1715,161.76682,204.100324239863,18.70178907340513,196.46927051478824,28.0,0.8613,312.0,44.0,149.0,1006.0,30.0,201.0,129.0,344.0,14.48873336646325,111,12,49,59,204.0,-24.0,59.0,63.0,153.0,40.0,-51.0,5301.0,110.0,10.0,7.6696551831743065,62.47187499432763,
1716,251.8471,263.1361943835369,28.388819078768346,254.0487792212489,28.0,0.8671,312.0,44.0,149.0,1006.0,30.0,201.0,129.0,344.0,31.163783810286187,121,6,55,61,204.0,-24.0,59.0,63.0,153.0,40.0,-51.0,5301.0,110.0,10.0,7.67416276776597,62.47187499432763,
1717,418.48322,259.0832715413939,45.61920669746933,255.0,28.0,0.7612,344.0,56.0,184.0,1147.0,26.0,247.0,140.0,375.0,41.37052071160014,156,5,55,58,205.0,-48.0,59.0,35.0,128.0,14.0,-77.0,5255.0,84.0,-14.0,7.678670352357705,62.47187499432763,
1718,103.16939,145.82306304671806,13.873148485290427,178.02711935901203,29.0,0.8863,288.0,39.0,133.0,927.0,32.0,181.0,121.0,323.0,7.348899108082363,105,10,56,64,209.0,-11.0,61.0,81.0,171.0,56.0,-38.0,5446.0,128.0,25.0,7.77332962878401,62.47187499432763,
1719,579.1077,168.24906136765006,68.00119629346824,160.92732273046374,29.0,0.8098,295.0,44.0,148.0,969.0,28.0,206.0,122.0,324.0,36.1335547267071,121,7,59,55,212.0,-36.0,62.0,55.0,148.0,31.0,-64.0,5478.0,103.0,0.0,7.8229130592930325,62.47187499432763,
1720,886.02106,111.94316426743697,25.20143918192853,113.82340057459297,28.0,0.7646,230.0,47.0,160.0,922.0,22.0,262.0,96.0,283.0,23.594608517060774,122,7,58,54,254.0,-76.0,72.0,-9.0,143.0,3.0,-111.0,6468.0,89.0,80.0,8.927271284266181,62.47187499432763,
1721,828.4232,179.77380468641772,10.69014312238839,175.1752029853628,28.0,0.77435,230.0,47.0,160.0,922.0,22.0,262.0,96.0,283.0,10.124160295962643,121,6,57,56,254.0,-76.0,72.0,-9.0,143.0,3.0,-111.0,6468.0,89.0,80.0,8.931778868857915,62.47187499432763,
1722,873.74176,288.75962137282175,23.13969810713254,238.02245351386702,28.0,0.7679,242.0,50.0,171.0,970.0,21.0,278.0,101.0,297.0,21.888090408946184,135,6,58,53,251.0,-85.0,71.0,-23.0,130.0,-9.0,-121.0,6356.0,76.0,67.0,8.936286453449652,62.47187499432763,
1723,964.5534,306.3078088181984,33.3781151244194,237.38309476314566,28.0,0.7742,242.0,50.0,171.0,970.0,21.0,278.0,101.0,297.0,25.626839551250246,141,9,57,52,251.0,-85.0,71.0,-23.0,130.0,-9.0,-121.0,6356.0,76.0,67.0,8.940794038041387,62.47187499432763,
1724,1091.7695,302.39962418807215,46.72038239620302,247.54162279197269,28.0,0.7186,249.0,52.0,179.0,1001.0,21.0,288.0,104.0,306.0,34.6326350738497,140,9,58,52,248.0,-90.0,70.0,-30.0,122.0,-15.0,-126.0,6253.0,69.0,59.0,8.945301622633124,62.47187499432763,
1725,708.9988,294.33365458605897,34.47026963124026,252.33220558964936,29.0,0.8087,367.0,59.0,195.0,1218.0,26.0,259.0,149.0,400.0,31.72992857645392,109,9,50,56,200.0,-48.0,58.0,32.0,124.0,12.0,-76.0,5141.0,82.0,-15.0,7.578974747307144,62.46979166099448,
1726,278.281,36.78425517460417,35.50939566179035,137.23936394022522,28.0,0.8661,303.0,42.0,141.0,975.0,31.0,189.0,127.0,339.0,24.00320261523091,113,6,50,62,205.0,-13.0,59.0,75.0,164.0,52.0,-41.0,5309.0,122.0,21.0,7.660105609897233,62.46979166099448,
1727,230.64548,69.73876203050175,28.531117393711597,153.55819627473275,28.0,0.8751,303.0,42.0,141.0,975.0,31.0,189.0,127.0,339.0,20.14770282678999,152,6,55,63,205.0,-13.0,59.0,75.0,164.0,52.0,-41.0,5309.0,122.0,21.0,7.664612880041136,62.46979166099448,
1728,201.68698,73.35523175707249,19.07711855122209,162.1445049422495,28.0,0.8613,312.0,44.0,149.0,1006.0,30.0,201.0,129.0,344.0,12.639994289445706,129,12,51,63,204.0,-24.0,59.0,63.0,153.0,40.0,-51.0,5301.0,110.0,10.0,7.669120150185036,62.46979166099448,
1729,227.95856,270.6987211446253,20.047174338116495,241.89196288036027,28.0,0.8595,312.0,44.0,149.0,1006.0,30.0,201.0,129.0,344.0,22.31271991622256,109,10,53,61,204.0,-24.0,59.0,63.0,153.0,40.0,-51.0,5301.0,110.0,10.0,7.673627420328866,62.46979166099448,
1730,363.51535,261.4425231739106,35.02366494486395,255.0,28.0,0.8355,344.0,56.0,184.0,1147.0,26.0,247.0,140.0,375.0,35.02423142640576,147,6,53,62,205.0,-48.0,59.0,35.0,128.0,14.0,-77.0,5255.0,84.0,-14.0,7.678134690472767,62.46979166099448,
1731,163.03745,97.76614406297713,36.37439934820036,144.59413927794486,29.0,0.7094,288.0,39.0,133.0,927.0,32.0,181.0,121.0,323.0,22.030403683889023,119,5,53,61,209.0,-11.0,61.0,81.0,171.0,56.0,-38.0,5446.0,128.0,25.0,7.768280093350661,62.46979166099448,
1732,147.90302,118.67757962546821,27.129350808722606,173.23692920922056,29.0,0.8575,288.0,39.0,133.0,927.0,32.0,181.0,121.0,323.0,15.628892531737415,142,10,52,64,209.0,-11.0,61.0,81.0,171.0,56.0,-38.0,5446.0,128.0,25.0,7.7727873634945635,62.46979166099448,
1733,129.42575,44.23983901621024,20.044398910119487,166.28209304576902,29.0,0.9202,286.0,39.0,133.0,924.0,31.0,181.0,120.0,322.0,11.63202419496279,106,8,52,61,210.0,-9.0,61.0,84.0,173.0,59.0,-37.0,5471.0,130.0,27.0,7.777294633638465,62.46979166099448,
1734,871.01764,96.98955200571002,16.669160608778668,135.55897367641708,28.0,0.7706,230.0,47.0,160.0,922.0,22.0,262.0,96.0,283.0,15.378749140817705,119,6,60,54,254.0,-76.0,72.0,-9.0,143.0,3.0,-111.0,6468.0,89.0,80.0,8.926648520331275,62.46979166099448,
1735,830.90924,161.75413359256407,8.305135711286335,176.56120437410414,28.0,0.7642,230.0,47.0,160.0,922.0,22.0,262.0,96.0,283.0,10.573406083440164,123,5,58,54,254.0,-76.0,72.0,-9.0,143.0,3.0,-111.0,6468.0,89.0,80.0,8.931155790475177,62.46979166099448,
1736,893.1837,284.8661057257251,28.077278589634833,246.08702684589804,28.0,0.74785,242.0,50.0,171.0,970.0,21.0,278.0,101.0,297.0,27.717950683444624,135,4,57,53,251.0,-85.0,71.0,-23.0,130.0,-9.0,-121.0,6356.0,76.0,67.0,8.93566306061908,62.46979166099448,
1737,1013.90814,300.07120751942045,36.16792756575978,250.84126910102907,28.0,0.7466,242.0,50.0,171.0,970.0,21.0,278.0,101.0,297.0,30.11945240402581,142,9,57,52,251.0,-85.0,71.0,-23.0,130.0,-9.0,-121.0,6356.0,76.0,67.0,8.94017033076298,62.46979166099448,
1738,613.02783,312.97360809604373,30.91890034279002,227.5500096700858,29.0,0.7876,350.0,53.0,176.0,1140.0,28.0,233.0,143.0,382.0,22.172173534447968,106,10,51,56,200.0,-36.0,58.0,47.0,137.0,26.0,-63.0,5149.0,94.0,-2.0,7.573939131312525,62.467708327661335,
1739,376.85767,43.40484544221083,41.68501390825081,123.79478180578488,28.0,0.82165,303.0,42.0,141.0,975.0,31.0,189.0,127.0,339.0,28.200001547820563,115,5,51,63,205.0,-13.0,59.0,75.0,164.0,52.0,-41.0,5309.0,122.0,21.0,7.659571290484383,62.467708327661335,
1740,293.60175,50.43192496999954,26.1413594023136,134.76030438892732,28.0,0.8824,303.0,42.0,141.0,975.0,31.0,189.0,127.0,339.0,19.036261189487796,123,2,52,62,205.0,-13.0,59.0,75.0,164.0,52.0,-41.0,5309.0,122.0,21.0,7.664078246230279,62.467708327661335,
1741,245.23273,53.444494098947764,18.309108810439742,143.193875005838,28.0,0.8788,312.0,44.0,149.0,1006.0,30.0,201.0,129.0,344.0,14.908591705846892,129,5,52,63,204.0,-24.0,59.0,63.0,153.0,40.0,-51.0,5301.0,110.0,10.0,7.668585201976173,62.467708327661335,
1742,230.33717,224.14405955474908,18.168365991192594,209.2760661515541,28.0,0.8649,312.0,44.0,149.0,1006.0,30.0,201.0,129.0,344.0,16.90706318486576,118,8,51,60,204.0,-24.0,59.0,63.0,153.0,40.0,-51.0,5301.0,110.0,10.0,7.673092157721995,62.467708327661335,
1743,330.25317,269.4959186582348,28.739249477730077,254.83382544250418,28.0,0.8246,344.0,56.0,184.0,1147.0,26.0,247.0,140.0,375.0,31.657856117994157,123,5,52,62,205.0,-48.0,59.0,35.0,128.0,14.0,-77.0,5255.0,84.0,-14.0,7.677599113467889,62.467708327661335,
1744,229.56088,123.3571195786443,43.083140214076096,173.86483269844666,29.0,0.6544,288.0,39.0,133.0,927.0,32.0,181.0,121.0,323.0,22.244207332580753,114,11,55,60,209.0,-11.0,61.0,81.0,171.0,56.0,-38.0,5446.0,128.0,25.0,7.772245184131539,62.467708327661335,
1745,159.45663,44.72209818735399,19.293205974815216,151.32942715928496,29.0,0.86,286.0,39.0,133.0,924.0,31.0,181.0,120.0,322.0,13.700421582342841,122,5,55,62,210.0,-9.0,61.0,84.0,173.0,59.0,-37.0,5471.0,130.0,27.0,7.781259095623329,62.467708327661335,
1746,323.6545,200.823792010137,87.39756014741216,222.4213827651343,28.0,0.7053,309.0,50.0,164.0,1036.0,26.0,229.0,126.0,338.0,43.44681375328752,104,8,57,57,212.0,-47.0,61.0,41.0,136.0,18.0,-76.0,5433.0,91.0,-12.0,7.830835608828028,62.467708327661335,
1747,945.28894,107.3003808145024,29.384877208549828,95.54158320134616,28.0,0.7379,228.0,46.0,157.0,910.0,22.0,256.0,95.0,278.0,29.734641525526825,131,6,60,52,256.0,-71.0,72.0,-4.0,150.0,8.0,-106.0,6531.0,95.0,86.0,8.921518899332646,62.467708327661335,
1748,857.4054,117.98332913322206,14.676024204250709,140.04781430254175,28.0,0.7869,230.0,47.0,160.0,922.0,22.0,262.0,96.0,283.0,15.200815521828668,134,8,59,54,254.0,-76.0,72.0,-9.0,143.0,3.0,-111.0,6468.0,89.0,80.0,8.92602585507847,62.467708327661335,
1749,827.6604,178.6910888720221,10.086959236140565,182.9300121210827,28.0,0.7499,230.0,47.0,160.0,922.0,22.0,262.0,96.0,283.0,8.141007963489553,129,5,55,53,254.0,-76.0,72.0,-9.0,143.0,3.0,-111.0,6468.0,89.0,80.0,8.930532810824364,62.467708327661335,
1750,906.4991,285.17295860693946,33.736566925707635,254.1756957152022,28.0,0.73165,242.0,50.0,171.0,970.0,21.0,278.0,101.0,297.0,33.35698471754958,134,5,58,54,251.0,-85.0,71.0,-23.0,130.0,-9.0,-121.0,6356.0,76.0,67.0,8.93503976657026,62.467708327661335,
1751,1057.054,291.29682659265956,36.673721680974005,254.56694697437757,28.0,0.7323,242.0,50.0,171.0,970.0,21.0,278.0,101.0,297.0,31.825605792027876,141,3,58,52,251.0,-85.0,71.0,-23.0,130.0,-9.0,-121.0,6356.0,76.0,67.0,8.939546722316154,62.467708327661335,
1752,370.9349,35.65515583670431,57.23434827337286,130.1384659895512,28.0,0.8647,309.0,43.0,145.0,991.0,31.0,195.0,128.0,341.0,30.501724787362964,118,5,52,60,204.0,-21.0,59.0,67.0,156.0,44.0,-48.0,5290.0,113.0,14.0,7.663543697130861,62.46562499432818,
1753,301.8304,42.69801723942729,40.87492209120267,135.54574054969405,28.0,0.8841,309.0,44.0,147.0,996.0,30.0,198.0,128.0,341.0,25.851365349449637,121,5,51,63,205.0,-23.0,59.0,65.0,155.0,41.0,-50.0,5318.0,112.0,11.0,7.668050338528564,62.46562499432818,
1754,264.39978,203.16595219232298,17.38172965715137,181.26708614148814,28.0,0.86835,309.0,44.0,147.0,996.0,30.0,198.0,128.0,341.0,12.17240134910247,105,5,50,62,205.0,-23.0,59.0,65.0,155.0,41.0,-50.0,5318.0,112.0,11.0,7.6725569799261955,62.46562499432818,
1755,325.47726,280.20149017974,26.68940783391508,249.48825650411445,28.0,0.85915,342.0,56.0,183.0,1143.0,26.0,247.0,139.0,374.0,26.806576369183617,107,5,49,64,205.0,-49.0,59.0,35.0,128.0,14.0,-77.0,5272.0,84.0,-15.0,7.6770636213238985,62.46562499432818,
1756,215.65134,48.89747192484842,35.617742726335266,127.57939714040437,29.0,0.7715,288.0,39.0,133.0,922.0,32.0,181.0,121.0,320.0,23.890884991150784,118,9,52,62,210.0,-16.0,61.0,76.0,166.0,51.0,-44.0,5463.0,123.0,20.0,7.780716373470937,62.46562499432818,
1757,144.65067,59.92561861713963,22.372358937622874,137.3473989055694,29.0,0.8987,283.0,38.0,132.0,918.0,32.0,181.0,119.0,319.0,16.950354025840475,101,15,52,63,210.0,-9.0,61.0,84.0,173.0,58.0,-37.0,5450.0,130.0,27.0,7.78522301486864,62.46562499432818,
1758,845.4027,129.60839776623715,9.53288261429659,157.2157860941336,28.0,0.7866,240.0,50.0,171.0,965.0,21.0,276.0,100.0,295.0,8.045034202550545,137,6,59,50,250.0,-85.0,71.0,-22.0,130.0,-9.0,-120.0,6333.0,76.0,67.0,8.925403288485475,62.46562499432818,
1759,836.4462,225.9094382767116,11.38325325926791,199.1970708535346,28.0,0.76535,240.0,50.0,171.0,965.0,21.0,276.0,100.0,295.0,12.260114320815278,142,5,56,50,250.0,-85.0,71.0,-22.0,130.0,-9.0,-120.0,6333.0,76.0,67.0,8.929909929883179,62.46562499432818,
1760,933.31604,286.03426815881187,37.552367768478774,253.7593256583419,28.0,0.73095,254.0,53.0,182.0,1016.0,21.0,292.0,106.0,310.0,34.74598925525547,140,0,59,53,248.0,-93.0,70.0,-33.0,119.0,-19.0,-129.0,6241.0,65.0,56.0,8.934416571280881,62.46562499432818,
1761,302.02832,128.92409196366017,31.076075272108444,138.58233986864425,28.0,0.8476,309.0,44.0,147.0,996.0,30.0,198.0,128.0,341.0,21.059588220592804,111,11,54,61,205.0,-23.0,59.0,65.0,155.0,41.0,-50.0,5318.0,112.0,11.0,7.672021886922306,62.46354166099503,
1762,325.96405,274.3173350678723,22.0012193027067,240.10104747709923,28.0,0.80275,342.0,56.0,183.0,1143.0,26.0,247.0,139.0,374.0,23.98519743282533,102,9,50,63,205.0,-49.0,59.0,35.0,128.0,14.0,-77.0,5272.0,84.0,-15.0,7.676528214021624,62.46354166099503,
1763,326.6087,39.465568928701835,54.27701156822588,118.91401156530911,29.0,0.8095,288.0,39.0,133.0,922.0,32.0,181.0,121.0,320.0,33.23017980613558,97,15,56,59,210.0,-16.0,61.0,76.0,166.0,51.0,-44.0,5463.0,123.0,20.0,7.78017373730576,62.46354166099503,
1764,224.79929,43.7769163249578,42.78496345681165,117.56766666474562,29.0,0.8564,283.0,38.0,132.0,918.0,32.0,181.0,119.0,319.0,30.094562814822314,102,18,52,58,210.0,-9.0,61.0,84.0,173.0,58.0,-37.0,5450.0,130.0,27.0,7.784680064405076,62.46354166099503,
1765,140.20393,47.165326047782315,30.11591738015143,128.87275238048286,29.0,0.89455,283.0,38.0,132.0,918.0,32.0,181.0,119.0,319.0,23.021312612712038,140,20,54,61,210.0,-9.0,61.0,84.0,173.0,58.0,-37.0,5450.0,130.0,27.0,7.7891863915043205,62.46354166099503,
1766,1029.3815,116.26195308742423,59.970227316369865,67.88904196796209,28.0,0.67815,227.0,46.0,157.0,908.0,22.0,256.0,95.0,278.0,44.92535843580412,139,7,61,57,256.0,-71.0,73.0,-4.0,149.0,8.0,-107.0,6491.0,94.0,85.0,8.915768166331441,62.46354166099503,
1767,886.4634,116.0027717569312,25.372163952143975,121.36940956463705,28.0,0.7376,227.0,46.0,157.0,908.0,22.0,256.0,95.0,278.0,21.547690585196094,129,6,60,54,256.0,-73.0,73.0,-5.0,148.0,7.0,-108.0,6520.0,93.0,84.0,8.920274493430757,62.46354166099503,
1768,842.1469,120.45047488424076,6.624782875059098,164.82610710176866,28.0,0.7388,227.0,46.0,157.0,908.0,22.0,256.0,95.0,278.0,5.830821554721363,130,5,62,50,256.0,-73.0,73.0,-5.0,148.0,7.0,-108.0,6520.0,93.0,84.0,8.92478082053,62.46354166099503,
1769,844.42847,252.3871846675433,15.586615377626885,214.50854925551027,28.0,0.72775,240.0,50.0,171.0,965.0,21.0,276.0,100.0,295.0,15.482251614774974,139,22,56,51,250.0,-85.0,71.0,-22.0,130.0,-9.0,-120.0,6333.0,76.0,67.0,8.929287147629315,62.46354166099503,
1770,957.35114,287.836055057737,39.437523381838844,253.9673183287041,28.0,0.72865,254.0,53.0,182.0,1016.0,21.0,292.0,106.0,310.0,36.862917145315755,146,18,60,54,248.0,-93.0,70.0,-33.0,119.0,-19.0,-129.0,6241.0,65.0,56.0,8.933793474728633,62.46354166099503,
1771,458.60526,55.92279168695568,58.08139411105368,91.9925356445152,29.0,0.7471,288.0,39.0,133.0,922.0,32.0,181.0,121.0,320.0,38.261376601795234,109,16,58,53,210.0,-16.0,61.0,76.0,166.0,51.0,-44.0,5463.0,123.0,20.0,7.779631187108378,62.46145832766189,
1772,323.0588,58.9608046627044,42.06248857673818,99.67857669677994,29.0,0.8339,283.0,38.0,132.0,918.0,32.0,181.0,119.0,319.0,31.652798784514975,113,15,56,62,210.0,-9.0,61.0,84.0,173.0,58.0,-37.0,5450.0,130.0,27.0,7.784137199959101,62.46145832766189,
1773,216.84393,54.229125476082416,34.15523097642533,116.80034785079978,29.0,0.8801,283.0,38.0,132.0,918.0,32.0,181.0,119.0,319.0,25.890814034674847,127,19,50,60,210.0,-9.0,61.0,84.0,173.0,58.0,-37.0,5450.0,130.0,27.0,7.78864321280975,62.46145832766189,
1774,130.4209,63.18208399228268,21.591797954347086,127.37563520932599,28.0,0.8952,283.0,38.0,132.0,915.0,32.0,180.0,119.0,319.0,19.39093784327971,146,19,52,60,211.0,-9.0,61.0,84.0,174.0,59.0,-37.0,5480.0,131.0,27.0,7.793149225660475,62.46145832766189,
1775,76.93954,60.555369975470235,11.652586339838194,157.8145722861396,28.0,0.8844,283.0,38.0,132.0,915.0,32.0,180.0,119.0,319.0,8.995210369293165,99,9,58,63,211.0,-9.0,61.0,84.0,174.0,59.0,-37.0,5480.0,131.0,27.0,7.797655238511197,62.46145832766189,
1776,951.29614,123.17745244322224,49.74337857243332,96.03906411724905,28.0,0.6872,227.0,46.0,157.0,908.0,22.0,256.0,95.0,278.0,34.43565554207421,130,8,61,52,256.0,-71.0,73.0,-4.0,149.0,8.0,-107.0,6491.0,94.0,85.0,8.915146425488397,62.46145832766189,
1777,855.75684,131.8558126928339,19.8440192178243,142.500916177515,28.0,0.7398,227.0,46.0,157.0,908.0,22.0,256.0,95.0,278.0,15.396068246841859,128,7,59,52,256.0,-73.0,73.0,-5.0,148.0,7.0,-108.0,6520.0,93.0,84.0,8.919652438339119,62.46145832766189,
1778,861.4336,295.34977482193995,20.15371506388149,229.7812798262364,28.0,0.7147,240.0,50.0,171.0,965.0,21.0,276.0,100.0,295.0,18.41527815941966,139,4,56,49,250.0,-85.0,71.0,-22.0,130.0,-9.0,-120.0,6333.0,76.0,67.0,8.928664464040493,62.46145832766189,
1779,983.89105,283.1086737679333,37.54074900025389,254.9715465957689,28.0,0.70975,240.0,50.0,171.0,965.0,21.0,276.0,100.0,295.0,35.494627363199804,141,17,57,52,250.0,-85.0,71.0,-22.0,130.0,-9.0,-120.0,6333.0,76.0,67.0,8.933170476891215,62.46145832766189,
1780,1162.2086,285.8946156242115,42.51322329529108,255.0,28.0,0.63195,254.0,53.0,182.0,1016.0,21.0,292.0,106.0,310.0,38.88330248484444,137,3,58,52,248.0,-93.0,70.0,-33.0,119.0,-19.0,-129.0,6241.0,65.0,56.0,8.937676489741937,62.46145832766189,
1781,180.06804,47.75400510913308,35.349971175448424,128.1726384057719,28.0,0.8701,283.0,38.0,132.0,915.0,32.0,180.0,119.0,319.0,26.33663576446767,103,20,46,59,211.0,-9.0,61.0,84.0,174.0,59.0,-37.0,5480.0,131.0,27.0,7.79260581881503,62.45937499432875,
1782,119.58026,63.24323935421071,28.963660534804713,149.04827016333442,28.0,0.8907,283.0,38.0,132.0,915.0,32.0,180.0,119.0,319.0,19.61675430510001,104,14,43,64,211.0,-9.0,61.0,84.0,174.0,59.0,-37.0,5480.0,131.0,27.0,7.797111517466941,62.45937499432875,
1783,84.39901,60.43964777864218,12.483081553227104,159.37833574209773,28.0,0.8819,283.0,38.0,131.0,914.0,32.0,180.0,119.0,319.0,8.561602691217164,75,8,53,64,211.0,-9.0,61.0,84.0,174.0,58.0,-37.0,5498.0,131.0,26.0,7.801617216118852,62.45937499432875,
1784,68.56438,120.35550751302169,2.889866712956536,172.6062843019391,28.0,0.86195,283.0,38.0,131.0,914.0,32.0,180.0,119.0,319.0,2.989069177215158,112,6,58,62,211.0,-9.0,61.0,84.0,174.0,58.0,-37.0,5498.0,131.0,26.0,7.806122914770762,62.45937499432875,
1785,518.8695,194.23069010749907,75.34715454868704,211.04610434981907,28.0,0.77195,258.0,46.0,158.0,931.0,24.0,233.0,104.0,289.0,45.41127020849838,60,10,55,57,232.0,-60.0,67.0,39.0,140.0,11.0,-92.0,5916.0,90.0,-22.0,8.274715574568601,62.45937499432875,
1786,728.38696,235.4038398022845,86.54503674546186,254.62850620031142,28.0,0.7678,264.0,48.0,165.0,960.0,23.0,243.0,106.0,295.0,51.08566787876012,89,12,49,54,231.0,-65.0,66.0,32.0,134.0,6.0,-97.0,5872.0,84.0,-27.0,8.27922127322051,62.45937499432875,
1787,1014.2569,128.79784312172038,54.92317373389298,95.83134417718365,28.0,0.6644,227.0,46.0,157.0,908.0,22.0,256.0,95.0,278.0,37.18870203782153,135,6,57,55,256.0,-71.0,73.0,-4.0,149.0,8.0,-107.0,6491.0,94.0,85.0,8.910019084486844,62.45937499432875,
1788,890.65314,124.91219392023889,33.578290075924016,117.13566149903261,28.0,0.7563,227.0,46.0,157.0,908.0,22.0,256.0,95.0,278.0,25.43081135807483,130,7,62,53,256.0,-71.0,73.0,-4.0,149.0,8.0,-107.0,6491.0,94.0,85.0,8.914524783138756,62.45937499432875,
1789,835.1159,200.42306705660454,9.361393875742014,167.0751715584847,28.0,0.7076,227.0,46.0,157.0,908.0,22.0,256.0,95.0,278.0,5.470763332257734,136,7,60,51,256.0,-73.0,73.0,-5.0,148.0,7.0,-108.0,6520.0,93.0,84.0,8.919030481790665,62.45937499432875,
1790,1015.8833,297.0649336237296,45.160896398353636,254.41941851482264,28.0,0.72185,240.0,50.0,171.0,965.0,21.0,276.0,100.0,295.0,36.89208121883827,146,3,55,51,250.0,-85.0,71.0,-22.0,130.0,-9.0,-120.0,6333.0,76.0,67.0,8.932547577746325,62.45937499432875,
1791,418.23694,51.57134074052383,67.85525034084647,84.49338315936893,28.0,0.854,292.0,42.0,140.0,945.0,30.0,194.0,121.0,321.0,43.39162865253044,124,16,53,59,211.0,-28.0,61.0,63.0,155.0,39.0,-56.0,5469.0,111.0,8.0,7.787557113544986,62.457291660995594,
1792,291.33603,42.41469331187557,49.45955085447805,118.98505872640084,28.0,0.8628,287.0,39.0,132.0,918.0,31.0,183.0,120.0,317.0,31.61410736321317,111,15,52,60,212.0,-20.0,61.0,72.0,164.0,47.0,-48.0,5513.0,120.0,16.0,7.792062498047858,62.457291660995594,
1793,204.07027,36.278804294655934,43.77561411763389,133.80957583493966,28.0,0.86525,287.0,39.0,132.0,918.0,31.0,183.0,120.0,317.0,26.618096021224474,106,5,45,62,212.0,-20.0,61.0,72.0,164.0,47.0,-48.0,5513.0,120.0,16.0,7.7965678825507245,62.457291660995594,
1794,127.74296,62.3810557386526,37.42581727622759,127.32789041202211,28.0,0.87365,282.0,38.0,130.0,908.0,32.0,178.0,118.0,316.0,24.60984642829422,104,6,56,63,212.0,-11.0,61.0,81.0,173.0,56.0,-39.0,5486.0,129.0,25.0,7.801073267053594,62.457291660995594,
1795,78.628456,54.134656632763964,22.7234238278816,158.11703382224508,28.0,0.8608,282.0,38.0,130.0,908.0,32.0,178.0,118.0,316.0,13.274913549188488,124,8,58,61,212.0,-11.0,61.0,81.0,173.0,56.0,-39.0,5486.0,129.0,25.0,7.805578651556464,62.457291660995594,
1796,61.73486,178.34749528903774,5.071910394807217,177.64896237555033,28.0,0.7516,280.0,38.0,130.0,906.0,32.0,178.0,118.0,316.0,2.0795171109376582,106,5,57,61,212.0,-10.0,61.0,84.0,174.0,58.0,-38.0,5525.0,131.0,26.0,7.810084036059332,62.457291660995594,
1797,63.33378,223.41411463537196,1.5292467472556772,183.5823782822895,29.0,0.79375,280.0,38.0,130.0,905.0,32.0,178.0,118.0,316.0,1.232914147351401,137,10,60,58,213.0,-10.0,62.0,83.0,175.0,58.0,-38.0,5523.0,131.0,26.0,7.819094805065072,62.457291660995594,
1798,761.4068,232.33120133601614,75.66791836500065,252.56892897039944,28.0,0.79595,246.0,43.0,146.0,881.0,25.0,218.0,100.0,277.0,46.73800602784626,83,8,46,56,235.0,-53.0,67.0,48.0,150.0,20.0,-85.0,5992.0,100.0,-14.0,8.283149408859733,62.457291660995594,
1799,1050.4108,125.72974126862448,51.692085871426926,94.60370882267729,28.0,0.7027,226.0,45.0,154.0,900.0,22.0,254.0,94.0,276.0,36.17370691731424,129,7,55,56,257.0,-72.0,72.0,-3.0,150.0,8.0,-107.0,6547.0,95.0,86.0,8.904892470254525,62.457291660995594,
1800,931.4306,129.72597256899547,40.09077188733148,115.23797327873291,28.0,0.7622,226.0,46.0,157.0,906.0,22.0,256.0,95.0,278.0,28.394176355448053,128,9,58,57,257.0,-73.0,73.0,-5.0,149.0,7.0,-108.0,6558.0,94.0,85.0,8.909397854757398,62.457291660995594,
1801,856.9768,123.62310959277195,18.451802125364917,144.33241667993602,28.0,0.7751,226.0,46.0,157.0,906.0,22.0,256.0,95.0,278.0,14.446944205651066,125,8,60,55,257.0,-73.0,73.0,-5.0,149.0,7.0,-108.0,6558.0,94.0,85.0,8.913903239260266,62.457291660995594,
1802,831.7453,165.38549388107077,2.505989061799356,178.51516175909234,28.0,0.7177,236.0,48.0,166.0,948.0,21.0,272.0,99.0,291.0,0.9908666009083348,124,8,57,54,251.0,-83.0,72.0,-19.0,133.0,-6.0,-118.0,6380.0,79.0,70.0,8.918408623763135,62.457291660995594,
1803,916.55145,290.2613007637858,36.01689713982425,253.79169822102946,28.0,0.7095,254.0,53.0,183.0,1020.0,20.0,294.0,106.0,311.0,32.13130323217661,138,2,58,50,248.0,-94.0,70.0,-34.0,118.0,-20.0,-130.0,6232.0,64.0,55.0,8.927419392768801,62.457291660995594,
1804,1074.2864,295.9674758176688,47.78085245084627,254.91267597460939,28.0,0.6742,254.0,53.0,183.0,1020.0,20.0,294.0,106.0,311.0,39.535564360908516,150,3,57,54,248.0,-94.0,70.0,-34.0,118.0,-20.0,-130.0,6232.0,64.0,55.0,8.93192477727167,62.457291660995594,
1805,333.50482,31.083692574200704,60.977722112963875,147.69111980914843,28.0,0.7777,287.0,39.0,132.0,918.0,31.0,183.0,120.0,317.0,33.23383425703056,124,7,49,61,212.0,-20.0,61.0,72.0,164.0,47.0,-48.0,5513.0,120.0,16.0,7.7960243337431026,62.45520832766244,
1806,257.4207,46.51182930499869,65.31023564438759,128.84914325163336,28.0,0.82375,282.0,38.0,130.0,908.0,32.0,178.0,118.0,316.0,37.59427099157334,115,8,54,61,212.0,-11.0,61.0,81.0,173.0,56.0,-39.0,5486.0,129.0,25.0,7.8005294041466895,62.45520832766244,
1807,96.10422,34.87614084716663,42.49694983739046,142.6179197815091,28.0,0.82215,280.0,38.0,130.0,906.0,32.0,178.0,118.0,316.0,23.96363457308581,126,8,49,59,212.0,-10.0,61.0,84.0,174.0,58.0,-38.0,5525.0,131.0,26.0,7.809539544953863,62.45520832766244,
1808,65.80517,114.08630591493286,18.414892845763745,170.3117260778041,28.0,0.706,280.0,38.0,130.0,906.0,32.0,178.0,118.0,316.0,7.932716941599026,116,12,51,59,212.0,-10.0,61.0,84.0,174.0,58.0,-38.0,5525.0,131.0,26.0,7.814044615357452,62.45520832766244,
1809,383.2508,233.8135483797322,57.57424823900824,254.43391101805966,28.0,0.8181,246.0,43.0,146.0,881.0,25.0,218.0,100.0,277.0,38.99120183008227,81,8,57,58,235.0,-53.0,67.0,48.0,150.0,20.0,-85.0,5992.0,100.0,-14.0,8.278066866926059,62.45520832766244,
1810,966.5594,132.98337346009396,44.72230517591802,111.73121809886321,28.0,0.6964,226.0,45.0,154.0,900.0,22.0,254.0,94.0,276.0,32.30489623778418,128,6,54,56,257.0,-72.0,72.0,-3.0,150.0,8.0,-107.0,6547.0,95.0,86.0,8.90427165302352,62.45520832766244,
1811,881.13995,129.48432426706975,25.90759267631938,133.78768682603774,28.0,0.753,226.0,46.0,157.0,906.0,22.0,256.0,95.0,278.0,19.67495204163818,131,7,58,54,257.0,-73.0,73.0,-5.0,149.0,7.0,-108.0,6558.0,94.0,85.0,8.908776723427106,62.45520832766244,
1812,836.717,139.52638093047548,9.233184536182172,166.90126332524096,28.0,0.7581,226.0,46.0,157.0,906.0,22.0,256.0,95.0,278.0,6.050632391189096,129,8,58,55,257.0,-73.0,73.0,-5.0,149.0,7.0,-108.0,6558.0,94.0,85.0,8.913281793830693,62.45520832766244,
1813,955.36316,293.06103474576537,40.71802875497208,254.36670950961667,28.0,0.7257,254.0,53.0,183.0,1020.0,20.0,294.0,106.0,311.0,35.37800957838411,137,3,58,51,248.0,-94.0,70.0,-34.0,118.0,-20.0,-130.0,6232.0,64.0,55.0,8.926797005041383,62.45520832766244,
1814,334.9978,29.849756382914922,62.57110445798112,128.83717604649277,28.0,0.8221,282.0,38.0,130.0,908.0,32.0,178.0,118.0,316.0,35.78109580955893,114,14,48,59,212.0,-11.0,61.0,81.0,173.0,56.0,-39.0,5486.0,129.0,25.0,7.804490383732736,62.4531249943293,
1815,250.09172,32.52620869393099,65.18617793606617,133.44824084300683,28.0,0.8532,280.0,38.0,130.0,906.0,32.0,178.0,118.0,316.0,37.22428381270593,118,15,46,59,212.0,-10.0,61.0,84.0,174.0,58.0,-38.0,5525.0,131.0,26.0,7.80899514008679,62.4531249943293,
1816,156.49811,45.26663717138503,53.77931851240052,111.8276176925023,28.0,0.83,280.0,38.0,130.0,906.0,32.0,178.0,118.0,316.0,34.82241771040451,113,7,45,64,212.0,-10.0,61.0,84.0,174.0,58.0,-38.0,5525.0,131.0,26.0,7.8134998964408435,62.4531249943293,
1817,69.59431,57.94390810763837,18.882934412921408,153.5446482297018,29.0,0.7698,280.0,38.0,130.0,905.0,32.0,178.0,118.0,316.0,10.55030180438785,108,5,53,61,213.0,-10.0,62.0,83.0,175.0,58.0,-38.0,5523.0,131.0,26.0,7.818004652794896,62.4531249943293,
1818,170.6379,223.75035420462274,31.137303793579857,219.5764890465842,28.0,0.8545,249.0,39.0,133.0,854.0,27.0,197.0,103.0,279.0,20.18313232718986,114,6,60,58,235.0,-35.0,68.0,70.0,168.0,40.0,-67.0,6023.0,118.0,4.0,8.272985044553405,62.4531249943293,
1819,271.38458,228.28838598697646,48.655893213519846,248.12166721999242,28.0,0.8563,246.0,43.0,146.0,881.0,25.0,218.0,100.0,277.0,32.09356778111187,121,11,59,55,235.0,-53.0,67.0,48.0,150.0,20.0,-85.0,5992.0,100.0,-14.0,8.277489800907459,62.4531249943293,
1820,402.1844,232.99198296414616,63.64963033110162,254.74227842500562,28.0,0.8231,246.0,43.0,146.0,881.0,25.0,218.0,100.0,277.0,40.916157563771556,88,9,58,57,235.0,-53.0,67.0,48.0,150.0,20.0,-85.0,5992.0,100.0,-14.0,8.28199455726151,62.4531249943293,
1821,1000.31647,123.79695607893534,39.063519788809586,101.92903546856834,28.0,0.69605,229.0,46.0,157.0,912.0,22.0,258.0,95.0,280.0,31.750034374806244,112,5,55,59,255.0,-75.0,72.0,-7.0,146.0,5.0,-109.0,6511.0,91.0,82.0,8.899146177765648,62.4531249943293,
1822,909.245,125.22443547758131,27.332653192079924,131.56607479245986,28.0,0.7161,226.0,45.0,154.0,900.0,22.0,254.0,94.0,276.0,19.49103627581973,119,6,57,55,257.0,-72.0,72.0,-3.0,150.0,8.0,-107.0,6547.0,95.0,86.0,8.903650934119701,62.4531249943293,
1823,849.61884,112.25624876244132,15.105153385103304,145.02807612441205,28.0,0.7464,226.0,45.0,154.0,900.0,22.0,254.0,94.0,276.0,12.768834070694819,123,7,57,55,257.0,-72.0,72.0,-3.0,150.0,8.0,-107.0,6547.0,95.0,86.0,8.908155690473755,62.4531249943293,
1824,886.1404,299.4439706065449,25.0891378924549,232.49633062248824,28.0,0.75485,236.0,48.0,166.0,948.0,21.0,272.0,99.0,291.0,20.987950413558796,137,7,57,54,251.0,-83.0,72.0,-19.0,133.0,-6.0,-118.0,6380.0,79.0,70.0,8.921669959535842,62.4531249943293,
1825,1003.63135,297.34185256342346,42.82437997208482,254.32236291632964,28.0,0.7388,254.0,53.0,183.0,1020.0,20.0,294.0,106.0,311.0,35.55979407598965,140,7,58,52,248.0,-94.0,70.0,-34.0,118.0,-20.0,-130.0,6232.0,64.0,55.0,8.926174715889895,62.4531249943293,
1826,361.3448,58.14080172976404,43.587321442416666,117.77260329717079,28.0,0.8009,280.0,38.0,130.0,906.0,32.0,178.0,118.0,316.0,26.54843445730199,109,12,48,57,212.0,-10.0,61.0,84.0,174.0,58.0,-38.0,5525.0,131.0,26.0,7.808450821438633,62.45104166099616,
1827,269.91043,57.07833078965015,44.02597907153974,113.64397014536472,28.0,0.8345,280.0,38.0,130.0,906.0,32.0,178.0,118.0,316.0,27.821065561564243,116,17,48,58,212.0,-10.0,61.0,84.0,174.0,58.0,-38.0,5525.0,131.0,26.0,7.812955263792891,62.45104166099616,
1828,147.38802,49.16271488242359,49.70209731750557,101.37809888516824,29.0,0.8548,280.0,38.0,130.0,905.0,32.0,178.0,118.0,316.0,35.74492532304236,111,8,50,61,213.0,-10.0,62.0,83.0,175.0,58.0,-38.0,5523.0,131.0,26.0,7.8174597061471465,62.45104166099616,
1829,66.696884,162.5912281574386,13.456129446102713,164.3683551934159,29.0,0.82325,280.0,38.0,130.0,905.0,32.0,178.0,118.0,316.0,7.95209101895601,84,7,50,60,213.0,-10.0,62.0,83.0,175.0,58.0,-38.0,5523.0,131.0,26.0,7.82196414850133,62.45104166099616,
1830,167.95296,217.52691608959543,31.272217353352566,224.34874711125343,28.0,0.8636,246.0,43.0,146.0,881.0,25.0,218.0,100.0,277.0,20.448913515313016,109,3,58,61,235.0,-53.0,67.0,48.0,150.0,20.0,-85.0,5992.0,100.0,-14.0,8.276912826280412,62.45104166099616,
1831,269.66635,227.79823644031634,52.4737357093625,251.82262403759512,28.0,0.83095,246.0,43.0,146.0,881.0,25.0,218.0,100.0,277.0,35.11176953555855,115,8,61,58,235.0,-53.0,67.0,48.0,150.0,20.0,-85.0,5992.0,100.0,-14.0,8.281417268634668,62.45104166099616,
1832,1053.5092,127.38771575421563,55.72656462035051,94.75306894300711,28.0,0.72725,229.0,46.0,157.0,912.0,22.0,258.0,95.0,280.0,36.94143877841559,111,7,56,55,255.0,-75.0,72.0,-7.0,146.0,5.0,-109.0,6511.0,91.0,82.0,8.894021428812358,62.45104166099616,
1833,937.8924,125.5960753990122,34.13727713670466,117.95235283407474,28.0,0.721,229.0,46.0,157.0,912.0,22.0,258.0,95.0,280.0,25.39437253489859,118,4,55,55,255.0,-75.0,72.0,-7.0,146.0,5.0,-109.0,6511.0,91.0,82.0,8.898525871166614,62.45104166099616,
1834,866.94525,136.65347660873678,22.850927198676473,140.5955998856089,28.0,0.741,226.0,45.0,154.0,900.0,22.0,254.0,94.0,276.0,17.1845365252276,121,7,58,52,257.0,-72.0,72.0,-3.0,150.0,8.0,-107.0,6547.0,95.0,86.0,8.903030313520869,62.45104166099616,
1835,921.9571,299.0138126270603,32.10796129617971,245.3784539666007,28.0,0.76855,236.0,48.0,166.0,948.0,21.0,272.0,99.0,291.0,27.762330595206784,139,4,56,54,251.0,-83.0,72.0,-19.0,133.0,-6.0,-118.0,6380.0,79.0,70.0,8.921048082937823,62.45104166099616,
1836,1053.2607,296.22414030406503,43.06251017608409,254.06464321607524,28.0,0.7363,254.0,53.0,183.0,1020.0,20.0,294.0,106.0,311.0,34.624421578851056,141,5,58,53,248.0,-94.0,70.0,-34.0,118.0,-20.0,-130.0,6232.0,64.0,55.0,8.925552525292078,62.45104166099616,
1837,1218.2703,292.6449211721444,48.27329010334884,255.0,28.0,0.6464,254.0,53.0,183.0,1020.0,20.0,294.0,106.0,311.0,40.80344402819922,145,5,57,52,248.0,-94.0,70.0,-34.0,118.0,-20.0,-130.0,6232.0,64.0,55.0,8.930056967646335,62.45104166099616,
1838,490.1788,36.032358772608596,64.06993568757795,113.75320634616544,29.0,0.6844,290.0,42.0,140.0,943.0,29.0,196.0,120.0,319.0,39.703588985076856,124,8,48,54,212.0,-31.0,62.0,60.0,153.0,36.0,-59.0,5476.0,109.0,5.0,7.807906588989924,62.44895832766301,
1839,375.42334,50.852549514434884,50.552352535347964,123.53085201959526,29.0,0.8115,281.0,38.0,129.0,901.0,31.0,178.0,118.0,313.0,32.9328254308929,113,8,42,61,213.0,-15.0,62.0,78.0,170.0,53.0,-43.0,5525.0,126.0,21.0,7.81241071739411,62.44895832766301,
1840,272.95657,50.85418492100015,50.63693536759114,97.96455155014294,28.0,0.8266,279.0,38.0,129.0,901.0,31.0,178.0,117.0,313.0,36.57408421728797,111,12,46,60,214.0,-10.0,62.0,84.0,175.0,58.0,-39.0,5527.0,131.0,26.0,7.816914845798294,62.44895832766301,
1841,107.8784,80.8674530317648,32.57000364078449,101.05857475320153,28.0,0.7764,279.0,38.0,129.0,901.0,31.0,178.0,117.0,313.0,29.283017131271315,108,10,54,59,214.0,-10.0,62.0,84.0,175.0,58.0,-39.0,5527.0,131.0,26.0,7.821418974202407,62.44895832766301,
1842,169.17635,205.5557790869333,29.796423083899345,225.77506411166175,28.0,0.86015,254.0,39.0,134.0,867.0,27.0,196.0,106.0,287.0,21.281658975034848,111,4,59,58,236.0,-28.0,67.0,78.0,176.0,48.0,-60.0,6065.0,127.0,11.0,8.280840071428468,62.44895832766301,
1843,401.67804,229.4077313075984,77.59371574810983,247.5006499877696,28.0,0.7221,240.0,40.0,135.0,846.0,26.0,203.0,99.0,272.0,45.487347120354684,105,8,56,61,237.0,-44.0,68.0,61.0,161.0,31.0,-76.0,6061.0,111.0,-5.0,8.289848328236838,62.44895832766301,
1844,1102.1384,128.79388051816022,48.52817198231674,99.0958684545031,28.0,0.72345,226.0,45.0,154.0,900.0,22.0,254.0,94.0,276.0,36.039569477022354,111,10,53,53,256.0,-72.0,72.0,-5.0,149.0,7.0,-107.0,6531.0,94.0,85.0,8.88889740599227,62.44895832766301,
1845,977.2497,126.22443130019236,39.335263579644625,110.74311553452564,28.0,0.78865,225.0,45.0,154.0,898.0,23.0,253.0,94.0,275.0,28.88932691252168,117,6,56,57,257.0,-72.0,72.0,-3.0,150.0,8.0,-107.0,6547.0,95.0,86.0,8.893401534396453,62.44895832766301,
1846,842.58325,156.57578223809674,10.74605731249745,161.0443084424235,28.0,0.7187,226.0,46.0,157.0,907.0,22.0,257.0,95.0,279.0,8.56843676583827,118,7,58,53,255.0,-75.0,72.0,-7.0,146.0,5.0,-109.0,6516.0,91.0,82.0,8.902409791204823,62.44895832766301,
1847,968.4896,299.89925856736954,36.273079650044046,248.49939950764534,28.0,0.769,257.0,54.0,186.0,1033.0,20.0,298.0,108.0,315.0,28.17086804322431,138,5,57,54,247.0,-96.0,70.0,-36.0,115.0,-22.0,-132.0,6203.0,61.0,52.0,8.920426304821492,62.44895832766301,
1848,489.0858,54.54368664413621,45.363862225086045,96.15952001776314,29.0,0.7727,281.0,38.0,129.0,901.0,31.0,178.0,118.0,313.0,35.27770823170927,107,6,47,58,213.0,-15.0,62.0,78.0,170.0,53.0,-43.0,5525.0,126.0,21.0,7.811866257225035,62.44687499432985,
1849,353.51306,74.4614836185615,36.927978728281694,86.988754677006,29.0,0.8041,281.0,38.0,129.0,901.0,31.0,178.0,118.0,313.0,33.690675281340454,115,6,44,61,213.0,-15.0,62.0,78.0,170.0,53.0,-43.0,5525.0,126.0,21.0,7.816370071728863,62.44687499432985,
1850,174.11987,77.83992129643403,40.38823581327789,77.97918731292505,28.0,0.8213,279.0,38.0,129.0,901.0,31.0,178.0,117.0,313.0,37.91710626874825,114,12,57,59,214.0,-10.0,62.0,84.0,175.0,58.0,-39.0,5527.0,131.0,26.0,7.820873886232617,62.44687499432985,
1851,67.63145,77.51050740119966,11.169649120899656,166.16061639541428,28.0,0.8142,278.0,37.0,128.0,898.0,32.0,178.0,117.0,313.0,7.448099692348741,127,6,53,62,214.0,-10.0,62.0,84.0,175.0,58.0,-39.0,5535.0,131.0,26.0,7.8253777007364445,62.44687499432985,
1852,1041.7012,115.98101619231721,36.38199808090136,97.40846840963499,28.0,0.7019,226.0,45.0,154.0,900.0,22.0,254.0,94.0,276.0,32.23571923037065,133,9,54,55,256.0,-72.0,72.0,-5.0,149.0,7.0,-107.0,6531.0,94.0,85.0,8.888277923637892,62.44687499432985,
1853,931.8407,122.1627401860542,25.039794283047502,128.65800991444652,28.0,0.7599,225.0,45.0,154.0,898.0,23.0,253.0,94.0,275.0,20.10255075247181,124,6,55,56,257.0,-72.0,72.0,-3.0,150.0,8.0,-107.0,6547.0,95.0,86.0,8.89278173814172,62.44687499432985,
1854,393.64908,91.39270206592414,43.96656121091988,75.56349413560298,29.0,0.8085,281.0,38.0,129.0,901.0,31.0,178.0,118.0,313.0,36.46105375280139,111,1,53,59,213.0,-15.0,62.0,78.0,170.0,53.0,-43.0,5525.0,126.0,21.0,7.815825383919373,62.444791660996714,
1855,221.70274,86.04957992494916,35.73373163960699,76.52824380048955,28.0,0.8353,279.0,38.0,129.0,901.0,31.0,178.0,117.0,313.0,35.84243850264808,121,3,53,58,214.0,-10.0,62.0,84.0,175.0,58.0,-39.0,5527.0,131.0,26.0,7.820328884572474,62.444791660996714,
1856,96.24333,77.84352770383498,16.398175115841806,129.31346386520636,28.0,0.8209,279.0,38.0,129.0,901.0,31.0,178.0,117.0,313.0,17.425057214031284,141,13,55,62,214.0,-10.0,62.0,84.0,175.0,58.0,-39.0,5527.0,131.0,26.0,7.8248323852256485,62.444791660996714,
1857,904.9601,118.31569157147058,19.61871530298684,134.02552976393082,28.0,0.7587,225.0,45.0,154.0,898.0,23.0,253.0,94.0,275.0,17.047788098535143,111,8,55,54,257.0,-72.0,72.0,-3.0,150.0,8.0,-107.0,6547.0,95.0,86.0,8.892162040026001,62.444791660996714,
1858,970.7974,302.26199108309225,43.14189653468467,252.9459422426728,28.0,0.7766,239.0,49.0,169.0,958.0,21.0,274.0,100.0,294.0,31.937521442912274,141,6,58,52,251.0,-84.0,71.0,-21.0,131.0,-8.0,-120.0,6354.0,77.0,68.0,8.914679543291873,62.444791660996714,
1859,1114.6133,304.64803538337503,60.982446957709605,254.83359878233807,28.0,0.7259,257.0,54.0,186.0,1033.0,20.0,298.0,108.0,315.0,41.449607441003565,134,6,57,54,247.0,-96.0,70.0,-36.0,115.0,-22.0,-132.0,6203.0,61.0,52.0,8.919183043944974,62.444791660996714,
1860,255.85712,84.40730052804767,58.709754946944116,69.2313683044218,28.0,0.8353,279.0,38.0,129.0,901.0,31.0,178.0,117.0,313.0,42.83511807079923,129,1,61,59,214.0,-10.0,62.0,84.0,175.0,58.0,-39.0,5527.0,131.0,26.0,7.819783969202492,62.442708327663574,
1861,109.43365,90.60660814115529,22.27087093837971,119.05877123173741,28.0,0.8608,279.0,38.0,129.0,901.0,31.0,178.0,117.0,313.0,20.848041790882338,127,5,55,63,214.0,-10.0,62.0,84.0,175.0,58.0,-39.0,5527.0,131.0,26.0,7.824287156054704,62.442708327663574,
1862,957.9263,115.0972352770482,30.404918749848527,108.87372618966457,28.0,0.743,226.0,45.0,154.0,900.0,22.0,254.0,94.0,276.0,26.32048238163906,127,5,54,57,256.0,-72.0,72.0,-5.0,149.0,7.0,-107.0,6531.0,94.0,85.0,8.887039253174926,62.442708327663574,
1863,884.46063,116.40965430914912,16.247639506698174,139.9980269648543,28.0,0.7742,226.0,45.0,154.0,900.0,22.0,254.0,94.0,276.0,14.555368597835665,128,8,54,56,256.0,-72.0,72.0,-5.0,149.0,7.0,-107.0,6531.0,94.0,85.0,8.89154244002714,62.442708327663574,
1864,423.94235,56.032931520245235,94.7552051122559,59.30112824880469,29.0,0.839,282.0,39.0,131.0,904.0,31.0,182.0,118.0,311.0,54.96045012315899,126,2,53,54,213.0,-23.0,62.0,70.0,162.0,44.0,-51.0,5533.0,118.0,12.0,7.819239140103189,62.44062499433042,
1865,93.64058,44.63770433020439,27.58718321055947,156.6904856787955,28.0,0.87395,276.0,37.0,128.0,892.0,31.0,178.0,116.0,310.0,16.290249248348008,107,13,50,62,214.0,-12.0,62.0,83.0,174.0,57.0,-40.0,5563.0,130.0,24.0,7.828244886305052,62.44062499433042,
1866,931.9687,110.43462592096418,21.716642790619634,123.40814614636555,28.0,0.76505,224.0,45.0,154.0,896.0,23.0,253.0,94.0,275.0,19.807733665644523,119,4,53,60,256.0,-72.0,73.0,-4.0,149.0,8.0,-107.0,6517.0,94.0,85.0,8.88642006502205,62.44062499433042,
1867,869.6803,106.71832779526575,12.578413575975766,142.00165613113947,28.0,0.7782,224.0,45.0,154.0,896.0,23.0,253.0,94.0,275.0,12.930600316158756,126,7,56,62,256.0,-72.0,73.0,-4.0,149.0,8.0,-107.0,6517.0,94.0,85.0,8.890922938122982,62.44062499433042,
1868,943.8818,292.4141177267161,44.1448544299249,253.13371714811407,28.0,0.75195,257.0,54.0,186.0,1033.0,20.0,298.0,108.0,315.0,36.607192732705684,147,7,59,52,246.0,-96.0,70.0,-37.0,114.0,-22.0,-132.0,6198.0,61.0,52.0,8.908934430526708,62.44062499433042,
1869,1117.4668,302.94332082629154,63.037990779068295,254.85456255184818,28.0,0.6925,257.0,54.0,186.0,1033.0,20.0,298.0,108.0,315.0,44.56665898179416,129,7,57,52,246.0,-96.0,70.0,-37.0,114.0,-22.0,-132.0,6198.0,61.0,52.0,8.91343730362764,62.44062499433042,
1870,608.9128,201.7941311782402,65.86660997010037,218.4188173656084,29.0,0.7473,343.0,50.0,167.0,1110.0,30.0,221.0,141.0,377.0,35.06843769855307,116,7,55,57,199.0,-28.0,58.0,55.0,144.0,34.0,-55.0,5160.0,102.0,5.0,7.526028036299851,62.43854166099727,
1871,603.27234,163.8629329656962,38.47159142679348,161.319465943283,29.0,0.81795,344.0,51.0,170.0,1116.0,29.0,225.0,141.0,377.0,22.57414546322682,115,10,53,56,200.0,-32.0,58.0,52.0,141.0,30.0,-59.0,5181.0,99.0,2.0,7.54854083329638,62.43854166099727,
1872,586.2211,199.48993923373047,28.023052667480492,186.48638947471503,29.0,0.8358,350.0,53.0,177.0,1145.0,28.0,236.0,143.0,383.0,15.379148770796325,119,2,54,56,200.0,-37.0,58.0,46.0,136.0,25.0,-64.0,5168.0,94.0,-4.0,7.553043392695701,62.43854166099727,
1873,598.3134,223.67496196996836,22.672255558395673,194.82738073554447,29.0,0.8071,350.0,53.0,177.0,1145.0,28.0,236.0,143.0,383.0,12.332740644722714,118,6,43,56,200.0,-37.0,58.0,46.0,136.0,25.0,-64.0,5168.0,94.0,-4.0,7.557545952095021,62.43854166099727,
1874,629.54175,264.56579671442427,33.55272754427355,212.3475876859634,28.0,0.8061,367.0,59.0,195.0,1219.0,27.0,259.0,149.0,401.0,18.159774605158653,124,11,48,54,201.0,-48.0,58.0,33.0,125.0,13.0,-76.0,5140.0,81.0,-15.0,7.562048511494341,62.43854166099727,
1875,209.8727,66.37275815225449,75.55024012443857,139.9978402196641,28.0,0.82455,276.0,37.0,128.0,892.0,31.0,178.0,116.0,310.0,38.80868828995052,133,13,52,58,214.0,-12.0,62.0,83.0,174.0,57.0,-40.0,5563.0,130.0,24.0,7.827699516053738,62.43854166099727,
1876,151.86694,47.98194651358251,62.15871384061799,140.02362934738403,28.0,0.8083,276.0,37.0,128.0,892.0,31.0,178.0,116.0,310.0,36.55140640613704,140,13,51,58,214.0,-12.0,62.0,83.0,174.0,57.0,-40.0,5563.0,130.0,24.0,7.832202075453059,62.43854166099727,
1877,522.1636,139.8194334254248,75.20717799118297,104.76263263032006,28.0,0.6921,268.0,39.0,131.0,878.0,29.0,189.0,111.0,295.0,44.32073800846595,117,8,60,56,221.0,-34.0,64.0,61.0,157.0,35.0,-64.0,5678.0,110.0,2.0,7.953771179234492,62.43854166099727,
1878,505.68253,208.25382654584578,95.09246045577675,227.421678672631,28.0,0.7318,268.0,39.0,131.0,878.0,29.0,189.0,111.0,295.0,51.9213034576552,117,12,58,53,221.0,-34.0,64.0,61.0,157.0,35.0,-64.0,5678.0,110.0,2.0,7.958273738633813,62.43854166099727,
1879,848.7935,205.18843321191684,134.1515074206595,232.30704042131094,29.0,0.6357,283.0,48.0,158.0,975.0,25.0,226.0,115.0,313.0,54.3114445555298,124,8,57,56,220.0,-52.0,64.0,39.0,137.0,15.0,-83.0,5604.0,90.0,-16.0,7.967278857432453,62.43854166099727,
1880,914.7255,111.1550006805209,18.140870879256568,131.03409692686574,28.0,0.78425,224.0,45.0,154.0,896.0,23.0,253.0,94.0,275.0,17.113487318174588,115,5,53,60,256.0,-72.0,73.0,-4.0,149.0,8.0,-107.0,6517.0,94.0,85.0,8.885800974892074,62.43854166099727,
1881,859.89355,141.7027881640614,9.781132986940333,154.11310347331442,28.0,0.7501,224.0,45.0,154.0,896.0,23.0,253.0,94.0,275.0,11.155617613134334,122,5,58,63,256.0,-72.0,73.0,-4.0,149.0,8.0,-107.0,6517.0,94.0,85.0,8.890303534291395,62.43854166099727,
1882,991.9315,291.3346907955331,47.513189552132744,254.75631247209347,28.0,0.72405,246.0,51.0,175.0,986.0,21.0,283.0,103.0,302.0,40.96773155377615,148,7,58,52,249.0,-89.0,71.0,-28.0,124.0,-14.0,-125.0,6269.0,70.0,61.0,8.908313771888677,62.43854166099727,
1883,477.83783,215.5585454339783,40.17461349808945,207.77312630621856,29.0,0.7358,343.0,50.0,167.0,1110.0,30.0,221.0,141.0,377.0,22.480948073696293,116,3,53,59,199.0,-28.0,58.0,55.0,144.0,34.0,-55.0,5160.0,102.0,5.0,7.525503767060451,62.43645832766413,
1884,504.28342,203.7426168206441,39.260626032950896,199.52117815545319,29.0,0.7548,343.0,50.0,167.0,1110.0,30.0,221.0,141.0,377.0,21.90025918441305,116,4,52,56,199.0,-28.0,58.0,55.0,144.0,34.0,-55.0,5160.0,102.0,5.0,7.530006012807817,62.43645832766413,
1885,525.39526,195.86511033956305,37.51319651971246,194.3569379202734,29.0,0.8015,344.0,51.0,169.0,1115.0,29.0,224.0,141.0,377.0,21.4082107396478,112,5,52,56,200.0,-30.0,58.0,53.0,142.0,31.0,-58.0,5162.0,100.0,3.0,7.534508258555184,62.43645832766413,
1886,540.5836,205.96307946706594,30.201453726864905,193.2275930887281,29.0,0.82775,344.0,51.0,169.0,1115.0,29.0,224.0,141.0,377.0,18.59415959093151,107,1,53,57,200.0,-30.0,58.0,53.0,142.0,31.0,-58.0,5162.0,100.0,3.0,7.539010504302552,62.43645832766413,
1887,553.75916,240.29696047507292,18.06666783265338,184.1151487100313,29.0,0.8317,344.0,51.0,170.0,1116.0,29.0,225.0,141.0,377.0,13.758348295027137,113,7,53,58,200.0,-32.0,58.0,52.0,141.0,30.0,-59.0,5181.0,99.0,2.0,7.543512750049921,62.43645832766413,
1888,561.6031,276.65569256622575,15.559781232619466,190.91064487137137,29.0,0.8381,344.0,51.0,170.0,1116.0,29.0,225.0,141.0,377.0,8.881262872056347,111,7,52,56,200.0,-32.0,58.0,52.0,141.0,30.0,-59.0,5181.0,99.0,2.0,7.548014995797216,62.43645832766413,
1889,578.25037,319.67807898667684,19.424399220984277,198.449307090184,29.0,0.8466,350.0,53.0,177.0,1145.0,28.0,236.0,143.0,383.0,10.956612845135266,111,0,52,59,200.0,-37.0,58.0,46.0,136.0,25.0,-64.0,5168.0,94.0,-4.0,7.552517241544583,62.43645832766413,
1890,616.8099,317.12331491222926,37.181728422269366,223.35041377249115,29.0,0.8074,350.0,53.0,177.0,1145.0,28.0,236.0,143.0,383.0,22.20836109237279,128,0,48,57,200.0,-37.0,58.0,46.0,136.0,25.0,-64.0,5168.0,94.0,-4.0,7.55701948729195,62.43645832766413,
1891,423.72787,68.28847432236438,88.35140070188397,141.4817082694069,28.0,0.8929,276.0,37.0,128.0,892.0,31.0,178.0,116.0,310.0,44.078121783963766,104,6,50,59,214.0,-12.0,62.0,83.0,174.0,57.0,-40.0,5563.0,130.0,24.0,7.827154232133489,62.43645832766413,
1892,321.87317,36.35469627234264,75.1481874871172,110.61707503690873,28.0,0.882,276.0,37.0,128.0,892.0,31.0,178.0,116.0,310.0,40.6148214716102,126,6,49,59,214.0,-12.0,62.0,83.0,174.0,57.0,-40.0,5563.0,130.0,24.0,7.8316564778808555,62.43645832766413,
1893,192.45865,42.575591548624786,60.00558039229098,107.26839239388244,28.0,0.8635,276.0,37.0,128.0,891.0,32.0,176.0,116.0,310.0,36.976563024843045,129,10,52,59,214.0,-11.0,62.0,85.0,175.0,58.0,-39.0,5580.0,131.0,25.0,7.836158723628223,62.43645832766413,
1894,87.918564,51.39439860758234,35.3483956811997,139.13875886935529,28.0,0.8308,276.0,37.0,128.0,891.0,32.0,176.0,116.0,310.0,21.172366440035727,130,9,50,58,214.0,-11.0,62.0,85.0,175.0,58.0,-39.0,5580.0,131.0,25.0,7.840660969375592,62.43645832766413,
1895,188.20537,206.45070671124452,68.95030832584969,225.8639434327979,28.0,0.8221,273.0,38.0,127.0,876.0,30.0,179.0,114.0,299.0,36.6529464182347,139,8,58,61,218.0,-26.0,63.0,70.0,163.0,44.0,-55.0,5636.0,118.0,11.0,7.8946879183439265,62.43645832766413,
1896,259.23746,202.1671891944599,81.34119788774788,221.72234766372347,28.0,0.8256,273.0,38.0,127.0,876.0,30.0,179.0,114.0,299.0,38.51293144996735,120,5,59,62,218.0,-26.0,63.0,70.0,163.0,44.0,-55.0,5636.0,118.0,11.0,7.899190164091221,62.43645832766413,
1897,312.12357,179.17992298660147,97.71435440408155,179.06704740286318,28.0,0.80955,275.0,41.0,136.0,900.0,29.0,192.0,114.0,302.0,43.55748281303509,114,6,61,59,218.0,-34.0,63.0,60.0,154.0,34.0,-64.0,5577.0,108.0,2.0,7.903692409838592,62.43645832766413,
1898,314.54175,195.7681445635485,88.56323663697842,206.3074449981297,28.0,0.7721,275.0,41.0,136.0,900.0,29.0,192.0,114.0,302.0,42.09656158887153,114,4,59,62,218.0,-34.0,63.0,60.0,154.0,34.0,-64.0,5577.0,108.0,2.0,7.908194655585958,62.43645832766413,
1899,620.1343,185.6953833849688,116.49557445889859,188.31906935065348,28.0,0.6799,279.0,45.0,148.0,944.0,27.0,212.0,114.0,309.0,51.58444745127987,112,7,56,54,219.0,-45.0,63.0,48.0,144.0,23.0,-75.0,5623.0,97.0,-9.0,7.9262036385754255,62.43645832766413,
1900,689.92236,176.5333193283322,108.28277717636979,175.6665617641063,28.0,0.7179,279.0,45.0,148.0,944.0,27.0,212.0,114.0,309.0,46.37665551091205,124,5,55,57,219.0,-45.0,63.0,48.0,144.0,23.0,-75.0,5623.0,97.0,-9.0,7.930705884322796,62.43645832766413,
1901,687.13654,167.8573192190618,68.7904372409745,157.75867871191068,28.0,0.7307,272.0,42.0,139.0,907.0,28.0,200.0,112.0,300.0,35.26342146955827,134,5,59,58,219.0,-40.0,63.0,54.0,150.0,29.0,-69.0,5627.0,103.0,-3.0,7.935208130070162,62.43645832766413,
1902,371.75012,161.93840505310868,74.38843781178512,145.5796128028176,28.0,0.7671,268.0,39.0,131.0,878.0,29.0,189.0,111.0,295.0,38.36476211228043,137,8,61,57,221.0,-34.0,64.0,61.0,157.0,35.0,-64.0,5678.0,110.0,2.0,7.953217113059559,62.43645832766413,
1903,330.47916,184.67093381152847,66.691776634571,189.42108089723232,28.0,0.7728,268.0,39.0,131.0,878.0,29.0,189.0,111.0,295.0,36.3107856855664,126,8,60,56,221.0,-34.0,64.0,61.0,157.0,35.0,-64.0,5678.0,110.0,2.0,7.957719358806928,62.43645832766413,
1904,398.9472,192.69147846102803,99.82817437812784,205.31570297670973,28.0,0.7695,274.0,45.0,147.0,931.0,26.0,211.0,112.0,303.0,46.98104927485168,127,9,59,57,219.0,-45.0,63.0,47.0,144.0,22.0,-75.0,5626.0,97.0,-10.0,7.962221604554295,62.43645832766413,
1905,989.0885,110.55258273869892,39.19416572038462,86.9635987387103,28.0,0.7388,226.0,45.0,154.0,901.0,23.0,255.0,94.0,277.0,34.28106987017458,116,5,56,58,256.0,-73.0,72.0,-5.0,148.0,6.0,-108.0,6527.0,93.0,84.0,8.880679737015512,62.43645832766413,
1906,899.59766,111.14752563462832,15.787481599943666,137.13879487616643,28.0,0.789,224.0,45.0,154.0,896.0,23.0,253.0,94.0,275.0,14.945626199923245,118,5,54,62,256.0,-72.0,73.0,-4.0,149.0,8.0,-107.0,6517.0,94.0,85.0,8.885181982762878,62.43645832766413,
1907,857.40845,153.50906245431128,5.96366366356224,167.8965519409294,28.0,0.7253,224.0,45.0,154.0,896.0,23.0,253.0,94.0,275.0,5.377086947163301,119,6,59,61,256.0,-72.0,73.0,-4.0,149.0,8.0,-107.0,6517.0,94.0,85.0,8.889684228510246,62.43645832766413,
1908,883.6886,295.56223315366856,31.693258269744963,235.16308569737402,28.0,0.7163,246.0,51.0,175.0,986.0,21.0,283.0,103.0,302.0,24.392685130503793,138,3,56,53,249.0,-89.0,71.0,-28.0,124.0,-14.0,-125.0,6269.0,70.0,61.0,8.90319096575235,62.43645832766413,
1909,539.5494,19.732334173320183,94.55690936889457,138.11056077103254,28.0,0.794,331.0,47.0,157.0,1069.0,31.0,205.0,137.0,370.0,46.47498428679073,131,11,54,58,197.0,-16.0,57.0,68.0,155.0,46.0,-42.0,5152.0,114.0,18.0,7.49796798793597,62.43437499433097,
1910,461.95505,260.6326959793391,59.99148512302088,193.37210650831247,28.0,0.8421,339.0,49.0,164.0,1095.0,30.0,214.0,140.0,375.0,32.67326054888573,122,6,53,58,198.0,-23.0,57.0,61.0,149.0,40.0,-49.0,5149.0,108.0,12.0,7.506971852226022,62.43437499433097,
1911,486.64062,268.5116224137965,62.82420941458813,190.47544496800973,28.0,0.8553,343.0,50.0,166.0,1107.0,30.0,218.0,141.0,377.0,33.563155352724074,103,5,52,59,198.0,-25.0,57.0,58.0,146.0,37.0,-52.0,5138.0,105.0,8.0,7.511473784371083,62.43437499433097,
1912,496.21967,145.35033420869667,58.126968117353314,178.07760731247495,28.0,0.84975,343.0,50.0,166.0,1107.0,30.0,218.0,141.0,377.0,31.79660198344098,123,5,51,58,198.0,-25.0,57.0,58.0,146.0,37.0,-52.0,5138.0,105.0,8.0,7.515975716516144,62.43437499433097,
1913,486.49893,146.67715447301475,52.67020994994761,173.37082547287426,28.0,0.81915,343.0,50.0,167.0,1109.0,30.0,220.0,141.0,377.0,29.065641993568526,110,6,51,56,200.0,-27.0,57.0,56.0,146.0,35.0,-54.0,5180.0,104.0,6.0,7.520477648661206,62.43437499433097,
1914,475.95245,184.49527105979527,40.818465657711904,181.06320096403516,28.0,0.8057,343.0,50.0,167.0,1109.0,30.0,220.0,141.0,377.0,23.220111674307567,105,6,52,56,200.0,-27.0,57.0,56.0,146.0,35.0,-54.0,5180.0,104.0,6.0,7.524979580806269,62.43437499433097,
1915,488.07358,229.98472124941716,24.16321074159515,193.16658592315275,29.0,0.8155,343.0,50.0,167.0,1110.0,30.0,221.0,141.0,377.0,14.555569346854485,99,6,57,59,199.0,-28.0,58.0,55.0,144.0,34.0,-55.0,5160.0,102.0,5.0,7.529481512951331,62.43437499433097,
1916,499.73782,274.87568393703674,15.60603541212856,193.17065801142184,29.0,0.8372,344.0,51.0,169.0,1115.0,29.0,224.0,141.0,377.0,8.902194167506817,104,6,56,58,200.0,-30.0,58.0,53.0,142.0,31.0,-58.0,5162.0,100.0,3.0,7.53398344509639,62.43437499433097,
1917,527.8813,315.5422428705602,16.9955107884938,203.9261565660935,29.0,0.8446,344.0,51.0,169.0,1115.0,29.0,224.0,141.0,377.0,12.522330840154048,107,8,55,59,200.0,-30.0,58.0,53.0,142.0,31.0,-58.0,5162.0,100.0,3.0,7.538485377241453,62.43437499433097,
1918,570.0454,298.79747831715633,20.39807457520218,219.6687281452592,29.0,0.84205,344.0,51.0,170.0,1116.0,29.0,225.0,141.0,377.0,17.382083359921204,105,7,54,59,200.0,-32.0,58.0,52.0,141.0,30.0,-59.0,5181.0,99.0,2.0,7.542987309386515,62.43437499433097,
1919,610.1521,300.1735536348553,33.686162051110344,200.00658696373617,29.0,0.8594,344.0,51.0,170.0,1116.0,29.0,225.0,141.0,377.0,21.781831413015034,107,8,54,58,200.0,-32.0,58.0,52.0,141.0,30.0,-59.0,5181.0,99.0,2.0,7.547489241531505,62.43437499433097,
1920,645.29785,334.337826867961,46.2763963453311,215.9236802393847,29.0,0.8454,350.0,53.0,177.0,1145.0,28.0,236.0,143.0,383.0,26.457718336400962,95,9,50,55,200.0,-37.0,58.0,46.0,136.0,25.0,-64.0,5168.0,94.0,-4.0,7.551991173676566,62.43437499433097,
1921,611.78394,45.64594314225513,82.9771356091185,90.66705020200165,28.0,0.7195,276.0,37.0,128.0,892.0,31.0,178.0,116.0,310.0,44.91394208026156,110,7,55,55,214.0,-12.0,62.0,83.0,174.0,57.0,-40.0,5563.0,130.0,24.0,7.826609034524817,62.43437499433097,
1922,493.55197,34.12095978916753,65.96301009413357,119.91717587381758,28.0,0.8705,276.0,37.0,128.0,892.0,31.0,178.0,116.0,310.0,36.428019173016054,102,7,51,53,214.0,-12.0,62.0,83.0,174.0,57.0,-40.0,5563.0,130.0,24.0,7.831110966669878,62.43437499433097,
1923,360.95837,35.61957043884121,78.25740839642071,108.63111144311034,28.0,0.8808,276.0,37.0,128.0,891.0,32.0,176.0,116.0,310.0,43.60841399538352,115,6,49,58,214.0,-11.0,62.0,85.0,175.0,58.0,-39.0,5580.0,131.0,25.0,7.83561289881494,62.43437499433097,
1924,219.4833,42.251278525053245,75.13399390143421,99.0952338789489,28.0,0.8593,276.0,37.0,128.0,891.0,32.0,176.0,116.0,310.0,42.415842926588546,121,10,52,60,214.0,-11.0,62.0,85.0,175.0,58.0,-39.0,5580.0,131.0,25.0,7.840114830960003,62.43437499433097,
1925,91.85579,95.32739393406104,42.14324298550487,131.4537968091249,28.0,0.7858,276.0,37.0,127.0,889.0,32.0,176.0,116.0,310.0,22.86225418634892,117,11,52,59,215.0,-11.0,62.0,85.0,175.0,58.0,-40.0,5587.0,131.0,25.0,7.844616763105064,62.43437499433097,
1926,111.84361,191.59425503046447,43.63425905613224,197.379137955906,28.0,0.7877,273.0,38.0,127.0,876.0,30.0,179.0,114.0,299.0,23.014439903333788,111,3,54,61,218.0,-26.0,63.0,70.0,163.0,44.0,-55.0,5636.0,118.0,11.0,7.898639948845658,62.43437499433097,
1927,133.49689,192.55011384637598,53.7128579099926,192.63020685687795,28.0,0.7929,275.0,41.0,136.0,900.0,29.0,192.0,114.0,302.0,27.382127877119224,104,7,56,63,218.0,-34.0,63.0,60.0,154.0,34.0,-64.0,5577.0,108.0,2.0,7.903141880990721,62.43437499433097,
1928,156.68129,189.90627796316375,54.52966507344677,193.70732592588828,28.0,0.8246,275.0,41.0,136.0,900.0,29.0,192.0,114.0,302.0,28.446333628385414,120,5,60,62,218.0,-34.0,63.0,60.0,154.0,34.0,-64.0,5577.0,108.0,2.0,7.907643813135782,62.43437499433097,
1929,268.1095,187.68847632454924,84.58334920039839,195.64871216590393,29.0,0.7765,280.0,44.0,146.0,938.0,27.0,208.0,115.0,309.0,39.641369363701436,132,4,59,62,217.0,-42.0,63.0,50.0,145.0,25.0,-72.0,5571.0,99.0,-7.0,7.916647677425905,62.43437499433097,
1930,301.5539,188.13079562355156,94.67946201314763,198.3743285888414,28.0,0.7876,285.0,47.0,153.0,967.0,26.0,219.0,116.0,314.0,42.73757722995901,132,9,58,56,219.0,-48.0,63.0,44.0,141.0,20.0,-78.0,5602.0,94.0,-12.0,7.921149609570967,62.43437499433097,
1931,343.37704,189.460721282667,98.58545881370694,199.8683055914172,28.0,0.8037,279.0,45.0,148.0,944.0,27.0,212.0,114.0,309.0,43.859628068934704,135,8,59,59,219.0,-45.0,63.0,48.0,144.0,23.0,-75.0,5623.0,97.0,-9.0,7.925651541716028,62.43437499433097,
1932,389.80594,194.37794766852502,103.78065426735323,208.40703030043466,28.0,0.7514,279.0,45.0,148.0,944.0,27.0,212.0,114.0,309.0,43.96820488933343,131,6,61,60,219.0,-45.0,63.0,48.0,144.0,23.0,-75.0,5623.0,97.0,-9.0,7.930153473861091,62.43437499433097,
1933,445.458,156.0321475344134,109.14884132818922,126.2131106091187,28.0,0.6848,272.0,42.0,139.0,907.0,28.0,200.0,112.0,300.0,50.62662399336428,137,4,61,59,219.0,-40.0,63.0,54.0,150.0,29.0,-69.0,5627.0,103.0,-3.0,7.939157338151141,62.43437499433097,
1934,257.4399,160.9292440596902,75.88445264492407,143.37902369702323,29.0,0.7949,269.0,38.0,127.0,869.0,30.0,182.0,112.0,295.0,38.51468542935855,138,8,59,60,220.0,-30.0,64.0,65.0,160.0,39.0,-60.0,5650.0,114.0,6.0,7.948161202441264,62.43437499433097,
1935,220.55193,176.37821082362126,53.955584508123664,169.85441103522274,28.0,0.8771,268.0,39.0,131.0,878.0,29.0,189.0,111.0,295.0,28.90919398010798,126,6,55,64,221.0,-34.0,64.0,61.0,157.0,35.0,-64.0,5678.0,110.0,2.0,7.952663134586325,62.43437499433097,
1936,218.26079,177.9009943108273,38.62232532767115,176.68230139500676,28.0,0.8599,268.0,39.0,131.0,878.0,29.0,189.0,111.0,295.0,21.043643588971282,134,8,59,64,221.0,-34.0,64.0,61.0,157.0,35.0,-64.0,5678.0,110.0,2.0,7.957165066731387,62.43437499433097,
1937,205.8988,168.9527097631188,54.56272364801332,173.15495362794616,28.0,0.8224,274.0,45.0,147.0,931.0,26.0,211.0,112.0,303.0,27.93037139568735,131,9,57,59,219.0,-45.0,63.0,47.0,144.0,22.0,-75.0,5626.0,97.0,-10.0,7.961666998876449,62.43437499433097,
1938,206.00455,187.972476436583,64.68220318873561,195.47479202193395,28.0,0.8098,274.0,45.0,147.0,931.0,26.0,211.0,112.0,303.0,32.09248028588495,129,7,56,59,219.0,-45.0,63.0,47.0,144.0,22.0,-75.0,5626.0,97.0,-10.0,7.96616893102151,62.43437499433097,
1939,252.77277,203.54375492842425,68.9928354543767,219.68871422484975,29.0,0.81375,283.0,48.0,158.0,975.0,25.0,226.0,115.0,313.0,33.73636511986867,132,5,56,63,220.0,-52.0,64.0,39.0,137.0,15.0,-83.0,5604.0,90.0,-16.0,7.970670863166572,62.43437499433097,
1940,317.48737,204.12225288219855,80.09882911662099,219.75895478233483,28.0,0.7576,303.0,54.0,178.0,1063.0,24.0,252.0,122.0,335.0,38.16151095620873,111,6,55,58,218.0,-64.0,63.0,26.0,124.0,3.0,-94.0,5543.0,77.0,-27.0,7.975172795311562,62.43437499433097,
1941,958.2117,108.97392719513866,28.209268522238908,107.12171195502653,28.0,0.7558,226.0,45.0,154.0,901.0,23.0,255.0,94.0,277.0,25.72809114533155,123,4,56,63,256.0,-73.0,72.0,-5.0,148.0,6.0,-108.0,6527.0,93.0,84.0,8.880061156467281,62.43437499433097,
1942,884.9444,104.78950965875981,13.128019502792545,140.68600246136967,28.0,0.7773,224.0,45.0,154.0,896.0,23.0,253.0,94.0,275.0,13.483651079173603,119,4,56,59,256.0,-72.0,73.0,-4.0,149.0,8.0,-107.0,6517.0,94.0,85.0,8.884563088612342,62.43437499433097,
1943,938.85614,296.3908354560039,46.499273089874876,250.6525751599458,28.0,0.7067,246.0,51.0,175.0,986.0,21.0,283.0,103.0,302.0,36.58224838753067,143,3,58,51,249.0,-89.0,71.0,-28.0,124.0,-14.0,-125.0,6269.0,70.0,61.0,8.90257081719259,62.43437499433097,
1944,594.1505,250.75784368328786,52.36051947732782,210.99458445553938,28.0,0.77,366.0,57.0,188.0,1201.0,28.0,248.0,149.0,400.0,30.89061782966796,133,6,55,58,199.0,-41.0,57.0,41.0,131.0,20.0,-68.0,5104.0,88.0,-7.0,7.506449003149017,62.432291660997834,
1945,631.1934,270.8296060639128,58.64091559229395,194.32580803609662,29.0,0.8372,371.0,59.0,195.0,1224.0,27.0,255.0,151.0,405.0,31.85103659880863,117,7,59,58,199.0,-45.0,58.0,36.0,127.0,16.0,-72.0,5119.0,85.0,-12.0,7.510950621741409,62.432291660997834,
1946,644.3193,182.011417892159,63.83055314826577,178.38313314481016,29.0,0.8244,371.0,59.0,195.0,1224.0,27.0,255.0,151.0,405.0,33.20298562205376,118,6,53,56,199.0,-45.0,58.0,36.0,127.0,16.0,-72.0,5119.0,85.0,-12.0,7.515452240333801,62.432291660997834,
1947,634.84424,99.557982515158,65.71476954679433,168.33139201983397,29.0,0.8211,366.0,58.0,191.0,1208.0,27.0,251.0,149.0,401.0,33.123820598215225,114,9,46,52,199.0,-43.0,58.0,38.0,128.0,18.0,-71.0,5122.0,86.0,-10.0,7.5199538589261925,62.432291660997834,
1948,609.66345,25.5116912302305,64.96487682767732,154.94562296569933,29.0,0.8344,366.0,58.0,191.0,1208.0,27.0,251.0,149.0,401.0,33.00963598909768,111,10,51,55,199.0,-43.0,58.0,38.0,128.0,18.0,-71.0,5122.0,86.0,-10.0,7.524455477518584,62.432291660997834,
1949,569.661,33.43071472551181,51.95321550281129,163.72369901369993,29.0,0.85455,356.0,55.0,181.0,1166.0,28.0,239.0,146.0,391.0,25.760553773151436,112,13,51,56,200.0,-39.0,58.0,44.0,134.0,23.0,-66.0,5175.0,92.0,-5.0,7.528957096110976,62.432291660997834,
1950,549.65015,200.92825171720352,36.88861313139785,179.7975330075497,29.0,0.8484,358.0,55.0,184.0,1175.0,28.0,243.0,146.0,391.0,19.75115252306457,99,7,51,59,200.0,-40.0,58.0,41.0,132.0,21.0,-68.0,5139.0,90.0,-7.0,7.533458714703367,62.432291660997834,
1951,575.07184,330.304354284607,30.16431195129314,203.60353526272226,29.0,0.8452,358.0,55.0,184.0,1175.0,28.0,243.0,146.0,391.0,17.705241347789237,111,6,51,59,200.0,-40.0,58.0,41.0,132.0,21.0,-68.0,5139.0,90.0,-7.0,7.537960333295759,62.432291660997834,
1952,611.7255,317.6430714925966,26.035422778526154,213.74839871908472,29.0,0.85075,376.0,62.0,203.0,1255.0,26.0,269.0,152.0,410.0,16.648962911339297,114,5,52,57,200.0,-52.0,58.0,29.0,120.0,9.0,-80.0,5120.0,77.0,-18.0,7.542461951888151,62.432291660997834,
1953,670.95264,280.1237613695017,25.38553035166854,227.1607592246507,29.0,0.8276,376.0,62.0,203.0,1255.0,26.0,269.0,152.0,410.0,22.582594661853385,117,6,50,57,200.0,-52.0,58.0,29.0,120.0,9.0,-80.0,5120.0,77.0,-18.0,7.54696357048047,62.432291660997834,
1954,528.1065,28.768172376018647,75.0915080755126,134.24183432646765,28.0,0.8361,281.0,41.0,137.0,918.0,29.0,194.0,117.0,310.0,32.38196018876324,109,10,57,54,214.0,-32.0,62.0,60.0,154.0,35.0,-60.0,5533.0,109.0,4.0,7.835067160393037,62.432291660997834,
1955,426.97794,38.2570226290008,85.24167583703114,103.73785920757187,28.0,0.8313,281.0,41.0,137.0,918.0,29.0,194.0,117.0,310.0,43.61296042840311,132,7,51,55,214.0,-32.0,62.0,60.0,154.0,35.0,-60.0,5533.0,109.0,4.0,7.839568778985429,62.432291660997834,
1956,69.33695,186.7935907336442,17.509539237219254,181.35705611109768,29.0,0.7743,271.0,36.0,124.0,873.0,32.0,175.0,114.0,303.0,3.8878801683193327,102,7,48,64,217.0,-13.0,63.0,82.0,175.0,56.0,-42.0,5614.0,130.0,24.0,7.884584964909274,62.432291660997834,
1957,71.306206,217.48963409314814,5.156303251178794,181.2432621172115,29.0,0.77835,271.0,36.0,124.0,873.0,32.0,175.0,114.0,303.0,2.3782091830909082,70,9,48,60,217.0,-13.0,63.0,82.0,175.0,56.0,-42.0,5614.0,130.0,24.0,7.8890865835016655,62.432291660997834,
1958,77.118576,242.86796307421045,4.853886525385784,192.5874521419057,28.0,0.7764,271.0,36.0,124.0,873.0,32.0,175.0,114.0,303.0,6.4086937567291224,60,5,51,59,218.0,-14.0,63.0,83.0,175.0,56.0,-43.0,5643.0,130.0,23.0,7.893588202094056,62.432291660997834,
1959,84.209465,178.74420263537257,5.0279083607071104,179.12934028018296,28.0,0.77905,271.0,36.0,124.0,873.0,32.0,175.0,114.0,303.0,4.4936483435891015,98,3,51,63,218.0,-14.0,63.0,83.0,175.0,56.0,-43.0,5643.0,130.0,23.0,7.898089820686376,62.432291660997834,
1960,86.04154,153.0204979231762,7.121948275376068,181.08103894594467,28.0,0.75415,269.0,36.0,124.0,869.0,31.0,175.0,113.0,301.0,5.902117485913663,121,5,60,62,219.0,-14.0,63.0,83.0,176.0,56.0,-43.0,5655.0,131.0,23.0,7.902591439278768,62.432291660997834,
1961,91.1482,196.12057508626737,11.439454104289526,183.35778975474253,28.0,0.726,269.0,36.0,124.0,869.0,31.0,175.0,113.0,301.0,6.660841343342058,118,5,57,62,219.0,-14.0,63.0,83.0,176.0,56.0,-43.0,5655.0,131.0,23.0,7.907093057871161,62.432291660997834,
1962,103.05294,214.9358953897859,23.266159034695445,193.43337793401707,28.0,0.76115,269.0,36.0,124.0,866.0,31.0,174.0,113.0,300.0,11.660736302578403,99,1,58,63,219.0,-14.0,63.0,83.0,176.0,56.0,-43.0,5665.0,131.0,23.0,7.911594676463553,62.432291660997834,
1963,118.23162,181.5848601024593,37.69803524681266,188.05631136925658,28.0,0.8127,269.0,36.0,124.0,866.0,31.0,174.0,113.0,300.0,18.06739891509434,110,0,54,66,219.0,-14.0,63.0,83.0,176.0,56.0,-43.0,5665.0,131.0,23.0,7.916096295055943,62.432291660997834,
1964,136.48517,197.58744830573755,43.48867534837842,198.6885238746849,28.0,0.824,269.0,36.0,124.0,866.0,31.0,174.0,113.0,300.0,22.619104773087855,126,6,58,64,219.0,-15.0,63.0,82.0,175.0,55.0,-44.0,5643.0,129.0,22.0,7.920597913648335,62.432291660997834,
1965,175.60953,201.56291567435161,49.02573200670007,210.67237924224543,28.0,0.8558,268.0,36.0,124.0,863.0,32.0,174.0,113.0,299.0,27.604285513066966,121,10,60,63,219.0,-15.0,63.0,82.0,175.0,55.0,-44.0,5661.0,129.0,22.0,7.9250995322407265,62.432291660997834,
1966,223.52032,192.65381900132817,58.69171643976697,200.46477939487244,28.0,0.84,268.0,36.0,124.0,863.0,32.0,174.0,113.0,299.0,31.66182202969754,126,10,60,64,219.0,-15.0,63.0,82.0,175.0,55.0,-44.0,5661.0,129.0,22.0,7.92960115083312,62.432291660997834,
1967,240.70027,177.20436345623725,92.68090686167243,176.08748768577237,28.0,0.8012,268.0,36.0,124.0,862.0,31.0,174.0,113.0,298.0,40.259844896338635,116,7,59,63,220.0,-16.0,63.0,82.0,175.0,55.0,-45.0,5668.0,129.0,21.0,7.934102769425511,62.432291660997834,
1968,223.0851,165.52303685249038,76.5020886362952,151.9231594200224,28.0,0.7913,268.0,36.0,124.0,862.0,31.0,174.0,113.0,298.0,37.77332551021336,112,7,59,62,220.0,-16.0,63.0,82.0,175.0,55.0,-45.0,5668.0,129.0,21.0,7.938604388017831,62.432291660997834,
1969,165.27727,156.41772090097956,50.52044689840663,145.90405399896454,28.0,0.81705,268.0,36.0,123.0,858.0,31.0,173.0,113.0,297.0,27.533679154415196,117,7,61,64,221.0,-17.0,64.0,80.0,175.0,53.0,-46.0,5681.0,128.0,20.0,7.943106006610222,62.432291660997834,
1970,140.1452,201.68789316517837,28.58194569785824,175.1799457345306,28.0,0.8247,268.0,36.0,123.0,858.0,31.0,173.0,113.0,297.0,13.303785251545701,124,5,54,62,221.0,-17.0,64.0,80.0,175.0,53.0,-46.0,5681.0,128.0,20.0,7.947607625202614,62.432291660997834,
1971,147.51083,226.99099689949568,15.138344498655746,194.61235422014795,28.0,0.83425,267.0,36.0,123.0,857.0,31.0,173.0,112.0,296.0,8.294360266011118,133,7,54,63,221.0,-17.0,64.0,81.0,175.0,53.0,-46.0,5685.0,128.0,20.0,7.952109243795006,62.432291660997834,
1972,157.83786,167.06834664178163,17.920797914119337,172.83169211110402,28.0,0.8447,267.0,36.0,123.0,857.0,31.0,173.0,112.0,296.0,11.276498250914033,130,5,61,63,221.0,-17.0,64.0,81.0,175.0,53.0,-46.0,5685.0,128.0,20.0,7.9566108623873975,62.432291660997834,
1973,145.37767,158.33466510931606,14.91583023187913,170.67783519912126,29.0,0.83335,267.0,35.0,121.0,852.0,31.0,172.0,112.0,294.0,8.701256980875153,127,4,55,63,220.0,-18.0,64.0,80.0,173.0,53.0,-47.0,5704.0,128.0,19.0,7.961112480979789,62.432291660997834,
1974,133.4976,177.4439832563838,12.234845510441007,179.8170755341293,29.0,0.85495,267.0,35.0,121.0,852.0,31.0,172.0,112.0,294.0,5.939988063402803,107,7,58,62,220.0,-18.0,64.0,80.0,173.0,53.0,-47.0,5704.0,128.0,19.0,7.965614099572181,62.432291660997834,
1975,158.79214,229.48295492539575,22.020258651313185,213.2517147372548,28.0,0.84645,266.0,35.0,122.0,854.0,31.0,173.0,112.0,295.0,14.570475297173873,114,8,54,64,222.0,-18.0,64.0,81.0,175.0,53.0,-47.0,5710.0,128.0,20.0,7.970115718164572,62.432291660997834,
1976,203.89688,207.86398288475885,34.458134057933705,209.3831460911503,28.0,0.8336,266.0,35.0,122.0,854.0,31.0,173.0,112.0,295.0,20.534897113685815,121,7,56,64,222.0,-18.0,64.0,81.0,175.0,53.0,-47.0,5710.0,128.0,20.0,7.974617336756892,62.432291660997834,
1977,309.41336,223.67969660728497,83.50042216917784,234.8826897502498,28.0,0.7876,266.0,35.0,121.0,851.0,32.0,172.0,112.0,294.0,48.92852830302396,122,7,59,65,221.0,-19.0,64.0,80.0,173.0,52.0,-48.0,5732.0,127.0,19.0,7.979118955349283,62.432291660997834,
1978,527.96826,192.25475252510435,113.0454748649408,195.88075704221413,28.0,0.71935,261.0,39.0,129.0,861.0,29.0,187.0,108.0,288.0,49.1156170664388,107,13,52,59,223.0,-35.0,64.0,62.0,158.0,35.0,-65.0,5748.0,111.0,2.0,7.983620573941675,62.432291660997834,
1979,560.96277,200.90379774771162,82.32854313377081,216.15967697290088,28.0,0.7815,261.0,39.0,129.0,861.0,29.0,187.0,108.0,288.0,37.66637464622126,115,13,51,56,223.0,-35.0,64.0,62.0,158.0,35.0,-65.0,5748.0,111.0,2.0,7.988122192534068,62.432291660997834,
1980,634.87695,199.83894797094314,75.12874247417773,215.7072666891194,29.0,0.72895,284.0,49.0,162.0,986.0,25.0,232.0,115.0,314.0,39.82051622807023,98,13,52,54,220.0,-57.0,64.0,36.0,133.0,11.0,-87.0,5635.0,86.0,-20.0,7.9926238111264585,62.432291660997834,
1981,941.56885,103.34046348562954,19.877865038670542,118.12708877355203,28.0,0.7596,224.0,45.0,154.0,897.0,23.0,254.0,94.0,276.0,20.989065812186446,126,7,59,57,256.0,-73.0,72.0,-6.0,148.0,6.0,-108.0,6543.0,93.0,84.0,8.879442673825972,62.432291660997834,
1982,881.9847,84.20138994275736,8.865088541587026,151.02608407473588,28.0,0.7728,223.0,45.0,154.0,895.0,23.0,253.0,94.0,275.0,9.723997895167273,124,7,57,58,256.0,-73.0,73.0,-5.0,148.0,7.0,-108.0,6499.0,93.0,84.0,8.883944292418363,62.432291660997834,
1983,865.5787,33.4919882675195,3.3446981023498563,177.6542745419199,28.0,0.772,223.0,45.0,154.0,895.0,23.0,253.0,94.0,275.0,2.1819341415859763,129,7,58,59,256.0,-73.0,73.0,-5.0,148.0,7.0,-108.0,6499.0,93.0,84.0,8.888445911010756,62.432291660997834,
1984,857.62756,66.16484369377028,3.322393174311259,170.69984484080803,28.0,0.7294,233.0,47.0,163.0,935.0,22.0,268.0,97.0,287.0,3.4697432820585052,129,3,57,57,252.0,-82.0,72.0,-17.0,135.0,-4.0,-117.0,6418.0,81.0,72.0,8.892947529603147,62.432291660997834,
1985,973.7197,281.35170317219877,43.89664727947944,254.43166084295098,28.0,0.70365,254.0,53.0,182.0,1016.0,21.0,292.0,106.0,310.0,40.554903614435716,141,6,58,55,248.0,-94.0,70.0,-34.0,118.0,-20.0,-130.0,6246.0,64.0,55.0,8.901950766787932,62.432291660997834,
1986,792.11566,220.180810946121,62.83823996818029,189.174365973124,29.0,0.7441,366.0,58.0,191.0,1208.0,27.0,251.0,149.0,401.0,34.54781058893462,120,9,51,55,199.0,-43.0,58.0,38.0,128.0,18.0,-71.0,5122.0,86.0,-10.0,7.519430152089325,62.43020832766468,
1987,781.60254,37.63706465697479,82.92350543796763,159.92122516082742,29.0,0.7631,366.0,58.0,191.0,1208.0,27.0,251.0,149.0,401.0,40.78908507642479,116,0,46,57,199.0,-43.0,58.0,38.0,128.0,18.0,-71.0,5122.0,86.0,-10.0,7.523931457178672,62.43020832766468,
1988,735.9026,22.625179809891502,83.60338378758458,149.29143908549884,29.0,0.83215,356.0,55.0,181.0,1166.0,28.0,239.0,146.0,391.0,41.69975981813435,129,14,50,54,200.0,-39.0,58.0,44.0,134.0,23.0,-66.0,5175.0,92.0,-5.0,7.528432762268019,62.43020832766468,
1989,668.2369,82.9587826235426,66.94860570017788,154.97114144288338,29.0,0.8028,356.0,55.0,181.0,1166.0,28.0,239.0,146.0,391.0,33.68731144231445,121,9,53,56,200.0,-39.0,58.0,44.0,134.0,23.0,-66.0,5175.0,92.0,-5.0,7.532934067357365,62.43020832766468,
1990,664.5908,212.5232914068319,61.09269855732237,188.18063309081086,29.0,0.83485,358.0,55.0,184.0,1175.0,28.0,243.0,146.0,391.0,30.03046385016439,114,0,49,57,200.0,-40.0,58.0,41.0,132.0,21.0,-68.0,5139.0,90.0,-7.0,7.537435372446712,62.43020832766468,
1991,675.40234,275.21868743890207,49.134856491533995,190.9624597686401,29.0,0.83915,376.0,62.0,203.0,1255.0,26.0,269.0,152.0,410.0,25.298087589184725,124,0,50,57,200.0,-52.0,58.0,29.0,120.0,9.0,-80.0,5120.0,77.0,-18.0,7.541936677536059,62.43020832766468,
1992,708.2715,325.5303942288362,40.776882381352245,212.33896838093,29.0,0.71045,376.0,62.0,203.0,1255.0,26.0,269.0,152.0,410.0,24.542498220346715,130,0,50,59,200.0,-52.0,58.0,29.0,120.0,9.0,-80.0,5120.0,77.0,-18.0,7.546437982625333,62.43020832766468,
1993,456.52313,43.98023123347073,83.84857405746901,93.59260325686444,28.0,0.8461,275.0,37.0,126.0,883.0,32.0,175.0,115.0,306.0,44.50342121709329,122,11,58,57,215.0,-14.0,62.0,80.0,172.0,54.0,-43.0,5559.0,127.0,22.0,7.8435241185217075,62.43020832766468,
1994,113.364296,46.94562526531921,49.885486281254565,124.19994643415133,29.0,0.8657,273.0,37.0,126.0,880.0,32.0,175.0,115.0,306.0,29.519568912268006,131,10,52,60,215.0,-12.0,63.0,83.0,174.0,57.0,-41.0,5564.0,129.0,24.0,7.8525267287004,62.43020832766468,
1995,74.781425,247.8670493724909,16.850895667102304,180.14741354870492,29.0,0.871,273.0,37.0,126.0,880.0,32.0,175.0,115.0,306.0,7.268891303698726,112,6,55,62,215.0,-12.0,63.0,83.0,174.0,57.0,-41.0,5564.0,129.0,24.0,7.857028033789674,62.43020832766468,
1996,132.26581,303.9269809929234,53.39320234201049,231.36301593454985,29.0,0.8052,273.0,36.0,124.0,870.0,32.0,174.0,115.0,302.0,32.283669321827674,81,9,58,63,217.0,-18.0,63.0,77.0,170.0,51.0,-47.0,5625.0,125.0,18.0,7.875033254147061,62.43020832766468,
1997,194.57777,134.2255132681058,62.40642253237182,178.13434035158522,29.0,0.7943,273.0,36.0,124.0,870.0,32.0,174.0,115.0,302.0,33.60108329512594,95,10,50,65,217.0,-18.0,63.0,77.0,170.0,51.0,-47.0,5625.0,125.0,18.0,7.879534559236407,62.43020832766468,
1998,159.0549,28.575663972218596,61.56076050045823,139.25429003528996,29.0,0.8258,271.0,36.0,124.0,873.0,32.0,175.0,114.0,303.0,35.50698210316273,88,9,51,64,217.0,-13.0,63.0,82.0,175.0,56.0,-42.0,5614.0,130.0,24.0,7.884035864325754,62.43020832766468,
1999,96.77592,78.89170267626251,44.624218604066186,152.41105437245474,29.0,0.8298,271.0,36.0,124.0,873.0,32.0,175.0,114.0,303.0,23.041091181628854,97,8,48,63,217.0,-13.0,63.0,82.0,175.0,56.0,-42.0,5614.0,130.0,24.0,7.888537169415099,62.43020832766468,
2000,79.29619,200.07750850174406,16.136128884608564,180.14686307106462,28.0,0.83715,271.0,36.0,124.0,873.0,32.0,175.0,114.0,303.0,6.182099735234035,129,14,48,61,218.0,-14.0,63.0,83.0,175.0,56.0,-43.0,5643.0,130.0,23.0,7.893038474504446,62.43020832766468,
2001,83.02635,218.906755478671,5.063571022937659,186.24822451085262,28.0,0.8267,271.0,36.0,124.0,873.0,32.0,175.0,114.0,303.0,5.045901239280498,125,9,51,63,218.0,-14.0,63.0,83.0,175.0,56.0,-43.0,5643.0,130.0,23.0,7.89753977959372,62.43020832766468,
2002,89.30262,186.55846879317826,3.535892564545177,184.08777539627735,28.0,0.76105,269.0,36.0,124.0,869.0,31.0,175.0,113.0,301.0,5.180563070493405,107,0,51,62,219.0,-14.0,63.0,83.0,176.0,56.0,-43.0,5655.0,131.0,23.0,7.902041084683069,62.43020832766468,
2003,98.49536,212.69739306209627,7.292347661991154,189.5367342240109,28.0,0.71645,269.0,36.0,124.0,869.0,31.0,175.0,113.0,301.0,8.881865355763606,132,5,58,60,219.0,-14.0,63.0,83.0,176.0,56.0,-43.0,5655.0,131.0,23.0,7.906542389772415,62.43020832766468,
2004,95.98375,167.9621716651899,5.30044448411546,178.94477863238578,28.0,0.7233,269.0,36.0,124.0,866.0,31.0,174.0,113.0,300.0,6.519270332705648,133,4,60,60,219.0,-14.0,63.0,83.0,176.0,56.0,-43.0,5665.0,131.0,23.0,7.911043694861762,62.43020832766468,
2005,104.35996,178.09184502789387,5.061743681526527,187.02397668183605,28.0,0.7757,269.0,36.0,124.0,866.0,31.0,174.0,113.0,300.0,8.419152768160128,118,3,55,65,219.0,-14.0,63.0,83.0,176.0,56.0,-43.0,5665.0,131.0,23.0,7.915544999951107,62.43020832766468,
2006,104.59124,174.76729734771638,5.141413013353763,179.57159784588978,28.0,0.7914,269.0,36.0,124.0,866.0,31.0,174.0,113.0,300.0,5.009211671225964,116,2,55,65,219.0,-15.0,63.0,82.0,175.0,55.0,-44.0,5643.0,129.0,22.0,7.920046305040455,62.43020832766468,
2007,109.63357,206.35561535639724,12.363709804803323,187.61435433515499,28.0,0.78845,269.0,36.0,124.0,866.0,31.0,174.0,113.0,300.0,5.59626929906686,94,3,60,64,219.0,-15.0,63.0,82.0,175.0,55.0,-44.0,5643.0,129.0,22.0,7.9245476101298005,62.43020832766468,
2008,122.570724,209.61282290510607,22.61888517163315,186.28097004911598,28.0,0.80515,268.0,36.0,124.0,863.0,32.0,174.0,113.0,299.0,9.496526699516206,107,4,59,67,219.0,-15.0,63.0,82.0,175.0,55.0,-44.0,5661.0,129.0,22.0,7.929048915219149,62.43020832766468,
2009,122.32447,167.49655399501032,23.767297635706,176.08331805610368,28.0,0.824,268.0,36.0,124.0,862.0,31.0,174.0,113.0,298.0,9.344825127665738,119,5,58,65,220.0,-16.0,63.0,82.0,175.0,55.0,-45.0,5668.0,129.0,21.0,7.933550220308494,62.43020832766468,
2010,120.05276,181.53930143670317,21.284124748453657,178.67039059186334,28.0,0.8205,268.0,36.0,124.0,862.0,31.0,174.0,113.0,298.0,7.863525272933221,92,3,59,65,220.0,-16.0,63.0,82.0,175.0,55.0,-45.0,5668.0,129.0,21.0,7.938051525397769,62.43020832766468,
2011,119.01415,197.06038103171608,9.103819808239209,181.54732442569542,28.0,0.8033,268.0,36.0,123.0,858.0,31.0,173.0,113.0,297.0,3.608064841732682,70,1,57,65,221.0,-17.0,64.0,80.0,175.0,53.0,-46.0,5681.0,128.0,20.0,7.942552830487116,62.43020832766468,
2012,127.458305,193.12870487975414,6.5645097571300655,182.9106702657146,28.0,0.7632,268.0,36.0,123.0,858.0,31.0,173.0,113.0,297.0,8.441590123489854,111,2,52,65,221.0,-17.0,64.0,80.0,175.0,53.0,-46.0,5681.0,128.0,20.0,7.947054135576462,62.43020832766468,
2013,134.56042,224.5894958399612,8.18158288967607,195.03531418045858,28.0,0.75055,267.0,36.0,123.0,857.0,31.0,173.0,112.0,296.0,7.1578167638675545,109,5,56,65,221.0,-17.0,64.0,81.0,175.0,53.0,-46.0,5685.0,128.0,20.0,7.951555440665809,62.43020832766468,
2014,138.069,117.32614826235233,7.674736272408407,168.26909770948254,28.0,0.76655,267.0,36.0,123.0,857.0,31.0,173.0,112.0,296.0,6.099386234089893,113,6,57,65,221.0,-17.0,64.0,81.0,175.0,53.0,-46.0,5685.0,128.0,20.0,7.956056745755156,62.43020832766468,
2015,124.48151,173.17377290731335,3.732540479146341,180.24059922007456,29.0,0.78575,267.0,35.0,121.0,852.0,31.0,172.0,112.0,294.0,1.8571206844035928,109,5,55,63,220.0,-18.0,64.0,80.0,173.0,53.0,-47.0,5704.0,128.0,19.0,7.965059355933849,62.43020832766468,
2016,158.52678,197.15213510305998,39.46380117368679,201.34376069473055,28.0,0.79655,266.0,35.0,121.0,851.0,32.0,172.0,112.0,294.0,19.96641403360055,124,10,53,64,221.0,-19.0,64.0,80.0,173.0,52.0,-48.0,5732.0,127.0,19.0,7.978563271201817,62.43020832766468,
2017,219.22893,195.8226641140123,99.8722057815508,207.3059743708513,28.0,0.75965,266.0,35.0,121.0,851.0,32.0,172.0,112.0,294.0,41.065952223650406,125,3,57,62,221.0,-19.0,64.0,80.0,173.0,52.0,-48.0,5732.0,127.0,19.0,7.983064576291163,62.43020832766468,
2018,358.84555,202.12522688062217,117.34352522081933,223.33574520161403,28.0,0.7787,261.0,39.0,129.0,861.0,29.0,187.0,108.0,288.0,49.6642860003792,93,17,51,59,223.0,-35.0,64.0,62.0,158.0,35.0,-65.0,5748.0,111.0,2.0,7.987565881380512,62.43020832766468,
2019,477.8956,207.77946682904195,85.63516614638816,227.7716680045056,29.0,0.77615,284.0,49.0,162.0,986.0,25.0,232.0,115.0,314.0,35.76119139097663,92,13,53,56,220.0,-57.0,64.0,36.0,133.0,11.0,-87.0,5635.0,86.0,-20.0,7.992067186469857,62.43020832766468,
2020,557.2457,197.34872037626337,103.96916930640394,183.2660734019293,29.0,0.71585,284.0,49.0,162.0,986.0,25.0,232.0,115.0,314.0,51.448827197230834,93,14,48,56,220.0,-57.0,64.0,36.0,133.0,11.0,-87.0,5635.0,86.0,-20.0,7.996568491559204,62.43020832766468,
2021,891.89624,77.02812703031742,8.46770855806845,152.6883323995245,28.0,0.7572,224.0,45.0,154.0,897.0,23.0,254.0,94.0,276.0,9.383757896570819,131,6,58,57,256.0,-73.0,72.0,-6.0,148.0,6.0,-108.0,6543.0,93.0,84.0,8.883325594158832,62.43020832766468,
2022,872.6651,86.66336395724359,3.3029831307858992,173.64721276154643,28.0,0.7555,223.0,45.0,154.0,895.0,23.0,253.0,94.0,275.0,2.9044114080600454,137,6,56,58,256.0,-73.0,73.0,-5.0,148.0,7.0,-108.0,6499.0,93.0,84.0,8.887826899248177,62.43020832766468,
2023,860.2962,111.83228405861617,3.1572789524755307,170.1156212958882,28.0,0.7184,233.0,47.0,163.0,935.0,22.0,268.0,97.0,287.0,3.9259594863913674,129,5,58,55,252.0,-82.0,72.0,-17.0,135.0,-4.0,-117.0,6418.0,81.0,72.0,8.892328204337524,62.43020832766468,
2024,972.94086,274.13127322378523,39.921964042252824,253.50885422986207,28.0,0.7181,254.0,53.0,182.0,1016.0,21.0,292.0,106.0,310.0,39.6467196736598,138,3,58,53,248.0,-94.0,70.0,-34.0,118.0,-20.0,-130.0,6246.0,64.0,55.0,8.901330814516218,62.43020832766468,
2025,155.8788,54.07760028727985,53.745042787941706,137.151959004936,29.0,0.8654,273.0,37.0,126.0,880.0,32.0,175.0,115.0,306.0,30.97482048135185,99,5,56,59,215.0,-12.0,63.0,83.0,174.0,57.0,-41.0,5564.0,129.0,24.0,7.8564809008248915,62.42812499433154,
2026,107.92691,51.193722242818794,29.362481597451318,153.22759807191477,28.0,0.8347,273.0,37.0,126.0,879.0,32.0,175.0,115.0,306.0,16.69077606033126,124,0,53,59,215.0,-13.0,62.0,83.0,173.0,56.0,-42.0,5579.0,129.0,23.0,7.860981892460806,62.42812499433154,
2027,87.40682,214.70225024405713,21.90898278128081,183.85569625082672,28.0,0.83035,273.0,37.0,126.0,879.0,32.0,175.0,115.0,306.0,9.71140614584314,123,0,55,59,215.0,-13.0,62.0,83.0,173.0,56.0,-42.0,5579.0,129.0,23.0,7.86548288409672,62.42812499433154,
2028,114.71068,284.0390105379245,39.18500641279961,219.0882479996892,28.0,0.7992,274.0,37.0,125.0,875.0,32.0,176.0,115.0,302.0,24.040398171719414,119,0,56,58,217.0,-22.0,62.0,73.0,166.0,46.0,-51.0,5616.0,120.0,14.0,7.869983875732638,62.42812499433154,
2029,257.5918,315.86990793472285,72.82265192792603,231.88299417664544,28.0,0.7853,274.0,37.0,125.0,875.0,32.0,176.0,115.0,302.0,40.88040918402312,133,0,56,60,217.0,-22.0,62.0,73.0,166.0,46.0,-51.0,5616.0,120.0,14.0,7.874484867368552,62.42812499433154,
2030,317.00436,136.1266192783193,47.72761617851124,183.16388551267366,29.0,0.7798,273.0,36.0,124.0,870.0,32.0,174.0,115.0,302.0,27.379002562124708,114,9,55,63,217.0,-18.0,63.0,77.0,170.0,51.0,-47.0,5625.0,125.0,18.0,7.878985859004468,62.42812499433154,
2031,305.735,103.55484428612056,49.462097764918695,168.54555188667482,29.0,0.8012,271.0,36.0,124.0,873.0,32.0,175.0,114.0,303.0,26.555577603527876,85,11,48,63,217.0,-13.0,63.0,82.0,175.0,56.0,-42.0,5614.0,130.0,24.0,7.883486850640382,62.42812499433154,
2032,262.05527,26.250083103381087,68.75710276896982,131.37411257135895,29.0,0.86245,271.0,36.0,124.0,873.0,32.0,175.0,114.0,303.0,37.18287295400815,96,9,48,60,217.0,-13.0,63.0,82.0,175.0,56.0,-42.0,5614.0,130.0,24.0,7.887987842276297,62.42812499433154,
2033,165.00357,28.084288451244383,61.049420465491224,130.76751606244187,28.0,0.8563,271.0,36.0,124.0,873.0,32.0,175.0,114.0,303.0,35.33581901990068,109,12,51,61,218.0,-14.0,63.0,83.0,175.0,56.0,-43.0,5643.0,130.0,23.0,7.892488833912212,62.42812499433154,
2034,116.9413,81.05930382602318,42.87112755262636,162.39811891015904,28.0,0.7862,271.0,36.0,124.0,873.0,32.0,175.0,114.0,303.0,22.513040383311207,122,4,49,65,218.0,-14.0,63.0,83.0,175.0,56.0,-43.0,5643.0,130.0,23.0,7.896989825548054,62.42812499433154,
2035,101.91698,101.99218631364889,25.96211652035926,164.86491522667234,28.0,0.7357,269.0,36.0,124.0,869.0,31.0,175.0,113.0,301.0,14.027944342926194,99,0,54,64,219.0,-14.0,63.0,83.0,176.0,56.0,-43.0,5655.0,131.0,23.0,7.90149081718397,62.42812499433154,
2036,103.25673,258.37783845750255,16.11988905049251,197.22891463905148,28.0,0.7337,269.0,36.0,124.0,869.0,31.0,175.0,113.0,301.0,9.855323043330097,63,1,49,63,219.0,-14.0,63.0,83.0,176.0,56.0,-43.0,5655.0,131.0,23.0,7.905991808819887,62.42812499433154,
2037,111.330215,130.04324418309113,13.724120802031702,165.35091624468043,28.0,0.7368,269.0,36.0,124.0,866.0,31.0,174.0,113.0,300.0,12.141293588634232,103,0,50,61,219.0,-14.0,63.0,83.0,176.0,56.0,-43.0,5665.0,131.0,23.0,7.910492800455801,62.42812499433154,
2038,102.508385,175.1172676939356,7.49638076426958,183.0567827490007,28.0,0.7665,269.0,36.0,124.0,866.0,31.0,174.0,113.0,300.0,6.471665584304475,73,10,45,63,219.0,-14.0,63.0,83.0,176.0,56.0,-43.0,5665.0,131.0,23.0,7.914993792091715,62.42812499433154,
2039,109.18937,240.28520650504865,3.2134840848625097,183.7520781571617,28.0,0.7832,268.0,36.0,124.0,863.0,32.0,174.0,113.0,299.0,2.4294739552837696,113,3,59,61,219.0,-15.0,63.0,82.0,175.0,55.0,-44.0,5661.0,129.0,22.0,7.928496766999462,62.42812499433154,
2040,111.58479,196.5580662521191,3.318069390761046,181.2441811083103,28.0,0.80225,268.0,36.0,124.0,863.0,32.0,174.0,113.0,299.0,2.656276485133903,113,1,58,65,219.0,-15.0,63.0,82.0,175.0,55.0,-44.0,5661.0,129.0,22.0,7.932997758635377,62.42812499433154,
2041,111.9275,196.6902496620684,2.317282344793262,181.10786002377992,28.0,0.78175,268.0,36.0,124.0,862.0,31.0,174.0,113.0,298.0,2.650552587238207,78,0,54,66,220.0,-16.0,63.0,82.0,175.0,55.0,-45.0,5668.0,129.0,21.0,7.937498750271219,62.42812499433154,
2042,113.01142,210.45469155668812,3.14951881287544,183.41749525478835,28.0,0.74275,268.0,36.0,123.0,858.0,31.0,173.0,113.0,297.0,3.1961661519765254,86,3,55,63,221.0,-17.0,64.0,80.0,175.0,53.0,-46.0,5681.0,128.0,20.0,7.941999741907133,62.42812499433154,
2043,116.496376,182.6833241627108,6.276702181786486,178.64629995323952,28.0,0.6975,268.0,36.0,123.0,858.0,31.0,173.0,113.0,297.0,4.704083205070938,110,1,54,61,221.0,-17.0,64.0,80.0,175.0,53.0,-46.0,5681.0,128.0,20.0,7.94650073354305,62.42812499433154,
2044,128.87463,183.76283476310448,18.734264278116477,179.05146319848012,28.0,0.7146,267.0,36.0,123.0,857.0,31.0,173.0,112.0,296.0,10.526470904695904,113,5,50,64,221.0,-17.0,64.0,81.0,175.0,53.0,-46.0,5685.0,128.0,20.0,7.9555027168148795,62.42812499433154,
2045,127.94229,234.32332344723864,18.037993624956858,184.3626557795361,29.0,0.7089,267.0,35.0,121.0,852.0,31.0,172.0,112.0,294.0,7.849902734205186,124,4,53,61,220.0,-18.0,64.0,80.0,173.0,53.0,-47.0,5704.0,128.0,19.0,7.960003708450795,62.42812499433154,
2046,142.68675,286.1360954614553,36.70625549797259,194.76985910264628,29.0,0.7642,267.0,35.0,121.0,852.0,31.0,172.0,112.0,294.0,18.636433918600808,128,4,45,63,220.0,-18.0,64.0,80.0,173.0,53.0,-47.0,5704.0,128.0,19.0,7.964504700086709,62.42812499433154,
2047,122.35531,174.3567024707912,8.282166074970998,180.38756431575632,28.0,0.73525,266.0,35.0,121.0,851.0,32.0,172.0,112.0,294.0,1.7420566646787377,106,8,53,61,221.0,-19.0,64.0,80.0,173.0,52.0,-48.0,5732.0,127.0,19.0,7.978007674994382,62.42812499433154,
2048,210.47269,219.7190666247586,93.09411690669802,229.67117585853828,28.0,0.7503,261.0,39.0,129.0,861.0,29.0,187.0,108.0,288.0,42.94772512851872,104,7,54,61,223.0,-35.0,64.0,62.0,158.0,35.0,-65.0,5748.0,111.0,2.0,7.9915106499021284,62.42812499433154,
2049,857.59985,121.7764447834784,4.702969877647115,168.65608518917233,28.0,0.7153,234.0,44.0,152.0,892.0,23.0,240.0,94.0,268.0,4.827964629588842,121,0,56,53,246.0,-67.0,70.0,-1.0,146.0,10.0,-100.0,6260.0,93.0,56.0,8.567637579298177,62.42812499433154,
2050,986.3675,132.93598787660986,24.42000553066876,143.33967547675593,28.0,0.7582,227.0,46.0,157.0,908.0,22.0,258.0,94.0,279.0,18.523579296727814,133,4,55,56,255.0,-76.0,72.0,-9.0,144.0,3.0,-111.0,6475.0,89.0,80.0,8.873705010539826,62.42812499433154,
2051,944.5455,141.22045689708816,13.554196703933387,154.28841329804817,28.0,0.7417,224.0,45.0,154.0,897.0,23.0,254.0,94.0,276.0,13.747815280253002,133,1,56,57,256.0,-73.0,72.0,-6.0,148.0,6.0,-108.0,6543.0,93.0,84.0,8.878206002175743,62.42812499433154,
2052,913.97003,73.46435871350147,15.788347401493791,151.4639927127843,28.0,0.73375,224.0,45.0,154.0,897.0,23.0,254.0,94.0,276.0,12.809835329781436,136,4,58,56,256.0,-73.0,72.0,-6.0,148.0,6.0,-108.0,6543.0,93.0,84.0,8.882706993811658,62.42812499433154,
2053,873.8328,88.86558042786187,6.838559456098396,160.58028772296598,28.0,0.7359,223.0,45.0,154.0,895.0,23.0,253.0,94.0,275.0,6.8116213491746676,135,4,56,56,256.0,-73.0,73.0,-5.0,148.0,7.0,-108.0,6499.0,93.0,84.0,8.88720798544757,62.42812499433154,
2054,861.5424,74.52105060769621,2.7707823916805814,175.35751380538514,28.0,0.6952,233.0,47.0,163.0,935.0,22.0,268.0,97.0,287.0,2.133653217231974,131,3,59,54,252.0,-82.0,72.0,-17.0,135.0,-4.0,-117.0,6418.0,81.0,72.0,8.891708977083487,62.42812499433154,
2055,940.38165,260.82422238490136,32.99076816364492,247.30730304691795,28.0,0.71095,254.0,53.0,182.0,1016.0,21.0,292.0,106.0,310.0,33.17116731055737,140,5,59,52,248.0,-94.0,70.0,-34.0,118.0,-20.0,-130.0,6246.0,64.0,55.0,8.900710960355317,62.42812499433154,
2056,323.30725,30.11864402410977,81.40152979724208,119.16577958774592,29.0,0.8374,273.0,37.0,126.0,880.0,32.0,175.0,115.0,306.0,43.086668117272794,115,2,48,57,215.0,-12.0,63.0,83.0,174.0,57.0,-41.0,5564.0,129.0,24.0,7.855933854441034,62.426041660998386,
2057,238.12424,121.667356559579,86.21877525876569,159.8218752101817,28.0,0.7992,273.0,37.0,126.0,879.0,32.0,175.0,115.0,306.0,43.028103618674415,96,0,45,58,215.0,-13.0,62.0,83.0,173.0,56.0,-42.0,5579.0,129.0,23.0,7.8604345326731195,62.426041660998386,
2058,202.6071,183.63284391072114,101.82745935717766,178.88502615242106,28.0,0.8045,273.0,37.0,126.0,879.0,32.0,175.0,115.0,306.0,42.64689882923242,129,0,50,57,215.0,-13.0,62.0,83.0,173.0,56.0,-42.0,5579.0,129.0,23.0,7.864935210905204,62.426041660998386,
2059,434.77368,42.669055644025725,79.86252223867233,156.49091945939404,29.0,0.686,273.0,36.0,124.0,870.0,32.0,174.0,115.0,302.0,34.76252476310686,114,7,50,61,217.0,-18.0,63.0,77.0,170.0,51.0,-47.0,5625.0,125.0,18.0,7.8784372456014635,62.426041660998386,
2060,403.71802,149.35166766861548,61.72703690033381,175.6047448357279,29.0,0.786,273.0,36.0,124.0,870.0,32.0,174.0,115.0,302.0,27.826271059170548,126,5,54,60,217.0,-18.0,63.0,77.0,170.0,51.0,-47.0,5625.0,125.0,18.0,7.882937923833548,62.426041660998386,
2061,395.07043,115.95909914278681,48.971663971079366,173.028376891733,29.0,0.81,271.0,36.0,124.0,873.0,32.0,175.0,114.0,303.0,24.51069102311654,107,18,54,60,217.0,-13.0,63.0,82.0,175.0,56.0,-42.0,5614.0,130.0,24.0,7.887438602065635,62.426041660998386,
2062,353.2065,86.36291877880909,82.50795836588888,148.2263368979246,28.0,0.79295,271.0,36.0,124.0,873.0,32.0,175.0,114.0,303.0,40.07890598629868,112,14,61,61,218.0,-14.0,63.0,83.0,175.0,56.0,-43.0,5643.0,130.0,23.0,7.891939280297721,62.426041660998386,
2063,291.1488,21.64215140700834,97.12297041662836,144.6714586010158,28.0,0.8365,271.0,36.0,124.0,873.0,32.0,175.0,114.0,303.0,43.85553271236988,127,0,51,60,218.0,-14.0,63.0,83.0,175.0,56.0,-43.0,5643.0,130.0,23.0,7.896439958529735,62.426041660998386,
2064,235.99776,46.69455505620589,88.36813331855106,145.5837836558837,28.0,0.7974,269.0,36.0,124.0,869.0,31.0,175.0,113.0,301.0,43.41534721932726,126,1,53,61,219.0,-14.0,63.0,83.0,176.0,56.0,-43.0,5655.0,131.0,23.0,7.900940636761821,62.426041660998386,
2065,185.35466,134.3519221642235,60.83483995776727,160.7910215184428,28.0,0.8352,269.0,36.0,124.0,869.0,31.0,175.0,113.0,301.0,32.847841369743264,89,3,51,64,219.0,-14.0,63.0,83.0,176.0,56.0,-43.0,5655.0,131.0,23.0,7.905441314993906,62.426041660998386,
2066,163.66771,31.30307133662311,40.2554853401951,151.39628071473976,28.0,0.83365,269.0,36.0,124.0,866.0,31.0,174.0,113.0,300.0,23.20439701659495,96,8,52,64,219.0,-14.0,63.0,83.0,176.0,56.0,-43.0,5665.0,131.0,23.0,7.909941993225993,62.426041660998386,
2067,141.7759,154.81330616250264,34.53980082095787,176.21425896340625,28.0,0.7975,269.0,36.0,124.0,866.0,31.0,174.0,113.0,300.0,19.709419570239792,97,7,47,62,219.0,-14.0,63.0,83.0,176.0,56.0,-43.0,5665.0,131.0,23.0,7.914442671458079,62.426041660998386,
2068,125.0052,57.443930426029304,30.472766228785357,160.12209702577417,28.0,0.7649,269.0,36.0,124.0,866.0,31.0,174.0,113.0,300.0,16.487860231366774,128,0,49,64,219.0,-15.0,63.0,82.0,175.0,55.0,-44.0,5643.0,129.0,22.0,7.918943349690164,62.426041660998386,
2069,108.60719,262.9948868520977,13.67513695645165,186.36452381075918,28.0,0.7883,268.0,36.0,124.0,863.0,32.0,174.0,113.0,299.0,6.643684375851487,100,0,57,66,219.0,-15.0,63.0,82.0,175.0,55.0,-44.0,5661.0,129.0,22.0,7.932445384386423,62.426041660998386,
2070,115.235435,220.1200936119996,11.019668816166115,184.45140060691986,28.0,0.8226,268.0,36.0,124.0,862.0,31.0,174.0,113.0,298.0,5.804593540729707,70,0,57,64,220.0,-16.0,63.0,82.0,175.0,55.0,-45.0,5668.0,129.0,21.0,7.9369460626184365,62.426041660998386,
2071,141.36221,309.9681711740305,29.721908245969907,202.6084208606097,28.0,0.8112,268.0,36.0,123.0,858.0,31.0,173.0,113.0,297.0,17.480708780120377,117,2,51,61,221.0,-17.0,64.0,80.0,175.0,53.0,-46.0,5681.0,128.0,20.0,7.945947419082607,62.426041660998386,
2072,183.48782,335.95163103446777,47.68609890344464,215.62143242731298,28.0,0.8383,267.0,36.0,123.0,857.0,31.0,173.0,112.0,296.0,29.083481667767142,122,3,49,62,221.0,-17.0,64.0,81.0,175.0,53.0,-46.0,5685.0,128.0,20.0,7.950448097314694,62.426041660998386,
2073,211.14482,187.6427840248107,52.05779558036539,186.24221933356174,28.0,0.8264,267.0,36.0,123.0,857.0,31.0,173.0,112.0,296.0,28.477025264546434,119,0,48,62,221.0,-17.0,64.0,81.0,175.0,53.0,-46.0,5685.0,128.0,20.0,7.9549487755467805,62.426041660998386,
2074,219.26085,226.35288506867317,77.0546164098244,196.95700102590024,29.0,0.81005,267.0,35.0,121.0,852.0,31.0,172.0,112.0,294.0,36.00489821521416,139,8,52,59,220.0,-18.0,64.0,80.0,173.0,53.0,-47.0,5704.0,128.0,19.0,7.959449453778865,62.426041660998386,
2075,286.8258,274.7082676820045,90.40483334389384,202.9073893991666,29.0,0.8039,267.0,35.0,121.0,852.0,31.0,172.0,112.0,294.0,41.446177114113,131,8,53,57,220.0,-18.0,64.0,80.0,173.0,53.0,-47.0,5704.0,128.0,19.0,7.963950132010953,62.426041660998386,
2076,279.67215,42.427310596070306,65.55995232200621,152.24716287064052,28.0,0.8293,266.0,35.0,122.0,854.0,31.0,173.0,112.0,295.0,34.64190359452182,120,9,46,57,222.0,-18.0,64.0,81.0,175.0,53.0,-47.0,5710.0,128.0,20.0,7.968450810243038,62.426041660998386,
2077,213.49762,24.177149465492185,55.441074095161945,140.79654169373927,28.0,0.79645,266.0,35.0,122.0,854.0,31.0,173.0,112.0,295.0,32.20768648770103,109,8,47,62,222.0,-18.0,64.0,81.0,175.0,53.0,-47.0,5710.0,128.0,20.0,7.972951488475052,62.426041660998386,
2078,155.87224,50.71223126277607,35.85467209844546,145.8184318698846,28.0,0.747,266.0,35.0,121.0,851.0,32.0,172.0,112.0,294.0,21.620563393039006,120,4,51,61,221.0,-19.0,64.0,80.0,173.0,52.0,-48.0,5732.0,127.0,19.0,7.9774521667071365,62.426041660998386,
2079,133.76137,245.9344553627045,13.21863123087758,206.72423878420202,28.0,0.8088,261.0,39.0,129.0,861.0,29.0,187.0,108.0,288.0,9.285328897437799,114,2,56,64,223.0,-35.0,64.0,62.0,158.0,35.0,-65.0,5748.0,111.0,2.0,7.990954201403396,62.426041660998386,
2080,191.91098,222.58443233043755,44.89269416051914,224.54007184063602,29.0,0.82025,284.0,49.0,162.0,986.0,25.0,232.0,115.0,314.0,23.289451174526864,116,6,55,62,220.0,-57.0,64.0,36.0,133.0,11.0,-87.0,5635.0,86.0,-20.0,7.9954548796354805,62.426041660998386,
2081,735.31104,38.20914861258355,67.68626045291283,109.21958869238084,28.0,0.72785,246.0,38.0,132.0,847.0,27.0,195.0,102.0,278.0,41.19965251131353,122,2,55,54,237.0,-31.0,68.0,75.0,174.0,45.0,-63.0,6077.0,124.0,8.0,8.283498286488475,62.426041660998386,
2082,867.1924,79.44811431697468,9.56642209529049,151.0136780643216,28.0,0.75325,234.0,44.0,152.0,892.0,23.0,240.0,94.0,268.0,9.877893026851064,130,0,54,53,246.0,-67.0,70.0,-1.0,146.0,10.0,-100.0,6260.0,93.0,56.0,8.567041015109309,62.426041660998386,
2083,851.4637,76.22936007239224,1.800563845702069,176.87594045390514,28.0,0.6157,234.0,44.0,152.0,892.0,23.0,240.0,94.0,268.0,1.6227500138786577,113,5,52,56,246.0,-67.0,70.0,-1.0,146.0,10.0,-100.0,6260.0,93.0,56.0,8.571541693341395,62.426041660998386,
2084,1028.1885,180.33025219385667,29.307687354274453,165.00154353308523,28.0,0.7613,233.0,47.0,162.0,932.0,22.0,266.0,97.0,286.0,20.246113080250876,134,4,54,56,252.0,-81.0,72.0,-16.0,136.0,-3.0,-116.0,6398.0,82.0,73.0,8.859585100194389,62.426041660998386,
2085,1019.43994,157.06371146761703,33.596782739662025,176.63555838224516,28.0,0.7627,233.0,47.0,162.0,932.0,22.0,266.0,97.0,286.0,18.67358145505775,136,1,52,57,252.0,-81.0,72.0,-16.0,136.0,-3.0,-116.0,6398.0,82.0,73.0,8.864085778426475,62.426041660998386,
2086,1006.0838,116.44800921619454,38.12018579363587,165.05322601513498,28.0,0.7607,227.0,46.0,157.0,908.0,22.0,258.0,94.0,279.0,22.969006217525205,139,5,53,53,255.0,-76.0,72.0,-9.0,144.0,3.0,-111.0,6475.0,89.0,80.0,8.86858645665856,62.426041660998386,
2087,1006.10706,165.89681896212213,37.33429168073669,182.7059992469727,28.0,0.7799,227.0,46.0,157.0,908.0,22.0,258.0,94.0,279.0,23.892659276203315,137,5,54,56,255.0,-76.0,72.0,-9.0,144.0,3.0,-111.0,6475.0,89.0,80.0,8.873087134890573,62.426041660998386,
2088,994.3598,102.56639667789968,36.05922214566883,171.10682445857336,28.0,0.7584,224.0,45.0,154.0,897.0,23.0,254.0,94.0,276.0,20.778855880691108,152,3,54,56,256.0,-73.0,72.0,-6.0,148.0,6.0,-108.0,6543.0,93.0,84.0,8.87758781312266,62.426041660998386,
2089,960.9774,51.77249658888984,25.564385886856996,136.6062372508137,28.0,0.7525,224.0,45.0,154.0,897.0,23.0,254.0,94.0,276.0,18.29036066186867,145,6,56,56,256.0,-73.0,72.0,-6.0,148.0,6.0,-108.0,6543.0,93.0,84.0,8.882088491354747,62.426041660998386,
2090,898.6094,65.06030362887009,18.016091953109783,139.22930778633543,28.0,0.7582,223.0,45.0,154.0,895.0,23.0,253.0,94.0,275.0,15.609554807617517,143,6,59,54,256.0,-73.0,73.0,-5.0,148.0,7.0,-108.0,6499.0,93.0,84.0,8.886589169586832,62.426041660998386,
2091,868.4174,64.73262610529072,5.0509622176339946,173.4261934061454,28.0,0.7628,223.0,45.0,154.0,895.0,23.0,253.0,94.0,275.0,3.0740168408826967,142,5,59,53,256.0,-73.0,73.0,-5.0,148.0,7.0,-108.0,6499.0,93.0,84.0,8.891089847818918,62.426041660998386,
2092,507.9016,31.663595366001452,66.47820375787035,125.38306953216035,28.0,0.779,300.0,50.0,164.0,1021.0,26.0,231.0,122.0,331.0,36.51614492217924,103,8,53,56,214.0,-51.0,62.0,39.0,134.0,15.0,-80.0,5504.0,88.0,-16.0,7.855386894618575,62.42395832766525,
2093,455.05298,148.13288433093902,84.87990714736729,173.87085030372828,28.0,0.7865,329.0,59.0,191.0,1140.0,24.0,266.0,132.0,360.0,43.743437806522245,98,0,48,55,214.0,-65.0,62.0,21.0,119.0,-1.0,-95.0,5421.0,72.0,-30.0,7.859887259496422,62.42395832766525,
2094,530.2963,151.02173689572942,99.35098812233889,172.69302382811594,28.0,0.8115,286.0,47.0,155.0,973.0,26.0,220.0,117.0,317.0,44.34228197418234,106,5,53,60,218.0,-48.0,63.0,43.0,140.0,19.0,-78.0,5578.0,93.0,-12.0,7.895890178519134,62.42395832766525,
2095,455.6254,49.40192462103517,89.2319378843245,115.90280573591761,28.0,0.8159,275.0,43.0,141.0,916.0,28.0,202.0,113.0,303.0,43.13379602447821,143,0,59,60,219.0,-40.0,63.0,53.0,149.0,28.0,-70.0,5617.0,102.0,-4.0,7.900390543396983,62.42395832766525,
2096,348.39908,29.830784197600654,75.43429489037307,125.54458889066456,28.0,0.78775,275.0,43.0,141.0,916.0,28.0,202.0,113.0,303.0,38.15071067989871,113,7,46,58,219.0,-40.0,63.0,53.0,149.0,28.0,-70.0,5617.0,102.0,-4.0,7.904890908274832,62.42395832766525,
2097,291.63275,22.115679486101506,66.28869027364019,150.35046438146222,28.0,0.8083,272.0,42.0,139.0,909.0,28.0,200.0,112.0,301.0,34.1385275307487,119,3,51,63,218.0,-40.0,63.0,54.0,149.0,28.0,-69.0,5614.0,103.0,-4.0,7.909391273152679,62.42395832766525,
2098,255.04143,66.66133273935822,62.663752914349246,159.9348322769565,28.0,0.7872,272.0,42.0,139.0,909.0,28.0,200.0,112.0,301.0,31.66192187294241,121,3,50,64,218.0,-40.0,63.0,54.0,149.0,28.0,-69.0,5614.0,103.0,-4.0,7.913891638030527,62.42395832766525,
2099,244.3564,115.47025522266925,72.49120065754474,176.19068966435697,28.0,0.763,269.0,41.0,135.0,892.0,28.0,194.0,111.0,297.0,35.18787480898148,116,0,47,66,218.0,-36.0,63.0,57.0,152.0,31.0,-66.0,5593.0,106.0,-1.0,7.918392002908374,62.42395832766525,
2100,226.117,43.04664820259366,69.31374224490109,152.1144665375857,28.0,0.7812,269.0,41.0,135.0,892.0,28.0,194.0,111.0,297.0,36.14864083906404,123,1,50,63,218.0,-36.0,63.0,57.0,152.0,31.0,-66.0,5593.0,106.0,-1.0,7.922892367786222,62.42395832766525,
2101,209.54753,156.24712146454013,75.86270776000568,175.3600047758559,28.0,0.7494,268.0,40.0,132.0,880.0,29.0,190.0,111.0,295.0,38.22451438821463,108,0,57,63,220.0,-34.0,63.0,60.0,156.0,34.0,-64.0,5642.0,109.0,2.0,7.927392732664071,62.42395832766525,
2102,188.24721,120.30002643808666,63.91421937796794,165.0450247722023,28.0,0.7821,268.0,40.0,132.0,880.0,29.0,190.0,111.0,295.0,32.96127183860287,136,0,54,62,220.0,-34.0,63.0,60.0,156.0,34.0,-64.0,5642.0,109.0,2.0,7.931893097541918,62.42395832766525,
2103,171.96147,155.91246701064964,53.04328918494019,176.02782440143156,28.0,0.8207,272.0,43.0,142.0,915.0,27.0,205.0,112.0,301.0,27.49438713876288,126,0,56,62,219.0,-42.0,63.0,51.0,147.0,25.0,-72.0,5598.0,100.0,-7.0,7.936393462419694,62.42395832766525,
2104,180.02943,258.9441275503828,61.34318680845606,193.95285816624568,28.0,0.85255,272.0,43.0,142.0,915.0,27.0,205.0,112.0,301.0,27.486384614815357,132,5,50,59,219.0,-42.0,63.0,51.0,147.0,25.0,-72.0,5598.0,100.0,-7.0,7.940893827297542,62.42395832766525,
2105,260.10373,281.8898214080373,99.15350726984408,219.5297565805848,29.0,0.8324,272.0,44.0,144.0,921.0,27.0,208.0,112.0,302.0,45.31930812549445,120,0,51,58,219.0,-44.0,64.0,49.0,145.0,24.0,-74.0,5629.0,99.0,-8.0,7.945394192175389,62.42395832766525,
2106,312.47888,269.0642972842695,77.77197804940386,212.13672789996482,29.0,0.7765,272.0,44.0,144.0,921.0,27.0,208.0,112.0,302.0,38.89428827421401,117,0,53,59,219.0,-44.0,64.0,49.0,145.0,24.0,-74.0,5629.0,99.0,-8.0,7.949894557053238,62.42395832766525,
2107,346.17307,281.7682036790446,65.84496710807434,196.6445496015691,28.0,0.7804,285.0,49.0,159.0,983.0,26.0,228.0,116.0,316.0,33.78897252047293,137,0,41,60,219.0,-54.0,63.0,38.0,135.0,14.0,-84.0,5597.0,88.0,-18.0,7.954394921931087,62.42395832766525,
2108,414.8777,296.0037619872236,102.57692696716603,229.16900807049046,29.0,0.7973,274.0,45.0,148.0,934.0,26.0,214.0,112.0,303.0,48.77911659283762,117,10,41,59,220.0,-48.0,64.0,45.0,142.0,20.0,-78.0,5625.0,95.0,-12.0,7.958895286808934,62.42395832766525,
2109,523.2748,80.02546255672266,103.71934584283903,136.21145275109927,29.0,0.81395,274.0,45.0,148.0,934.0,26.0,214.0,112.0,303.0,48.67326716379481,128,14,46,59,220.0,-48.0,64.0,45.0,142.0,20.0,-78.0,5625.0,95.0,-12.0,7.963395651686782,62.42395832766525,
2110,441.26163,50.91521453706178,75.48557661912079,148.17913499151868,28.0,0.8374,264.0,42.0,137.0,889.0,27.0,199.0,109.0,293.0,37.923350801121025,109,13,48,56,221.0,-41.0,64.0,54.0,150.0,28.0,-71.0,5674.0,103.0,-4.0,7.967896016564629,62.42395832766525,
2111,362.65356,29.48354541368762,65.04588740640303,128.63169366402443,28.0,0.8268,264.0,42.0,137.0,889.0,27.0,199.0,109.0,293.0,35.73002281455158,113,15,52,53,221.0,-41.0,64.0,54.0,150.0,28.0,-71.0,5674.0,103.0,-4.0,7.9723963814424055,62.42395832766525,
2112,276.21747,41.81933551114773,69.13772366491862,125.8828542540985,28.0,0.8042,264.0,35.0,119.0,837.0,31.0,170.0,111.0,288.0,37.458826029408364,137,6,52,60,222.0,-23.0,64.0,75.0,170.0,48.0,-52.0,5735.0,123.0,14.0,7.976896746320253,62.42395832766525,
2113,177.10315,38.33523247681071,55.23593237487616,128.5682081931534,28.0,0.73025,264.0,35.0,119.0,837.0,31.0,170.0,111.0,288.0,28.86700944830739,100,7,54,62,222.0,-23.0,64.0,75.0,170.0,48.0,-52.0,5735.0,123.0,14.0,7.9813971111981,62.42395832766525,
2114,136.6034,201.96013241648194,15.141858614157286,188.0823443470522,28.0,0.8247,263.0,35.0,120.0,839.0,31.0,171.0,111.0,289.0,8.919990052434724,123,3,59,60,222.0,-21.0,64.0,78.0,172.0,50.0,-50.0,5782.0,126.0,16.0,7.994898205831645,62.42395832766525,
2115,181.20067,235.93870934903435,38.707639512965244,240.12531907816629,28.0,0.8093,263.0,35.0,120.0,839.0,31.0,171.0,111.0,289.0,24.509846505687563,110,6,59,60,222.0,-21.0,64.0,78.0,172.0,50.0,-50.0,5782.0,126.0,16.0,7.999398570709493,62.42395832766525,
2116,890.94025,91.32706366920809,20.024775310635167,130.91902629993254,28.0,0.7577,235.0,44.0,154.0,901.0,23.0,244.0,94.0,272.0,18.6961494360871,137,19,54,51,245.0,-70.0,70.0,-5.0,142.0,7.0,-103.0,6248.0,90.0,53.0,8.566444545317246,62.42395832766525,
2117,857.17084,73.53697495778155,7.7643311484465904,165.48363182505113,28.0,0.6986,232.0,43.0,151.0,886.0,23.0,238.0,93.0,268.0,6.043297579518181,135,1,54,58,246.0,-67.0,70.0,-2.0,146.0,10.0,-100.0,6254.0,93.0,56.0,8.570944910195095,62.42395832766525,
2118,951.214,55.13138028896688,31.444669389083746,123.40905861360012,28.0,0.7689,224.0,45.0,155.0,900.0,22.0,256.0,94.0,277.0,23.094939693670312,136,5,57,52,256.0,-75.0,72.0,-8.0,146.0,4.0,-110.0,6518.0,91.0,81.0,8.885970451643871,62.42395832766525,
2119,890.911,53.927495134873325,19.306077478028083,152.63720851157672,28.0,0.7843,224.0,45.0,155.0,900.0,22.0,256.0,94.0,277.0,13.252924910277374,134,4,58,54,256.0,-75.0,72.0,-8.0,146.0,4.0,-110.0,6518.0,91.0,81.0,8.890470816521718,62.42395832766525,
2120,871.23926,110.25700977546526,6.942046134999778,175.74199539128645,28.0,0.7631,223.0,45.0,155.0,899.0,23.0,256.0,94.0,277.0,3.6675017695310355,130,6,60,55,256.0,-75.0,72.0,-8.0,146.0,4.0,-110.0,6533.0,91.0,82.0,8.894971181399566,62.42395832766525,
2121,876.4103,225.70519905584172,7.553943084282304,194.7640088675196,28.0,0.73385,223.0,45.0,155.0,899.0,23.0,256.0,94.0,277.0,6.5734977321377395,128,4,61,53,256.0,-75.0,72.0,-8.0,146.0,4.0,-110.0,6533.0,91.0,82.0,8.899471546277416,62.42395832766525,
2122,923.71954,231.8499369256373,34.39077050385633,232.725481375626,28.0,0.57235,227.0,46.0,158.0,913.0,22.0,261.0,95.0,282.0,23.076809019422402,128,0,58,54,255.0,-78.0,72.0,-12.0,142.0,1.0,-113.0,6494.0,87.0,78.0,8.903971911155265,62.42395832766525,
2123,623.3482,241.93262120616262,74.28690610085714,194.3539434263428,28.0,0.78115,329.0,59.0,191.0,1140.0,24.0,266.0,132.0,360.0,36.53619267553613,86,0,50,53,214.0,-65.0,62.0,21.0,119.0,-1.0,-95.0,5421.0,72.0,-30.0,7.859340072911174,62.42187499433209,
2124,489.52097,24.506724044644113,111.45325995508016,142.1029449704825,28.0,0.75205,272.0,42.0,139.0,909.0,28.0,200.0,112.0,301.0,47.34098719685808,134,7,49,59,218.0,-40.0,63.0,54.0,149.0,28.0,-69.0,5614.0,103.0,-4.0,7.908840640216192,62.42187499433209,
2125,429.3493,133.95507503630483,99.06635105412242,166.5286335971449,28.0,0.6992,272.0,42.0,139.0,909.0,28.0,200.0,112.0,301.0,49.32276926489477,123,5,45,58,218.0,-40.0,63.0,54.0,149.0,28.0,-69.0,5614.0,103.0,-4.0,7.913340691789381,62.42187499433209,
2126,466.52588,118.96299152329507,108.9500478904172,165.25488316322858,28.0,0.7428,269.0,41.0,135.0,892.0,28.0,194.0,111.0,297.0,45.57218263827308,129,4,46,61,218.0,-36.0,63.0,57.0,152.0,31.0,-66.0,5593.0,106.0,-1.0,7.9178407433625715,62.42187499433209,
2127,430.56805,24.6120551615342,97.24345467021409,140.59972345033742,28.0,0.7829,269.0,41.0,135.0,892.0,28.0,194.0,111.0,297.0,45.249222101179434,134,6,48,62,218.0,-36.0,63.0,57.0,152.0,31.0,-66.0,5593.0,106.0,-1.0,7.922340794935761,62.42187499433209,
2128,428.10458,153.75884940159838,101.0826878072447,177.0100903284058,28.0,0.7872,268.0,40.0,132.0,880.0,29.0,190.0,111.0,295.0,47.65464393376682,111,2,41,64,220.0,-34.0,63.0,60.0,156.0,34.0,-64.0,5642.0,109.0,2.0,7.926840846508952,62.42187499433209,
2129,375.1064,25.008904661663635,81.31950063564646,129.8533987326315,28.0,0.7737,268.0,40.0,132.0,880.0,29.0,190.0,111.0,295.0,41.86069285146041,113,0,52,63,220.0,-34.0,63.0,60.0,156.0,34.0,-64.0,5642.0,109.0,2.0,7.9313408980821425,62.42187499433209,
2130,347.66113,202.9137652417481,83.31027091466939,184.68400313296576,28.0,0.80415,272.0,43.0,142.0,915.0,27.0,205.0,112.0,301.0,41.685128130067945,144,0,56,65,219.0,-42.0,63.0,51.0,147.0,25.0,-72.0,5598.0,100.0,-7.0,7.935840949655258,62.42187499433209,
2131,382.81604,254.93817697105513,109.13281232775797,207.87850820924376,28.0,0.7825,272.0,43.0,142.0,915.0,27.0,205.0,112.0,301.0,48.201595234275146,134,0,52,57,219.0,-42.0,63.0,51.0,147.0,25.0,-72.0,5598.0,100.0,-7.0,7.9403410012284485,62.42187499433209,
2132,512.78033,318.86017158443786,103.84812474892351,228.5997834321326,29.0,0.8021,272.0,44.0,144.0,921.0,27.0,208.0,112.0,302.0,44.945296213477214,125,7,45,61,219.0,-44.0,64.0,49.0,145.0,24.0,-74.0,5629.0,99.0,-8.0,7.944841052801638,62.42187499433209,
2133,532.0778,75.63655889565376,99.56718791887118,150.93372306449376,29.0,0.72225,272.0,44.0,144.0,921.0,27.0,208.0,112.0,302.0,46.61763701667391,108,0,42,64,219.0,-44.0,64.0,49.0,145.0,24.0,-74.0,5629.0,99.0,-8.0,7.949341104374827,62.42187499433209,
2134,632.70764,25.980105968242313,95.26367486292465,124.83834018325841,28.0,0.66895,264.0,42.0,137.0,889.0,27.0,199.0,109.0,293.0,46.27102779447746,138,7,52,59,221.0,-41.0,64.0,54.0,150.0,28.0,-71.0,5674.0,103.0,-4.0,7.967341310667588,62.42187499433209,
2135,524.72437,38.24444551185967,96.038482825035,130.53008678728847,28.0,0.77205,264.0,42.0,137.0,889.0,27.0,199.0,109.0,293.0,43.01977667663712,140,12,53,61,221.0,-41.0,64.0,54.0,150.0,28.0,-71.0,5674.0,103.0,-4.0,7.971841362240706,62.42187499433209,
2136,487.623,175.00371962332957,110.39897908687092,174.08433061073882,28.0,0.77025,264.0,35.0,119.0,837.0,31.0,170.0,111.0,288.0,48.29330141496648,139,4,51,63,222.0,-23.0,64.0,75.0,170.0,48.0,-52.0,5735.0,123.0,14.0,7.976341413813897,62.42187499433209,
2137,201.93567,57.73082288785411,82.91223263561626,118.77434358918929,28.0,0.7742,264.0,35.0,120.0,846.0,31.0,172.0,111.0,292.0,36.306510957033424,106,6,54,64,223.0,-18.0,64.0,81.0,175.0,53.0,-48.0,5753.0,129.0,19.0,7.985341516960277,62.42187499433209,
2138,141.52933,69.25668809463286,30.687415854491686,156.09485462474473,28.0,0.7417,264.0,35.0,120.0,846.0,31.0,172.0,111.0,292.0,15.799535566760065,99,8,59,65,223.0,-18.0,64.0,81.0,175.0,53.0,-48.0,5753.0,129.0,19.0,7.989841568533467,62.42187499433209,
2139,137.69022,242.27284188779055,13.075916029160908,210.27587190178124,28.0,0.8072,263.0,35.0,120.0,839.0,31.0,171.0,111.0,289.0,10.876447867921975,120,3,55,63,222.0,-21.0,64.0,78.0,172.0,50.0,-50.0,5782.0,126.0,16.0,7.998841671679845,62.42187499433209,
2140,211.68384,237.78887054576114,31.40780324260472,244.21984684819014,28.0,0.8264,258.0,40.0,132.0,864.0,28.0,193.0,107.0,286.0,26.070183121691468,137,5,54,58,225.0,-40.0,65.0,58.0,155.0,31.0,-70.0,5787.0,108.0,-2.0,8.003341723253035,62.42187499433209,
2141,308.03195,226.07873268115594,54.23678454498764,243.46899963368168,28.0,0.7768,258.0,40.0,132.0,864.0,28.0,193.0,107.0,286.0,33.00660362611612,132,10,53,58,225.0,-40.0,65.0,58.0,155.0,31.0,-70.0,5787.0,108.0,-2.0,8.007841774826224,62.42187499433209,
2142,610.8742,227.05210435044302,135.54037771783882,243.90762588185342,28.0,0.6645,281.0,49.0,162.0,983.0,25.0,234.0,114.0,312.0,56.92265949660141,111,21,53,57,222.0,-58.0,64.0,36.0,134.0,11.0,-88.0,5659.0,86.0,-21.0,8.012341826399343,62.42187499433209,
2143,884.16113,71.98550274345578,17.030586241034825,139.88059578764546,28.0,0.7269,232.0,43.0,151.0,886.0,23.0,238.0,93.0,268.0,15.196231521282101,129,3,52,57,246.0,-67.0,70.0,-2.0,146.0,10.0,-100.0,6254.0,93.0,56.0,8.57034822147388,62.42187499433209,
2144,955.65314,45.62549162535091,32.59490560312973,131.90787589762368,28.0,0.7799,224.0,45.0,155.0,900.0,22.0,256.0,94.0,277.0,22.178061379451403,137,3,60,55,256.0,-75.0,72.0,-8.0,146.0,4.0,-110.0,6518.0,91.0,81.0,8.889851883169785,62.42187499433209,
2145,899.1654,40.754125860500565,20.445728532816833,152.54938919568036,28.0,0.7849,223.0,45.0,155.0,899.0,23.0,256.0,94.0,277.0,13.601024544725652,133,6,58,52,256.0,-75.0,72.0,-8.0,146.0,4.0,-110.0,6533.0,91.0,82.0,8.894351934742973,62.42187499433209,
2146,885.3506,224.45172991570112,9.135710944571786,180.58527386944738,28.0,0.7418,223.0,45.0,155.0,899.0,23.0,256.0,94.0,277.0,4.878595790014844,138,3,63,52,256.0,-75.0,72.0,-8.0,146.0,4.0,-110.0,6533.0,91.0,82.0,8.898851986316165,62.42187499433209,
2147,893.30084,256.5487247098437,9.691214963763857,193.58341084400652,28.0,0.71235,227.0,46.0,158.0,913.0,22.0,261.0,95.0,282.0,6.666971044214885,124,2,60,55,255.0,-78.0,72.0,-12.0,142.0,1.0,-113.0,6494.0,87.0,78.0,8.903352037889356,62.42187499433209,
2148,931.4447,239.7959938950302,29.044634886404516,225.34319010834145,28.0,0.6265,227.0,46.0,158.0,913.0,22.0,261.0,95.0,282.0,19.716351744509684,124,0,54,55,255.0,-78.0,72.0,-12.0,142.0,1.0,-113.0,6494.0,87.0,78.0,8.907852089462544,62.42187499433209,
2149,630.96405,75.21911808479852,74.43352730945135,159.52576669144355,28.0,0.82585,269.0,41.0,135.0,892.0,28.0,194.0,111.0,297.0,35.96626203523045,123,9,51,61,218.0,-36.0,63.0,57.0,152.0,31.0,-66.0,5593.0,106.0,-1.0,7.921789309351188,62.41979166099895,
2150,624.64417,128.1913975354743,74.8492509668832,168.6544009341473,28.0,0.8169,268.0,40.0,132.0,880.0,29.0,190.0,111.0,295.0,39.48370863194182,109,0,42,61,220.0,-34.0,63.0,60.0,156.0,34.0,-64.0,5642.0,109.0,2.0,7.9262890476692895,62.41979166099895,
2151,550.09326,46.90063329854563,70.74779033593353,120.91178083219286,28.0,0.7892,268.0,40.0,132.0,880.0,29.0,190.0,111.0,295.0,39.546869102795206,109,0,42,62,220.0,-34.0,63.0,60.0,156.0,34.0,-64.0,5642.0,109.0,2.0,7.93078878598739,62.41979166099895,
2152,522.9872,240.5212093439091,80.31503609193045,195.27659587951337,28.0,0.7772,272.0,43.0,142.0,915.0,27.0,205.0,112.0,301.0,38.79949799859522,123,6,52,64,219.0,-42.0,63.0,51.0,147.0,25.0,-72.0,5598.0,100.0,-7.0,7.9352885243054185,62.41979166099895,
2153,287.38922,35.78830038214535,103.72248550872327,104.81595005382472,28.0,0.7736,264.0,35.0,120.0,846.0,31.0,172.0,111.0,292.0,49.23535560180348,94,8,54,63,223.0,-18.0,64.0,81.0,175.0,53.0,-48.0,5753.0,129.0,19.0,7.989285384122554,62.41979166099895,
2154,150.86832,88.92704055678966,46.19997887021054,139.0085249846808,28.0,0.7678,263.0,35.0,120.0,839.0,31.0,171.0,111.0,289.0,24.151353112697596,97,4,57,62,222.0,-21.0,64.0,78.0,172.0,50.0,-50.0,5782.0,126.0,16.0,7.993785122440655,62.41979166099895,
2155,125.261444,211.98158609496136,9.053035604978538,188.54837068042934,28.0,0.77705,263.0,35.0,120.0,839.0,31.0,171.0,111.0,289.0,4.11854799899637,107,3,59,62,222.0,-21.0,64.0,78.0,172.0,50.0,-50.0,5782.0,126.0,16.0,7.998284860758756,62.41979166099895,
2156,159.80815,248.19882145780232,16.818985159714074,223.51327777986893,28.0,0.847,258.0,40.0,132.0,864.0,28.0,193.0,107.0,286.0,15.285063467277567,106,3,54,61,225.0,-40.0,65.0,58.0,155.0,31.0,-70.0,5787.0,108.0,-2.0,8.002784599076856,62.41979166099895,
2157,235.77528,246.4099922449696,28.279440724747857,240.82331984241316,28.0,0.8379,258.0,40.0,132.0,864.0,28.0,193.0,107.0,286.0,23.38023764723456,94,5,51,63,225.0,-40.0,65.0,58.0,155.0,31.0,-70.0,5787.0,108.0,-2.0,8.007284337394957,62.41979166099895,
2158,380.34723,262.03695556220987,76.60364386565901,252.75543111046974,28.0,0.7627,281.0,49.0,162.0,983.0,25.0,234.0,114.0,312.0,43.076360813147346,113,18,51,60,222.0,-58.0,64.0,36.0,134.0,11.0,-88.0,5659.0,86.0,-21.0,8.011784075712985,62.41979166099895,
2159,591.66705,243.35960725409936,83.5315371047057,228.3989943093519,28.0,0.7067,281.0,49.0,162.0,983.0,25.0,234.0,114.0,312.0,51.24030379888115,127,21,53,57,222.0,-58.0,64.0,36.0,134.0,11.0,-88.0,5659.0,86.0,-21.0,8.016283814031086,62.41979166099895,
2160,884.6336,71.01597488678956,23.048606251104474,155.43735306088016,28.0,0.7545,232.0,43.0,151.0,886.0,23.0,238.0,93.0,268.0,16.511688086091837,133,2,54,56,246.0,-67.0,70.0,-2.0,146.0,10.0,-100.0,6254.0,93.0,56.0,8.574251365474561,62.41979166099895,
2161,860.7315,49.16672595868686,15.530770414333489,170.0465396106639,28.0,0.7361,231.0,43.0,151.0,887.0,23.0,240.0,93.0,268.0,8.603515340471787,136,2,53,56,247.0,-67.0,70.0,-2.0,146.0,10.0,-101.0,6293.0,93.0,56.0,8.578751103792662,62.41979166099895,
2162,968.94305,32.17505279628309,40.509930355868306,140.15622302394598,28.0,0.78295,223.0,45.0,155.0,899.0,23.0,256.0,94.0,277.0,25.03319781455846,126,3,58,52,256.0,-75.0,72.0,-8.0,146.0,4.0,-110.0,6533.0,91.0,82.0,8.893732786059132,62.41979166099895,
2163,918.197,60.13122454375705,24.185702217139614,154.53225723624436,28.0,0.7619,223.0,45.0,155.0,899.0,23.0,256.0,94.0,277.0,15.25352228037544,130,2,61,53,256.0,-75.0,72.0,-8.0,146.0,4.0,-110.0,6533.0,91.0,82.0,8.898232524377235,62.41979166099895,
2164,911.8586,291.78592174856766,6.976501579240154,194.28224601961202,28.0,0.7438,227.0,46.0,158.0,913.0,22.0,261.0,95.0,282.0,5.171139590490704,126,0,60,55,255.0,-78.0,72.0,-12.0,142.0,1.0,-113.0,6494.0,87.0,78.0,8.907232001013435,62.41979166099895,
2165,943.78253,242.31264384531914,22.951844717544684,220.81456419841194,28.0,0.5847,240.0,50.0,172.0,969.0,21.0,280.0,102.0,298.0,16.581822068343346,128,3,60,52,250.0,-89.0,71.0,-26.0,126.0,-12.0,-124.0,6340.0,73.0,63.0,8.911731739331465,62.41979166099895,
2166,526.4306,63.548784381361024,69.16921479829011,74.98383583871745,28.0,0.809,264.0,35.0,120.0,846.0,31.0,172.0,111.0,292.0,42.54529157850634,113,7,60,59,223.0,-18.0,64.0,81.0,175.0,53.0,-48.0,5753.0,129.0,19.0,7.988729287701207,62.4177083276658,
2167,306.134,66.35877344442767,64.9700753122239,70.57645299784346,28.0,0.813,263.0,35.0,120.0,839.0,31.0,171.0,111.0,289.0,44.31426588793149,134,9,54,62,222.0,-21.0,64.0,78.0,172.0,50.0,-50.0,5782.0,126.0,16.0,7.993228712813775,62.4177083276658,
2168,147.96759,97.86181174255334,25.141583065094313,125.7474600902205,28.0,0.8024,263.0,35.0,120.0,839.0,31.0,171.0,111.0,289.0,21.212024333200336,113,7,58,61,222.0,-21.0,64.0,78.0,172.0,50.0,-50.0,5782.0,126.0,16.0,7.997728137926345,62.4177083276658,
2169,134.13634,237.44117090273525,10.005279230905876,201.86926097441435,28.0,0.8176,258.0,40.0,132.0,864.0,28.0,193.0,107.0,286.0,8.513394340444155,118,0,55,62,225.0,-40.0,65.0,58.0,155.0,31.0,-70.0,5787.0,108.0,-2.0,8.002227563038915,62.4177083276658,
2170,183.50937,232.43728167657602,37.07246277711363,223.753253795467,28.0,0.8167,258.0,40.0,132.0,864.0,28.0,193.0,107.0,286.0,23.68703467511257,101,4,53,62,225.0,-40.0,65.0,58.0,155.0,31.0,-70.0,5787.0,108.0,-2.0,8.006726988151483,62.4177083276658,
2171,419.27045,298.65922648158846,68.90896706058881,254.36078873667077,28.0,0.8028,281.0,49.0,162.0,983.0,25.0,234.0,114.0,312.0,50.93287147086932,110,23,52,59,222.0,-58.0,64.0,36.0,134.0,11.0,-88.0,5659.0,86.0,-21.0,8.01122641326398,62.4177083276658,
2172,652.2637,256.7436951966503,67.48005127238852,238.8043499997009,28.0,0.7853,281.0,49.0,162.0,983.0,25.0,234.0,114.0,312.0,45.329904543243266,118,16,51,63,222.0,-58.0,64.0,36.0,134.0,11.0,-88.0,5659.0,86.0,-21.0,8.01572583837655,62.4177083276658,
2173,827.6194,237.28743722686,54.606934541813125,249.54041840271495,28.0,0.7503,294.0,52.0,174.0,1035.0,23.0,249.0,118.0,324.0,39.04767741732421,101,17,52,56,221.0,-64.0,64.0,28.0,126.0,3.0,-95.0,5617.0,78.0,-27.0,8.02022526348912,62.4177083276658,
2174,946.1922,67.51557027626932,31.595289752946332,159.66850762824401,28.0,0.78355,227.0,46.0,158.0,913.0,22.0,261.0,95.0,282.0,19.83500218015703,140,3,59,54,255.0,-78.0,72.0,-12.0,142.0,1.0,-113.0,6494.0,87.0,78.0,8.902112585551077,62.4177083276658,
2175,925.52856,138.11371370133438,16.775172696712552,173.42489541349076,28.0,0.76785,227.0,46.0,158.0,913.0,22.0,261.0,95.0,282.0,8.97408474967055,131,4,59,56,255.0,-78.0,72.0,-12.0,142.0,1.0,-113.0,6494.0,87.0,78.0,8.906612010663645,62.4177083276658,
2176,923.3447,201.88046054151647,7.6556644029524294,187.10704771361165,28.0,0.7336,240.0,50.0,172.0,969.0,21.0,280.0,102.0,298.0,3.945641697519091,126,2,60,52,250.0,-89.0,71.0,-26.0,126.0,-12.0,-124.0,6340.0,73.0,63.0,8.911111435776142,62.4177083276658,
2177,792.4006,197.53160369592769,41.701111635788045,200.50270989798014,28.0,0.7723,327.0,51.0,168.0,1080.0,28.0,229.0,134.0,359.0,21.84888083212519,117,8,53,57,207.0,-43.0,60.0,44.0,137.0,22.0,-70.0,5343.0,93.0,-8.0,7.66423721837612,62.41562499433266,
2178,604.1293,80.10340276857862,38.7414600882076,74.33267537415645,29.0,0.8193,258.0,36.0,121.0,834.0,30.0,176.0,108.0,283.0,37.05888227590347,118,6,58,58,224.0,-29.0,65.0,69.0,164.0,41.0,-60.0,5738.0,117.0,8.0,7.9881732792495885,62.41562499433266,
2179,409.4032,70.88672171574107,50.24257714175315,65.2781096291674,28.0,0.85,261.0,35.0,120.0,838.0,31.0,171.0,110.0,289.0,43.02300743086609,133,8,57,61,223.0,-19.0,64.0,82.0,175.0,53.0,-48.0,5794.0,129.0,19.0,7.992672391206173,62.41562499433266,
2180,197.36076,79.4484784813412,39.8483743789879,77.49514138439464,28.0,0.8393,261.0,35.0,120.0,838.0,31.0,171.0,110.0,289.0,36.88171468192073,124,12,60,65,223.0,-19.0,64.0,82.0,175.0,53.0,-48.0,5794.0,129.0,19.0,7.997171503162757,62.41562499433266,
2181,123.00706,154.85298931392563,4.763412005108352,182.01855667138403,28.0,0.783,257.0,36.0,122.0,833.0,30.0,177.0,107.0,282.0,2.081434738975924,101,7,53,59,226.0,-30.0,64.0,69.0,165.0,41.0,-61.0,5800.0,118.0,7.0,8.00167061511934,62.41562499433266,
2182,158.07071,242.36847043554585,35.998736456610175,217.9671797076655,28.0,0.7794,257.0,36.0,122.0,833.0,30.0,177.0,107.0,282.0,26.303372508236183,109,0,62,61,226.0,-30.0,64.0,69.0,165.0,41.0,-61.0,5800.0,118.0,7.0,8.006169727075923,62.41562499433266,
2183,560.924,235.44280399892818,42.4090534998354,242.5368783881964,29.0,0.81215,264.0,44.0,144.0,907.0,26.0,211.0,108.0,293.0,31.420487109442554,113,17,54,63,224.0,-49.0,65.0,47.0,145.0,21.0,-79.0,5754.0,97.0,-12.0,8.01516795098902,62.41562499433266,
2184,720.51434,254.29824449135742,49.114316299423876,255.0,28.0,0.7951,281.0,49.0,163.0,987.0,24.0,236.0,114.0,313.0,42.58468847703662,117,16,54,58,223.0,-60.0,64.0,34.0,132.0,9.0,-91.0,5681.0,84.0,-23.0,8.019667062945604,62.41562499433266,
2185,998.45306,28.648727867295104,41.7394679773882,142.50104598000573,28.0,0.7675,228.0,46.0,160.0,920.0,22.0,264.0,96.0,284.0,26.424713625505916,133,3,59,55,254.0,-81.0,72.0,-15.0,138.0,-3.0,-116.0,6447.0,84.0,74.0,8.905992118391062,62.41562499433266,
2186,948.562,106.28701135590828,21.59920832369308,157.87560152101366,28.0,0.76355,228.0,46.0,160.0,921.0,22.0,265.0,96.0,284.0,14.223011018664677,134,3,61,51,254.0,-81.0,72.0,-16.0,138.0,-3.0,-116.0,6454.0,84.0,74.0,8.910491230347573,62.41562499433266,
2187,941.05023,235.1179286255744,10.533627841886485,189.29241798763258,28.0,0.74835,228.0,46.0,160.0,921.0,22.0,265.0,96.0,284.0,6.178429261404643,129,2,59,52,254.0,-81.0,72.0,-16.0,138.0,-3.0,-116.0,6454.0,84.0,74.0,8.914990342304156,62.41562499433266,
2188,969.6394,226.68247716431605,20.725680062937933,201.06400047666455,28.0,0.72105,225.0,46.0,158.0,910.0,22.0,262.0,95.0,281.0,11.421233246144844,128,2,56,53,255.0,-79.0,73.0,-13.0,141.0,0.0,-114.0,6479.0,86.0,77.0,8.91948945426074,62.41562499433266,
2189,988.47784,190.8101419000178,38.340503602229475,200.74829643301712,28.0,0.72355,225.0,46.0,158.0,910.0,22.0,262.0,95.0,281.0,22.11319294734304,126,3,60,54,255.0,-79.0,73.0,-13.0,141.0,0.0,-114.0,6479.0,86.0,77.0,8.923988566217325,62.41562499433266,
2190,1037.5817,206.4080234444909,52.161788007385304,220.2566657358796,28.0,0.70735,226.0,46.0,159.0,916.0,22.0,264.0,96.0,284.0,29.74974048763003,123,5,56,58,255.0,-80.0,72.0,-14.0,140.0,-2.0,-115.0,6472.0,85.0,75.0,8.928487678173909,62.41562499433266,
2191,739.6223,208.05697355789388,13.31973942808775,187.796259547362,28.0,0.7822,327.0,51.0,168.0,1080.0,28.0,229.0,134.0,359.0,8.146617256327897,108,7,53,55,207.0,-43.0,60.0,44.0,137.0,22.0,-70.0,5343.0,93.0,-8.0,7.663703841538774,62.413541660999506,
2192,752.9002,218.9076842243507,15.916921802524351,192.3062603209893,28.0,0.79725,330.0,53.0,173.0,1097.0,27.0,235.0,135.0,362.0,8.280817082843395,109,2,52,57,207.0,-45.0,60.0,40.0,133.0,18.0,-74.0,5308.0,89.0,-11.0,7.668202640388909,62.413541660999506,
2193,772.874,225.8661121691465,25.98112385298809,201.18206606202827,28.0,0.75575,330.0,53.0,173.0,1097.0,27.0,235.0,135.0,362.0,13.298680367324938,109,2,52,58,207.0,-45.0,60.0,40.0,133.0,18.0,-74.0,5308.0,89.0,-11.0,7.6727014392390425,62.413541660999506,
2194,661.6355,73.81591466260356,39.17529715485064,76.29282293799346,29.0,0.7807,258.0,36.0,121.0,834.0,30.0,176.0,108.0,283.0,36.987684543234906,123,20,60,59,224.0,-29.0,65.0,69.0,164.0,41.0,-60.0,5738.0,117.0,8.0,7.987617358747855,62.413541660999506,
2195,481.13824,78.26199673529864,44.839513484417125,64.45701468676484,28.0,0.7752,261.0,35.0,120.0,838.0,31.0,171.0,110.0,289.0,41.40148347452081,116,5,64,61,223.0,-19.0,64.0,82.0,175.0,53.0,-48.0,5794.0,129.0,19.0,7.992116157597988,62.413541660999506,
2196,128.56232,104.03703115064731,11.03441753084352,154.30762502264446,28.0,0.7916,257.0,36.0,122.0,833.0,30.0,177.0,107.0,282.0,9.394624922216707,101,3,53,64,226.0,-30.0,64.0,69.0,165.0,41.0,-61.0,5800.0,118.0,7.0,8.001113755298256,62.413541660999506,
2197,489.33597,237.05038997909173,41.20590845733524,249.58350672502144,29.0,0.8224,264.0,44.0,144.0,907.0,26.0,211.0,108.0,293.0,30.847103688590053,111,5,60,58,224.0,-49.0,65.0,47.0,145.0,21.0,-79.0,5754.0,97.0,-12.0,8.014610151848588,62.413541660999506,
2198,641.3351,256.66960694652664,46.26998810063267,254.86657469659278,28.0,0.81665,281.0,49.0,163.0,987.0,24.0,236.0,114.0,313.0,42.676208402112394,122,17,54,60,223.0,-60.0,64.0,34.0,132.0,9.0,-91.0,5681.0,84.0,-23.0,8.01910895069872,62.413541660999506,
2199,829.9113,251.03295485036253,37.8467496846655,254.05943807681143,28.0,0.7656,281.0,49.0,163.0,987.0,24.0,236.0,114.0,313.0,34.93296255127312,107,16,52,60,223.0,-60.0,64.0,34.0,132.0,9.0,-91.0,5681.0,84.0,-23.0,8.023607749548855,62.413541660999506,
2200,976.0298,244.6648081799264,34.25678196520566,189.24043471066815,28.0,0.78895,228.0,46.0,160.0,921.0,22.0,265.0,96.0,284.0,20.143902905726755,131,4,58,53,254.0,-81.0,72.0,-16.0,138.0,-3.0,-116.0,6454.0,84.0,74.0,8.914369921873753,62.413541660999506,
2201,986.75635,139.81639170733294,37.42309985913115,172.41349030388287,28.0,0.7905,225.0,46.0,158.0,910.0,22.0,262.0,95.0,281.0,20.592396478369444,122,3,54,58,255.0,-79.0,73.0,-13.0,141.0,0.0,-114.0,6479.0,86.0,77.0,8.918868720723887,62.413541660999506,
2202,958.0293,150.91506777599295,20.753037098749772,186.11789407944426,28.0,0.7301,226.0,46.0,159.0,916.0,22.0,264.0,96.0,284.0,9.687660876495473,122,4,56,57,255.0,-80.0,72.0,-14.0,140.0,-2.0,-115.0,6472.0,85.0,75.0,8.927866318424156,62.413541660999506,
2203,993.1367,223.65127891115108,32.469994179136954,221.64456304782468,28.0,0.68435,226.0,46.0,159.0,916.0,22.0,264.0,96.0,284.0,21.40457787653516,126,4,55,57,255.0,-80.0,72.0,-14.0,140.0,-2.0,-115.0,6472.0,85.0,75.0,8.93236511727429,62.413541660999506,
2204,775.27814,217.45731023689265,20.989067336526517,211.54421394858488,28.0,0.79815,337.0,55.0,181.0,1130.0,26.0,247.0,137.0,369.0,14.567139208930005,118,5,52,57,207.0,-51.0,60.0,35.0,128.0,13.0,-79.0,5320.0,84.0,-16.0,7.67666600644538,62.41145832766637,
2205,149.02502,85.11463825782998,22.06328758908495,120.36880350021792,28.0,0.80645,257.0,36.0,122.0,833.0,30.0,177.0,107.0,282.0,20.437694904988806,97,4,54,63,226.0,-30.0,64.0,69.0,165.0,41.0,-61.0,5800.0,118.0,7.0,8.000556983555805,62.41145832766637,
2206,190.7775,221.95546733581796,51.64291366474341,235.31051212854385,29.0,0.7761,264.0,44.0,144.0,907.0,26.0,211.0,108.0,293.0,32.864444700960284,112,5,53,64,224.0,-49.0,65.0,47.0,145.0,21.0,-79.0,5754.0,97.0,-12.0,8.00955395514215,62.41145832766637,
2207,379.4773,241.50095622963892,68.58448133794064,254.04293106042184,29.0,0.7969,264.0,44.0,144.0,907.0,26.0,211.0,108.0,293.0,45.85117267995194,113,4,58,62,224.0,-49.0,65.0,47.0,145.0,21.0,-79.0,5754.0,97.0,-12.0,8.01405244093536,62.41145832766637,
2208,601.81274,279.12797319981274,43.3033165148536,254.95005726382766,28.0,0.7661,281.0,49.0,163.0,987.0,24.0,236.0,114.0,313.0,38.955563985523696,111,6,57,58,223.0,-60.0,64.0,34.0,132.0,9.0,-91.0,5681.0,84.0,-23.0,8.018550926728569,62.41145832766637,
2209,778.1755,261.8599537599516,34.784432344052604,254.48008915927642,28.0,0.7635,281.0,49.0,163.0,987.0,24.0,236.0,114.0,313.0,36.26907087287772,117,17,52,59,223.0,-60.0,64.0,34.0,132.0,9.0,-91.0,5681.0,84.0,-23.0,8.023049412521777,62.41145832766637,
2210,1002.5937,32.99319411907256,41.32629619410757,137.8685841205857,28.0,0.7838,226.0,46.0,159.0,916.0,22.0,264.0,96.0,284.0,25.024105556180313,141,5,53,55,255.0,-80.0,72.0,-14.0,140.0,-2.0,-115.0,6472.0,85.0,75.0,8.927245056955003,62.41145832766637,
2211,967.1365,126.90372955550797,18.532248435688658,174.57130539213654,28.0,0.78355,226.0,46.0,159.0,916.0,22.0,264.0,96.0,284.0,10.281001525181376,146,4,54,54,255.0,-80.0,72.0,-14.0,140.0,-2.0,-115.0,6472.0,85.0,75.0,8.931743542748212,62.41145832766637,
2212,983.1504,217.32215306903916,22.930119699278546,207.06960335217136,28.0,0.7199,238.0,49.0,170.0,963.0,21.0,279.0,101.0,297.0,14.472938558380502,123,3,58,56,251.0,-89.0,71.0,-26.0,127.0,-12.0,-124.0,6357.0,73.0,64.0,8.93624202854142,62.41145832766637,
2213,1037.869,221.09184441392733,43.34871986450677,234.8230036642833,28.0,0.6455,238.0,49.0,170.0,963.0,21.0,279.0,101.0,297.0,27.97823630357482,132,3,57,56,251.0,-89.0,71.0,-26.0,127.0,-12.0,-124.0,6357.0,73.0,64.0,8.940740514334628,62.41145832766637,
2214,411.23642,81.32279500538289,51.46630636989495,56.92878777750253,28.0,0.69105,261.0,35.0,120.0,838.0,31.0,171.0,110.0,289.0,45.567342087754284,102,7,58,59,223.0,-19.0,64.0,82.0,175.0,53.0,-48.0,5794.0,129.0,19.0,7.995502127086331,62.40937499433321,
2215,191.8118,80.47486011601718,36.4795486878348,90.00700304493824,28.0,0.80675,257.0,36.0,122.0,833.0,30.0,177.0,107.0,282.0,32.11617903219903,127,1,58,63,226.0,-30.0,64.0,69.0,165.0,41.0,-61.0,5800.0,118.0,7.0,8.000000299872125,62.40937499433321,
2216,130.0725,209.2603524367064,15.475239536877828,202.84352975451836,29.0,0.7748,264.0,44.0,144.0,907.0,26.0,211.0,108.0,293.0,9.559443523402821,107,0,56,63,224.0,-49.0,65.0,47.0,145.0,21.0,-79.0,5754.0,97.0,-12.0,8.008996645443645,62.40937499433321,
2217,239.97212,254.52332631697365,57.14788555875605,254.5178056170175,29.0,0.7768,264.0,44.0,144.0,907.0,26.0,211.0,108.0,293.0,41.090844097846684,127,3,54,64,224.0,-49.0,65.0,47.0,145.0,21.0,-79.0,5754.0,97.0,-12.0,8.013494818229441,62.40937499433321,
2218,738.66925,254.6678862638922,29.244455920507292,243.62088711171387,28.0,0.7784,281.0,49.0,163.0,987.0,24.0,236.0,114.0,313.0,26.72383515514391,130,15,54,63,223.0,-60.0,64.0,34.0,132.0,9.0,-91.0,5681.0,84.0,-23.0,8.022491163801032,62.40937499433321,
2219,1040.1421,37.3841848407324,46.940250559234535,126.36921466930289,28.0,0.76055,226.0,46.0,159.0,916.0,22.0,264.0,96.0,284.0,29.3378254039361,136,6,57,57,255.0,-80.0,72.0,-14.0,140.0,-2.0,-115.0,6472.0,85.0,75.0,8.931122066530083,62.40937499433321,
2220,983.4267,71.5683510634689,20.881098250856834,159.28711384572614,28.0,0.7674,238.0,49.0,170.0,963.0,21.0,279.0,101.0,297.0,12.242459171677398,141,3,56,54,251.0,-89.0,71.0,-26.0,127.0,-12.0,-124.0,6357.0,73.0,64.0,8.93562023931588,62.40937499433321,
2221,977.1387,168.7273070047587,14.795353011872912,190.09314349917676,28.0,0.7351,238.0,49.0,170.0,963.0,21.0,279.0,101.0,297.0,7.915729920823974,133,1,58,55,251.0,-89.0,71.0,-26.0,127.0,-12.0,-124.0,6357.0,73.0,64.0,8.940118412101674,62.40937499433321,
2222,1020.06793,220.33465050488633,34.987109519594654,222.09869700493704,28.0,0.6634,264.0,56.0,194.0,1065.0,20.0,309.0,112.0,325.0,22.473278004749687,137,3,58,56,247.0,-103.0,70.0,-44.0,108.0,-29.0,-139.0,6217.0,55.0,45.0,8.94461658488747,62.40937499433321,
2223,136.96332,92.42075166737676,14.390341372546114,137.45974017454574,28.0,0.7567,258.0,34.0,118.0,826.0,31.0,170.0,109.0,285.0,14.542732954790765,105,1,62,66,225.0,-21.0,65.0,79.0,174.0,51.0,-51.0,5797.0,127.0,17.0,8.003941564055252,62.40729166100007,
2224,122.88667,169.86479186835606,3.4810033005245065,184.4616334611324,28.0,0.654,253.0,39.0,129.0,846.0,28.0,189.0,105.0,281.0,1.8510594048708142,106,2,53,63,225.0,-39.0,65.0,60.0,156.0,32.0,-69.0,5772.0,108.0,-1.0,8.008439423883063,62.40729166100007,
2225,677.2943,229.53972552665863,37.809400882057176,240.58613693828656,28.0,0.79895,262.0,44.0,144.0,905.0,26.0,211.0,107.0,292.0,28.646701630203946,111,15,54,59,224.0,-50.0,64.0,46.0,144.0,20.0,-80.0,5745.0,96.0,-13.0,8.021933003366717,62.40729166100007,
2226,750.56586,227.9923474689883,31.29795892073815,231.1755197871901,28.0,0.8142,282.0,49.0,165.0,992.0,24.0,239.0,114.0,313.0,22.477759732386605,94,4,50,54,223.0,-61.0,64.0,32.0,131.0,7.0,-92.0,5685.0,83.0,-24.0,8.026430863194603,62.40729166100007,
2227,979.8262,190.34908635984138,10.163044867902983,185.22830673418264,28.0,0.7664,228.0,47.0,162.0,927.0,22.0,269.0,98.0,287.0,5.555301756580203,147,5,57,56,255.0,-83.0,73.0,-19.0,136.0,-5.0,-119.0,6451.0,81.0,71.0,8.943994268081399,62.40729166100007,
2228,1007.79364,238.06766410525708,22.776760249923612,217.0171990395504,28.0,0.6738,228.0,47.0,162.0,927.0,22.0,269.0,98.0,287.0,15.53561877111849,126,2,56,55,255.0,-83.0,73.0,-19.0,136.0,-5.0,-119.0,6451.0,81.0,71.0,8.94849212790921,62.40729166100007,
2229,618.1447,66.10538718492607,56.58911517910755,69.29686580784771,29.0,0.6671,258.0,35.0,119.0,834.0,31.0,171.0,109.0,288.0,42.73363349121442,99,2,58,62,224.0,-19.0,65.0,82.0,176.0,53.0,-48.0,5805.0,129.0,18.0,7.9943896496822155,62.40520832766692,
2230,147.8882,90.88472921210223,21.42891035770535,119.51899059164825,28.0,0.7719,258.0,34.0,118.0,826.0,31.0,170.0,109.0,285.0,20.77516899991081,110,3,58,67,225.0,-21.0,65.0,79.0,174.0,51.0,-51.0,5797.0,127.0,17.0,8.003384743521144,62.40520832766692,
2231,212.42354,279.2491102751294,36.07685043482015,252.55983355038077,28.0,0.78135,253.0,39.0,129.0,846.0,28.0,189.0,105.0,281.0,35.24624126412361,105,1,52,64,225.0,-39.0,65.0,60.0,156.0,32.0,-69.0,5772.0,108.0,-1.0,8.012379837360001,62.40520832766692,
2232,387.59952,249.00838522543913,60.32234235441413,254.86195709929663,28.0,0.7756,262.0,44.0,144.0,905.0,26.0,211.0,107.0,292.0,44.33448122100731,110,5,52,62,224.0,-50.0,64.0,46.0,144.0,20.0,-80.0,5745.0,96.0,-13.0,8.016877384279464,62.40520832766692,
2233,581.8295,232.5403614229285,49.07253839242233,246.39756228368776,28.0,0.8114,262.0,44.0,144.0,905.0,26.0,211.0,107.0,292.0,33.45810116892337,84,16,51,61,224.0,-50.0,64.0,46.0,144.0,20.0,-80.0,5745.0,96.0,-13.0,8.021374931198928,62.40520832766692,
2234,685.0777,243.38721784485367,28.849564764848008,242.82332341196513,28.0,0.8237,282.0,49.0,165.0,992.0,24.0,239.0,114.0,313.0,24.20634550440041,108,16,53,56,223.0,-61.0,64.0,32.0,131.0,7.0,-92.0,5685.0,83.0,-24.0,8.025872478118393,62.40520832766692,
2235,787.1494,256.38136992898006,29.367854814708842,253.69375206952168,28.0,0.7951,282.0,49.0,165.0,992.0,24.0,239.0,114.0,313.0,29.32391306412897,107,23,51,57,223.0,-61.0,64.0,32.0,131.0,7.0,-92.0,5685.0,83.0,-24.0,8.030370025037856,62.40520832766692,
2236,1001.97974,55.9153244573859,21.863550086802746,149.40329057511917,28.0,0.79245,228.0,47.0,162.0,927.0,22.0,269.0,98.0,287.0,14.095022882339597,135,5,58,55,255.0,-83.0,73.0,-19.0,136.0,-5.0,-119.0,6451.0,81.0,71.0,8.943372049687428,62.40520832766692,
2237,992.3384,249.63018033849306,8.891799282379894,196.0965583502416,28.0,0.785,228.0,47.0,162.0,927.0,22.0,269.0,98.0,287.0,6.736018436979965,134,2,58,54,255.0,-83.0,73.0,-19.0,136.0,-5.0,-119.0,6451.0,81.0,71.0,8.94786959660682,62.40520832766692,
2238,1027.3828,253.36179023187458,17.096480980862516,211.19182000113594,28.0,0.64225,241.0,50.0,173.0,978.0,21.0,285.0,103.0,302.0,12.261638237017715,129,3,57,56,252.0,-92.0,71.0,-30.0,124.0,-16.0,-128.0,6326.0,69.0,60.0,8.952367143526283,62.40520832766692,
2239,473.01883,72.52817181349992,77.4125967892643,41.94596791340997,29.0,0.7107,258.0,35.0,119.0,834.0,31.0,171.0,109.0,288.0,55.92397548268916,105,4,53,59,224.0,-19.0,65.0,82.0,176.0,53.0,-48.0,5805.0,129.0,18.0,7.998330776975228,62.40312499433378,
2240,159.4142,90.15305252310658,35.1732576143737,109.41420271632236,28.0,0.7745,258.0,34.0,118.0,826.0,31.0,170.0,109.0,285.0,25.878060424293672,116,4,53,67,225.0,-21.0,65.0,79.0,174.0,51.0,-51.0,5797.0,127.0,17.0,8.002828011035751,62.40312499433378,
2241,122.791534,125.51843445018477,3.9368722716886393,181.61574835882982,28.0,0.7908,258.0,34.0,118.0,826.0,31.0,170.0,109.0,285.0,1.6312297551668526,107,4,55,62,225.0,-21.0,65.0,79.0,174.0,51.0,-51.0,5797.0,127.0,17.0,8.007325245096203,62.40312499433378,
2242,184.32022,251.14714201473362,27.86691328691924,244.96256162845694,28.0,0.8251,253.0,39.0,129.0,846.0,28.0,189.0,105.0,281.0,26.059794977790308,101,4,54,64,225.0,-39.0,65.0,60.0,156.0,32.0,-69.0,5772.0,108.0,-1.0,8.011822479156727,62.40312499433378,
2243,294.51227,251.882110714482,35.993578032115956,250.77024942989598,28.0,0.8376,253.0,39.0,129.0,846.0,28.0,189.0,105.0,281.0,29.031692327264704,105,4,47,63,225.0,-39.0,65.0,60.0,156.0,32.0,-69.0,5772.0,108.0,-1.0,8.01631971321725,62.40312499433378,
2244,464.47684,247.17718139760626,50.458553668281624,254.51411516137307,28.0,0.8239,262.0,44.0,144.0,905.0,26.0,211.0,107.0,292.0,41.560645805283954,94,17,51,62,224.0,-50.0,64.0,46.0,144.0,20.0,-80.0,5745.0,96.0,-13.0,8.020816947277773,62.40312499433378,
2245,628.81885,252.3900468284733,33.964522984333314,254.79636184793912,28.0,0.83385,282.0,49.0,165.0,992.0,24.0,239.0,114.0,313.0,31.254963829944387,104,17,52,60,223.0,-61.0,64.0,32.0,131.0,7.0,-92.0,5685.0,83.0,-24.0,8.025314181338295,62.40312499433378,
2246,739.91565,248.08256153271128,25.404513786589714,237.77127235380607,28.0,0.7903,282.0,49.0,165.0,992.0,24.0,239.0,114.0,313.0,21.112647971047505,109,5,50,55,223.0,-61.0,64.0,32.0,131.0,7.0,-92.0,5685.0,83.0,-24.0,8.029811415398818,62.40312499433378,
2247,685.45624,191.56681599256729,38.27728625914511,194.68339103549724,28.0,0.7495,232.0,41.0,145.0,864.0,24.0,226.0,94.0,265.0,24.24518427145846,104,9,52,62,242.0,-61.0,69.0,3.0,148.0,14.0,-94.0,6183.0,96.0,-22.0,8.421070778663623,62.40312499433378,
2248,1029.144,140.85858621540717,43.74991122799836,165.95166220303204,28.0,0.5925,228.0,47.0,162.0,927.0,22.0,269.0,98.0,287.0,21.654475582050907,111,0,57,53,255.0,-83.0,73.0,-19.0,136.0,-5.0,-119.0,6451.0,81.0,71.0,8.947247163743835,62.40312499433378,
2249,1048.3439,304.0560714325133,47.08720767268939,204.42344075595494,28.0,0.56825,241.0,50.0,173.0,978.0,21.0,285.0,103.0,302.0,23.11025047331251,127,3,54,53,252.0,-92.0,71.0,-30.0,124.0,-16.0,-128.0,6326.0,69.0,60.0,8.951744397804358,62.40312499433378,
2250,682.41327,162.15330411518954,33.905216192622504,161.67143698933944,28.0,0.7651,334.0,52.0,170.0,1099.0,28.0,229.0,137.0,367.0,18.72633937418043,129,24,54,55,205.0,-39.0,59.0,46.0,138.0,24.0,-67.0,5275.0,94.0,-5.0,7.606542296487487,62.401041661000626,
2251,696.1886,313.6597063567166,27.91329090110562,216.7911462747591,28.0,0.7693,330.0,51.0,169.0,1089.0,28.0,228.0,135.0,363.0,17.52282236721031,121,0,50,51,205.0,-40.0,59.0,46.0,138.0,24.0,-67.0,5293.0,95.0,-5.0,7.6200330602405675,62.401041661000626,
2252,127.87502,78.50936712554925,7.944767367670649,164.94532874329474,28.0,0.8051,258.0,34.0,118.0,826.0,31.0,170.0,109.0,285.0,5.786725033192093,106,2,59,64,225.0,-21.0,65.0,79.0,174.0,51.0,-51.0,5797.0,127.0,17.0,8.006768287830202,62.401041661000626,
2253,241.95723,250.42100865456524,33.54257298977479,250.7739795129036,28.0,0.8269,253.0,39.0,129.0,846.0,28.0,189.0,105.0,281.0,29.8388019616677,100,5,56,64,225.0,-39.0,65.0,60.0,156.0,32.0,-69.0,5772.0,108.0,-1.0,8.015762130332304,62.401041661000626,
2254,402.4396,274.8812919499956,40.341792541861025,247.41099060767638,28.0,0.8227,262.0,44.0,144.0,905.0,26.0,211.0,107.0,292.0,35.60356514220909,111,6,53,62,224.0,-50.0,64.0,46.0,144.0,20.0,-80.0,5745.0,96.0,-13.0,8.020259051583354,62.401041661000626,
2255,566.27924,257.92262407699815,35.02185947279835,253.35707205349516,28.0,0.83555,262.0,44.0,144.0,905.0,26.0,211.0,107.0,292.0,34.015732426386364,91,5,49,63,224.0,-50.0,64.0,46.0,144.0,20.0,-80.0,5745.0,96.0,-13.0,8.024755972834404,62.401041661000626,
2256,683.83765,242.1740983276602,27.4002598598411,245.26599430376066,28.0,0.84085,282.0,49.0,165.0,992.0,24.0,239.0,114.0,313.0,24.993363237460297,115,9,54,61,223.0,-61.0,64.0,32.0,131.0,7.0,-92.0,5685.0,83.0,-24.0,8.029252894085454,62.401041661000626,
2257,362.9093,264.48415899218077,5.118269190381622,197.46116827585212,28.0,0.7875,409.0,60.0,200.0,1318.0,30.0,250.0,168.0,453.0,5.520350131865082,133,5,55,61,187.0,-21.0,54.0,54.0,140.0,36.0,-47.0,4848.0,101.0,11.0,7.21930493269304,62.398958327667486,
2258,686.8853,218.52400289272686,17.090783791965293,207.22698851212454,28.0,0.8259,355.0,56.0,184.0,1171.0,27.0,245.0,145.0,389.0,12.652767654831278,95,10,52,47,203.0,-42.0,58.0,40.0,132.0,19.0,-71.0,5176.0,88.0,-9.0,7.5430607440469295,62.398958327667486,
2259,696.7816,144.06468530994974,31.673303708866033,143.78528370670892,28.0,0.8098,331.0,50.0,165.0,1082.0,29.0,223.0,136.0,364.0,20.15805694213379,136,7,56,57,205.0,-36.0,59.0,50.0,141.0,28.0,-64.0,5288.0,98.0,-1.0,7.597020045939279,62.398958327667486,
2260,657.66003,146.73570351432087,23.104611467586086,156.01912347761004,28.0,0.8024,341.0,54.0,178.0,1130.0,27.0,240.0,139.0,374.0,15.04537086557536,154,6,55,55,204.0,-45.0,59.0,40.0,132.0,18.0,-72.0,5282.0,89.0,-11.0,7.6015166544303145,62.398958327667486,
2261,639.24,218.1102171317407,12.095673845342807,181.5625459946643,28.0,0.80105,341.0,54.0,178.0,1130.0,27.0,240.0,139.0,374.0,6.8342391674289225,126,6,55,56,204.0,-45.0,59.0,40.0,132.0,18.0,-72.0,5282.0,89.0,-11.0,7.6060132629213495,62.398958327667486,
2262,697.86896,315.49753807461076,35.54368763377257,228.35637768346456,29.0,0.7506,373.0,64.0,209.0,1263.0,25.0,280.0,150.0,407.0,23.11538982261612,125,9,49,55,203.0,-61.0,59.0,20.0,113.0,0.0,-90.0,5164.0,70.0,-27.0,7.6150064799033474,62.398958327667486,
2263,156.30167,80.00626559504205,34.37773615870322,117.25742667719736,28.0,0.78755,256.0,35.0,119.0,828.0,31.0,171.0,108.0,285.0,23.481662555678287,108,6,52,63,225.0,-19.0,65.0,82.0,176.0,53.0,-49.0,5805.0,129.0,18.0,8.006211418622689,62.398958327667486,
2264,182.404,240.46146319411662,31.91452864515925,241.27373024479851,28.0,0.7803,251.0,36.0,120.0,819.0,30.0,175.0,105.0,277.0,30.980543670403527,102,6,58,63,226.0,-31.0,65.0,68.0,165.0,41.0,-61.0,5784.0,117.0,7.0,8.015204635604762,62.398958327667486,
2265,357.51495,259.4842632841706,39.78747239656083,254.2219265098569,28.0,0.7979,250.0,39.0,130.0,847.0,28.0,192.0,103.0,279.0,37.78831144067325,106,6,54,60,226.0,-41.0,65.0,58.0,155.0,30.0,-71.0,5812.0,107.0,-4.0,8.019701244095796,62.398958327667486,
2266,518.8687,249.1774602822116,34.2575515086681,252.75671727590955,28.0,0.82755,250.0,39.0,130.0,847.0,28.0,192.0,103.0,279.0,31.917194617919034,104,4,54,65,226.0,-41.0,65.0,58.0,155.0,30.0,-71.0,5812.0,107.0,-4.0,8.02419785258683,62.398958327667486,
2267,630.315,242.07914586852334,28.07766510097988,242.81476659574093,28.0,0.861,262.0,44.0,146.0,912.0,26.0,216.0,107.0,293.0,23.628644348629336,110,5,54,65,225.0,-53.0,64.0,44.0,142.0,17.0,-83.0,5771.0,94.0,-16.0,8.028694461077867,62.398958327667486,
2268,737.9605,252.34733143703664,31.19425672094432,253.69106375203057,28.0,0.8078,262.0,44.0,146.0,912.0,26.0,216.0,107.0,293.0,29.49854509010396,114,5,53,61,225.0,-53.0,64.0,44.0,142.0,17.0,-83.0,5771.0,94.0,-16.0,8.0331910695689,62.398958327667486,
2269,715.4235,148.19810180820969,22.674486224329197,171.03774452446518,28.0,0.7388,229.0,41.0,145.0,862.0,24.0,228.0,93.0,263.0,15.203266897452657,101,21,51,55,244.0,-63.0,70.0,2.0,148.0,13.0,-96.0,6212.0,96.0,-22.0,8.451375659234385,62.398958327667486,
2270,722.0668,182.61819379886077,25.866741750348016,197.67926596246625,28.0,0.7332,229.0,41.0,145.0,862.0,24.0,228.0,93.0,263.0,16.000798042208036,97,23,51,56,244.0,-63.0,70.0,2.0,148.0,13.0,-96.0,6212.0,96.0,-22.0,8.45587226772542,62.398958327667486,
2271,724.836,182.21719848767515,22.930444236225256,169.10768830158852,28.0,0.72085,228.0,41.0,144.0,856.0,24.0,226.0,92.0,261.0,16.891302355127674,109,10,52,58,245.0,-62.0,70.0,3.0,149.0,14.0,-96.0,6238.0,97.0,-22.0,8.469362093198525,62.398958327667486,
2272,679.6739,99.44058555093068,14.664406921841147,135.90985746484657,28.0,0.8154,341.0,51.0,170.0,1114.0,29.0,226.0,140.0,376.0,15.411919506137238,123,7,57,50,201.0,-33.0,58.0,51.0,141.0,29.0,-60.0,5166.0,98.0,1.0,7.538039876286238,62.39687499433433,
2273,652.4149,179.63469216626152,14.323447765168266,182.4473558793593,28.0,0.8511,355.0,56.0,184.0,1171.0,27.0,245.0,145.0,389.0,9.174871228516885,120,9,56,51,203.0,-42.0,58.0,40.0,132.0,19.0,-71.0,5176.0,88.0,-9.0,7.542536172066705,62.39687499433433,
2274,697.15765,227.3423069888747,34.76827527319246,236.64173234113753,28.0,0.8553,355.0,56.0,184.0,1171.0,27.0,245.0,145.0,389.0,25.328257961923782,114,10,55,52,203.0,-42.0,58.0,40.0,132.0,19.0,-71.0,5176.0,88.0,-9.0,7.5470324678471705,62.39687499433433,
2275,644.2399,145.4167000560793,21.576656198112353,154.6626715230714,28.0,0.8303,331.0,50.0,165.0,1082.0,29.0,223.0,136.0,364.0,14.267206593597933,132,8,54,56,205.0,-36.0,59.0,50.0,141.0,28.0,-64.0,5288.0,98.0,-1.0,7.596491721432221,62.39687499433433,
2276,628.74506,216.7192610564533,10.770863540606696,182.46450841974405,28.0,0.8241,341.0,54.0,178.0,1130.0,27.0,240.0,139.0,374.0,7.317271583010855,152,1,55,59,204.0,-45.0,59.0,40.0,132.0,18.0,-72.0,5282.0,89.0,-11.0,7.600988017212688,62.39687499433433,
2277,647.53815,310.1031527410385,18.509699836500992,207.73931908616194,28.0,0.8295,341.0,54.0,178.0,1130.0,27.0,240.0,139.0,374.0,12.236278702415616,132,0,51,57,204.0,-45.0,59.0,40.0,132.0,18.0,-72.0,5282.0,89.0,-11.0,7.605484312993154,62.39687499433433,
2278,126.30381,90.83500915032548,9.168515535080939,165.30652682178436,28.0,0.8015,251.0,36.0,120.0,819.0,30.0,175.0,105.0,277.0,6.010575660704626,94,3,58,66,226.0,-31.0,65.0,68.0,165.0,41.0,-61.0,5784.0,117.0,7.0,8.010150933234282,62.39687499433433,
2279,147.51056,236.72606193290844,23.060070992661622,217.34652384983838,28.0,0.78615,251.0,36.0,120.0,819.0,30.0,175.0,105.0,277.0,20.963571310156645,114,6,57,60,226.0,-31.0,65.0,68.0,165.0,41.0,-61.0,5784.0,117.0,7.0,8.014647229014749,62.39687499433433,
2280,319.43225,265.21090641293273,42.25256601619405,254.62344637210558,28.0,0.8107,250.0,39.0,130.0,847.0,28.0,192.0,103.0,279.0,38.50243610754028,101,5,50,63,226.0,-41.0,65.0,58.0,155.0,30.0,-71.0,5812.0,107.0,-4.0,8.019143524795215,62.39687499433433,
2281,469.12277,254.39744516337598,27.45131876799541,240.29539283329862,28.0,0.863,250.0,39.0,130.0,847.0,28.0,192.0,103.0,279.0,24.176449219022167,104,5,52,65,226.0,-41.0,65.0,58.0,155.0,30.0,-71.0,5812.0,107.0,-4.0,8.02363982057568,62.39687499433433,
2282,566.0887,243.03883240066185,30.30686988572467,249.07925025678742,28.0,0.8801,262.0,44.0,146.0,912.0,26.0,216.0,107.0,293.0,26.54552791372776,101,2,54,65,225.0,-53.0,64.0,44.0,142.0,17.0,-83.0,5771.0,94.0,-16.0,8.028136116356146,62.39687499433433,
2283,669.5021,238.4495131934716,35.155893892505404,249.54617901090316,28.0,0.8505,262.0,44.0,146.0,912.0,26.0,216.0,107.0,293.0,28.504135634769135,115,4,52,63,225.0,-53.0,64.0,44.0,142.0,17.0,-83.0,5771.0,94.0,-16.0,8.03263241213661,62.39687499433433,
2284,800.7853,243.09287957472637,39.550158172108034,254.83971844340195,28.0,0.8098,287.0,51.0,172.0,1017.0,23.0,247.0,115.0,318.0,33.70130464652842,124,5,56,60,223.0,-65.0,64.0,28.0,127.0,3.0,-96.0,5664.0,79.0,-28.0,8.037128707917079,62.39687499433433,
2285,764.4615,190.75464782279218,29.356660168449242,186.8782676408011,28.0,0.6435,228.0,41.0,144.0,856.0,24.0,226.0,92.0,261.0,19.7648442810348,107,8,57,56,245.0,-62.0,70.0,4.0,149.0,14.0,-96.0,6225.0,97.0,-22.0,8.45978051128007,62.39687499433433,
2286,762.3698,188.1967209276153,23.96468561658952,182.0199484039879,28.0,0.60755,228.0,41.0,144.0,856.0,24.0,226.0,92.0,261.0,16.052192239968942,115,9,57,58,245.0,-62.0,70.0,4.0,149.0,14.0,-96.0,6225.0,97.0,-22.0,8.464276807060536,62.39687499433433,
2287,681.6987,101.15624412409004,19.991196099364558,117.74796674881003,28.0,0.825,341.0,51.0,170.0,1114.0,29.0,226.0,140.0,376.0,21.612825844281378,124,23,57,51,201.0,-33.0,58.0,51.0,141.0,29.0,-60.0,5166.0,98.0,1.0,7.537515699894164,62.39479166100119,
2288,624.48096,141.44918492747115,13.951809745048763,160.93760800683899,28.0,0.8608,355.0,56.0,184.0,1171.0,27.0,245.0,145.0,389.0,11.063651656085518,117,10,56,52,203.0,-42.0,58.0,40.0,132.0,19.0,-71.0,5176.0,88.0,-9.0,7.542011683013495,62.39479166100119,
2289,623.41705,195.04745301313653,26.425896777555447,198.05081549750025,28.0,0.8576,355.0,56.0,184.0,1171.0,27.0,245.0,145.0,389.0,16.087467966910122,101,8,52,54,203.0,-42.0,58.0,40.0,132.0,19.0,-71.0,5176.0,88.0,-9.0,7.546507666132826,62.39479166100119,
2290,688.2982,222.09432144825118,47.3784972211243,241.5221780237099,29.0,0.8465,392.0,67.0,220.0,1326.0,25.0,293.0,158.0,427.0,31.04220182758694,108,9,52,55,200.0,-62.0,58.0,16.0,109.0,-3.0,-91.0,5109.0,66.0,-30.0,7.5510036492521575,62.39479166100119,
2291,637.08325,138.82897112463343,24.86032077367221,145.68166630235964,29.0,0.8078,330.0,50.0,164.0,1079.0,29.0,221.0,136.0,364.0,16.62821991953542,111,6,55,53,202.0,-34.0,59.0,51.0,141.0,29.0,-61.0,5243.0,99.0,0.0,7.591467497326066,62.39479166100119,
2292,612.45593,189.94883084882778,11.95138711143764,176.2464685643844,28.0,0.7975,331.0,50.0,165.0,1082.0,29.0,223.0,136.0,364.0,8.197404384033389,101,5,55,58,205.0,-36.0,59.0,50.0,141.0,28.0,-64.0,5288.0,98.0,-1.0,7.5959634804453975,62.39479166100119,
2293,634.59937,296.13712941621026,20.132047995658862,215.1736425517643,28.0,0.8008,341.0,54.0,178.0,1130.0,27.0,240.0,139.0,374.0,13.966951832396736,126,0,51,54,204.0,-45.0,59.0,40.0,132.0,18.0,-72.0,5282.0,89.0,-11.0,7.60045946356473,62.39479166100119,
2294,292.81424,81.0898750676768,45.56452589758201,66.04431817269375,28.0,0.71865,256.0,35.0,119.0,828.0,31.0,171.0,108.0,285.0,40.74613559074169,119,3,58,64,225.0,-19.0,65.0,82.0,176.0,53.0,-49.0,5805.0,129.0,18.0,8.005097944303749,62.39479166100119,
2295,155.23242,69.43208629229677,21.918929431874844,123.16412249812419,28.0,0.80665,251.0,36.0,120.0,819.0,30.0,175.0,105.0,277.0,20.344572538550914,108,0,54,67,226.0,-31.0,65.0,68.0,165.0,41.0,-61.0,5784.0,117.0,7.0,8.009593927423083,62.39479166100119,
2296,243.0963,252.22066231560282,53.68213394368486,252.80912802365623,28.0,0.8393,250.0,39.0,130.0,847.0,28.0,192.0,103.0,279.0,43.54797117819392,90,0,55,65,226.0,-41.0,65.0,58.0,155.0,30.0,-71.0,5812.0,107.0,-4.0,8.018585893661744,62.39479166100119,
2297,423.54105,235.7627135793617,33.86568526120947,237.91659922539,28.0,0.8696,250.0,39.0,130.0,847.0,28.0,192.0,103.0,279.0,23.681041532596208,97,3,50,67,226.0,-41.0,65.0,58.0,155.0,30.0,-71.0,5812.0,107.0,-4.0,8.023081876781076,62.39479166100119,
2298,505.83395,242.26549963728547,27.1103237093183,239.5220422593928,28.0,0.8864,262.0,44.0,146.0,912.0,26.0,216.0,107.0,293.0,22.076505177820067,107,4,54,65,225.0,-53.0,64.0,44.0,142.0,17.0,-83.0,5771.0,94.0,-16.0,8.027577859900406,62.39479166100119,
2299,601.2073,244.8411129527498,29.792842300399688,248.58434629566423,28.0,0.8701,262.0,44.0,146.0,912.0,26.0,216.0,107.0,293.0,25.762607941476126,113,5,57,64,225.0,-53.0,64.0,44.0,142.0,17.0,-83.0,5771.0,94.0,-16.0,8.032073843019736,62.39479166100119,
2300,725.80237,254.63453581180727,35.054086580963336,254.53496059468293,28.0,0.85265,287.0,51.0,172.0,1017.0,23.0,247.0,115.0,318.0,33.17005445638654,119,6,54,59,223.0,-65.0,64.0,28.0,127.0,3.0,-96.0,5664.0,79.0,-28.0,8.036569826139068,62.39479166100119,
2301,860.2638,252.42904931712513,32.784744127294395,254.78666911188682,28.0,0.8085,287.0,51.0,172.0,1017.0,23.0,247.0,115.0,318.0,30.236584538503852,117,4,55,50,223.0,-65.0,64.0,28.0,127.0,3.0,-96.0,5664.0,79.0,-28.0,8.0410658092584,62.39479166100119,
2302,381.3031,288.0896990510275,11.147446446055401,209.72249579038734,28.0,0.8131,409.0,60.0,200.0,1318.0,30.0,250.0,168.0,453.0,10.029236764125786,117,5,60,58,187.0,-21.0,54.0,54.0,140.0,36.0,-47.0,4848.0,101.0,11.0,7.217799000320581,62.39270832766804,
2303,666.9918,108.00496570527717,19.440161833394328,128.69127557513974,28.0,0.80015,341.0,51.0,170.0,1114.0,29.0,226.0,140.0,376.0,18.110757944802767,116,8,55,51,201.0,-33.0,58.0,51.0,141.0,29.0,-60.0,5166.0,98.0,1.0,7.536991606360986,62.39270832766804,
2304,609.95593,114.56231399403393,12.901274231732815,145.33953019097171,28.0,0.84565,341.0,51.0,170.0,1114.0,29.0,226.0,140.0,376.0,12.630025047541974,125,11,57,53,201.0,-33.0,58.0,51.0,141.0,29.0,-60.0,5166.0,98.0,1.0,7.541487276868607,62.39270832766804,
2305,579.4807,151.08453160780215,15.738076690663181,168.68340608077696,28.0,0.8602,355.0,56.0,184.0,1171.0,27.0,245.0,145.0,389.0,9.543593221443412,103,10,54,55,203.0,-42.0,58.0,40.0,132.0,19.0,-71.0,5176.0,88.0,-9.0,7.545982947376226,62.39270832766804,
2306,591.3687,207.33447942601072,32.249884442901354,212.83949415843597,29.0,0.86565,392.0,67.0,220.0,1326.0,25.0,293.0,158.0,427.0,20.662309952700912,109,13,54,54,200.0,-62.0,58.0,16.0,109.0,-3.0,-91.0,5109.0,66.0,-30.0,7.550478617883847,62.39270832766804,
2307,676.2698,225.95336767100062,50.79260034710827,247.89288273751973,29.0,0.8419,392.0,67.0,220.0,1326.0,25.0,293.0,158.0,427.0,33.50771742685339,106,9,57,54,200.0,-62.0,58.0,16.0,109.0,-3.0,-91.0,5109.0,66.0,-30.0,7.554974288391468,62.39270832766804,
2308,699.0257,141.8054228612981,47.206395854434234,126.11486181239339,28.0,0.81525,337.0,52.0,171.0,1105.0,28.0,228.0,138.0,370.0,29.355000773638686,135,6,55,55,204.0,-37.0,59.0,47.0,139.0,25.0,-65.0,5263.0,96.0,-4.0,7.5819483114371184,62.39270832766804,
2309,625.0771,148.51778161577195,34.59874692032192,144.25879538631196,29.0,0.8449,330.0,50.0,164.0,1079.0,29.0,221.0,136.0,364.0,22.027469141517656,120,8,56,55,202.0,-34.0,59.0,51.0,141.0,29.0,-61.0,5243.0,99.0,0.0,7.58644398194474,62.39270832766804,
2310,593.6329,176.09573425862044,17.701202421566318,168.6706569696964,29.0,0.838,330.0,50.0,164.0,1079.0,29.0,221.0,136.0,364.0,12.067226259577884,105,6,57,58,202.0,-34.0,59.0,51.0,141.0,29.0,-61.0,5243.0,99.0,0.0,7.5909396524523585,62.39270832766804,
2311,608.34174,281.11887374413027,20.060382940830966,215.83819548773138,28.0,0.8282,331.0,50.0,165.0,1082.0,29.0,223.0,136.0,364.0,14.121225680464706,116,3,56,59,205.0,-36.0,59.0,50.0,141.0,28.0,-64.0,5288.0,98.0,-1.0,7.59543532295998,62.39270832766804,
2312,691.74896,313.51546502947417,58.92693038808536,247.11314874496415,28.0,0.83545,331.0,50.0,165.0,1082.0,29.0,223.0,136.0,364.0,34.24725122533582,147,16,53,53,205.0,-36.0,59.0,50.0,141.0,28.0,-64.0,5288.0,98.0,-1.0,7.5999309934676,62.39270832766804,
2313,346.20712,80.35157356098789,43.279951830356346,66.57981973866424,28.0,0.76205,256.0,35.0,119.0,828.0,31.0,171.0,108.0,285.0,40.550849593876244,122,3,58,65,225.0,-19.0,65.0,82.0,176.0,53.0,-49.0,5805.0,129.0,18.0,8.004541339152649,62.39270832766804,
2314,197.39546,75.20288845443628,26.498994331026097,100.27577197656966,28.0,0.8259,251.0,36.0,120.0,819.0,30.0,175.0,105.0,277.0,27.67969088926723,107,5,55,62,226.0,-31.0,65.0,68.0,165.0,41.0,-61.0,5784.0,117.0,7.0,8.00903700966027,62.39270832766804,
2315,126.1633,157.8261863248542,6.848412445177179,167.08602928839028,28.0,0.8182,251.0,36.0,120.0,819.0,30.0,175.0,105.0,277.0,6.19568040584748,121,3,54,65,226.0,-31.0,65.0,68.0,165.0,41.0,-61.0,5784.0,117.0,7.0,8.01353268016789,62.39270832766804,
2316,158.7011,241.8409675044107,33.716774570483885,224.85261755401166,28.0,0.82105,250.0,39.0,130.0,847.0,28.0,192.0,103.0,279.0,24.15995433202155,119,0,56,64,226.0,-41.0,65.0,58.0,155.0,30.0,-71.0,5812.0,107.0,-4.0,8.018028350675511,62.39270832766804,
2317,327.24536,237.54066779232764,50.00838086595478,252.17265934427627,28.0,0.8745,250.0,39.0,130.0,847.0,28.0,192.0,103.0,279.0,36.69671357482932,101,6,54,67,226.0,-41.0,65.0,58.0,155.0,30.0,-71.0,5812.0,107.0,-4.0,8.02252402118313,62.39270832766804,
2318,445.75894,236.61180797241684,33.84343225400473,243.41028848000565,28.0,0.8871,262.0,44.0,146.0,912.0,26.0,216.0,107.0,293.0,25.57771836118566,91,3,56,66,225.0,-53.0,64.0,44.0,142.0,17.0,-83.0,5771.0,94.0,-16.0,8.02701969169075,62.39270832766804,
2319,537.40814,241.02614398345506,31.592294925417203,248.7120890515576,28.0,0.89055,262.0,44.0,146.0,912.0,26.0,216.0,107.0,293.0,26.596287227506533,90,2,52,65,225.0,-53.0,64.0,44.0,142.0,17.0,-83.0,5771.0,94.0,-16.0,8.031515362198371,62.39270832766804,
2320,659.3043,245.07179723054026,39.581791850867035,254.90025757141285,28.0,0.81735,287.0,51.0,172.0,1017.0,23.0,247.0,115.0,318.0,34.66234636775818,107,4,54,60,223.0,-65.0,64.0,28.0,127.0,3.0,-96.0,5664.0,79.0,-28.0,8.036011032705993,62.39270832766804,
2321,808.6481,255.07468354784848,31.928278462498913,254.63976738552674,28.0,0.7707,287.0,51.0,172.0,1017.0,23.0,247.0,115.0,318.0,30.855782264642468,120,6,55,53,223.0,-65.0,64.0,28.0,127.0,3.0,-96.0,5664.0,79.0,-28.0,8.040506703213614,62.39270832766804,
2322,356.8509,290.69020941726455,7.258847193396594,201.3093006642577,28.0,0.7662,394.0,57.0,190.0,1270.0,32.0,236.0,163.0,442.0,7.303605990451906,124,4,55,59,186.0,-14.0,53.0,64.0,147.0,45.0,-39.0,4892.0,109.0,19.0,7.212801823605489,62.3906249943349,
2323,694.549,66.31647926963086,34.13306436430434,102.36798728777534,28.0,0.80405,338.0,50.0,165.0,1095.0,29.0,221.0,139.0,371.0,28.96038392309579,117,8,53,49,201.0,-31.0,58.0,54.0,143.0,32.0,-58.0,5239.0,101.0,3.0,7.536467595668044,62.3906249943349,
2324,603.1907,86.01480222810254,19.935660257557366,127.82396155854106,28.0,0.80655,338.0,50.0,165.0,1095.0,29.0,221.0,139.0,371.0,18.170358980139785,112,17,53,53,201.0,-31.0,58.0,54.0,143.0,32.0,-58.0,5239.0,101.0,3.0,7.540962953613368,62.3906249943349,
2325,552.28125,122.76139992420538,12.850788989207027,156.04961233653597,28.0,0.8229,330.0,48.0,160.0,1068.0,30.0,213.0,136.0,364.0,10.347284910482939,118,7,54,50,202.0,-27.0,58.0,58.0,148.0,36.0,-54.0,5230.0,105.0,7.0,7.54545831155869,62.3906249943349,
2326,538.70306,181.325388257473,14.499162180616727,184.18938845823394,28.0,0.8545,330.0,48.0,160.0,1068.0,30.0,213.0,136.0,364.0,8.425776276119517,122,5,55,56,202.0,-27.0,58.0,58.0,148.0,36.0,-54.0,5230.0,105.0,7.0,7.549953669504013,62.3906249943349,
2327,579.9319,221.7751673993289,33.386866894955354,227.62420172583984,28.0,0.8518,330.0,49.0,162.0,1073.0,30.0,216.0,136.0,365.0,22.93990859238421,92,14,56,53,201.0,-29.0,58.0,56.0,145.0,34.0,-56.0,5211.0,103.0,5.0,7.554449027449334,62.3906249943349,
2328,811.6746,217.2527917400994,75.08855248650714,239.63949154707254,29.0,0.81625,330.0,49.0,162.0,1072.0,29.0,216.0,136.0,364.0,41.27899745727431,113,8,54,51,203.0,-31.0,59.0,55.0,145.0,33.0,-58.0,5249.0,102.0,4.0,7.563439743339979,62.3906249943349,
2329,672.73425,149.2635350324151,51.87838579435754,135.28807384563808,29.0,0.8042,329.0,49.0,162.0,1071.0,29.0,218.0,135.0,362.0,29.324709594457076,113,6,56,54,203.0,-32.0,59.0,53.0,144.0,31.0,-59.0,5274.0,101.0,2.0,7.576925817175874,62.3906249943349,
2330,610.1219,149.93707324170202,39.34277277201119,138.3772873441801,29.0,0.8532,329.0,49.0,162.0,1071.0,29.0,218.0,135.0,362.0,25.978977608236843,123,7,54,57,203.0,-32.0,59.0,53.0,144.0,31.0,-59.0,5274.0,101.0,2.0,7.5814211751211955,62.3906249943349,
2331,576.64484,206.36320776865745,16.334073610247025,175.46097980761792,28.0,0.8508,340.0,53.0,174.0,1118.0,28.0,234.0,139.0,373.0,11.413315458820325,112,5,55,59,205.0,-41.0,59.0,44.0,136.0,22.0,-69.0,5258.0,92.0,-6.0,7.585916533066517,62.3906249943349,
2332,654.20123,305.1507151562126,43.06540571943238,244.99631452042343,29.0,0.8371,370.0,63.0,205.0,1248.0,25.0,274.0,149.0,404.0,33.43953218676189,124,5,52,58,203.0,-58.0,59.0,24.0,116.0,3.0,-87.0,5161.0,73.0,-24.0,7.594907248957162,62.3906249943349,
2333,239.72229,74.38493536507724,30.854894180358723,93.99172290812587,28.0,0.8207,254.0,34.0,117.0,821.0,31.0,170.0,107.0,283.0,30.20112333123456,116,6,54,63,227.0,-20.0,65.0,82.0,177.0,53.0,-50.0,5838.0,129.0,18.0,8.00848017992602,62.3906249943349,
2334,146.93198,83.90537041531985,19.65879192208428,142.49798975423565,28.0,0.8287,254.0,34.0,117.0,821.0,31.0,170.0,107.0,283.0,16.38959757338465,106,3,54,62,227.0,-20.0,65.0,82.0,177.0,53.0,-50.0,5838.0,129.0,18.0,8.012975537871341,62.3906249943349,
2335,214.77538,232.90848329377502,48.01988759388472,247.729951422618,28.0,0.8678,252.0,34.0,115.0,806.0,31.0,168.0,106.0,276.0,34.74058721780091,107,0,55,67,226.0,-26.0,65.0,75.0,170.0,46.0,-56.0,5812.0,122.0,12.0,8.021966253761986,62.3906249943349,
2336,348.679,229.2944800536984,51.07527187532724,253.31042304334463,28.0,0.8844,246.0,39.0,128.0,834.0,28.0,189.0,102.0,275.0,35.51595507269279,98,5,56,65,226.0,-40.0,65.0,58.0,156.0,31.0,-70.0,5816.0,108.0,-2.0,8.026461611707308,62.3906249943349,
2337,468.11768,240.7744089247624,38.42457298235365,250.1773211732689,28.0,0.8745,246.0,39.0,128.0,834.0,28.0,189.0,102.0,275.0,28.603321861274818,81,4,53,63,226.0,-40.0,65.0,58.0,156.0,31.0,-70.0,5816.0,108.0,-2.0,8.03095696965263,62.3906249943349,
2338,577.91364,245.90287563598343,37.300514446210144,251.72574684484206,29.0,0.85125,266.0,46.0,153.0,936.0,25.0,225.0,108.0,298.0,30.809268824088353,111,2,59,61,224.0,-57.0,65.0,39.0,137.0,13.0,-87.0,5720.0,89.0,-19.0,8.035452327597953,62.3906249943349,
2339,744.0239,247.03195318075853,42.75230523024631,254.5547472152671,29.0,0.7594,266.0,46.0,153.0,936.0,25.0,225.0,108.0,298.0,36.44678768347755,111,5,56,58,224.0,-57.0,65.0,39.0,137.0,13.0,-87.0,5720.0,89.0,-19.0,8.039947685543275,62.3906249943349,
2340,529.1891,80.89725611764463,13.206449618392009,160.50051503604223,28.0,0.8569,330.0,48.0,160.0,1068.0,30.0,213.0,136.0,364.0,8.632463937510192,116,6,56,57,202.0,-27.0,58.0,58.0,148.0,36.0,-54.0,5230.0,105.0,7.0,7.549428804093948,62.388541661001746,
2341,521.46747,194.77246937007638,16.683997306086024,194.47853729947357,28.0,0.8478,330.0,49.0,162.0,1073.0,30.0,216.0,136.0,365.0,10.391238403947956,101,7,54,58,201.0,-29.0,58.0,56.0,145.0,34.0,-56.0,5211.0,103.0,5.0,7.553923849526373,62.388541661001746,
2342,564.0223,220.3580484560944,32.3334837544176,223.57205995501894,29.0,0.8583,330.0,49.0,162.0,1072.0,29.0,216.0,136.0,364.0,21.060080988666687,103,10,56,54,203.0,-31.0,59.0,55.0,145.0,33.0,-58.0,5249.0,102.0,4.0,7.558418894958798,62.388541661001746,
2343,653.14355,214.10933719596568,55.377694827040614,228.28203820122576,29.0,0.85845,330.0,49.0,162.0,1072.0,29.0,216.0,136.0,364.0,33.85588245663828,73,5,54,52,203.0,-31.0,59.0,55.0,145.0,33.0,-58.0,5249.0,102.0,4.0,7.5629139403912236,62.388541661001746,
2344,664.1147,170.84329120241804,61.058929029537715,163.99886568717167,29.0,0.849,327.0,48.0,159.0,1061.0,30.0,214.0,135.0,361.0,31.5842429157162,115,9,53,54,203.0,-30.0,59.0,56.0,146.0,34.0,-57.0,5264.0,104.0,4.0,7.567408985823651,62.388541661001746,
2345,625.6609,153.88017485217617,44.31365277935116,148.42765650900046,29.0,0.8635,327.0,48.0,159.0,1061.0,30.0,214.0,135.0,361.0,23.91934195810834,96,10,58,59,203.0,-30.0,59.0,56.0,146.0,34.0,-57.0,5264.0,104.0,4.0,7.571904031256004,62.388541661001746,
2346,579.05615,147.6277352010706,35.16814026130512,142.5628822276906,29.0,0.8466,329.0,49.0,162.0,1071.0,29.0,218.0,135.0,362.0,23.05644712132943,117,8,59,58,203.0,-32.0,59.0,53.0,144.0,31.0,-59.0,5274.0,101.0,2.0,7.576399076688429,62.388541661001746,
2347,624.49207,305.3996221925003,24.56001585183479,226.84825481230504,28.0,0.8673,340.0,53.0,174.0,1118.0,28.0,234.0,139.0,373.0,18.761151033529895,117,7,54,59,205.0,-41.0,59.0,44.0,136.0,22.0,-69.0,5258.0,92.0,-6.0,7.589884212985705,62.388541661001746,
2348,723.89746,303.80711338310397,47.73363974712075,249.2984665129739,29.0,0.83465,370.0,63.0,205.0,1248.0,25.0,274.0,149.0,404.0,36.15747158778392,106,4,52,56,203.0,-58.0,59.0,24.0,116.0,3.0,-87.0,5161.0,73.0,-24.0,7.59437925841813,62.388541661001746,
2349,317.2967,54.15190126179476,43.873299855940715,102.66851960398206,28.0,0.81335,253.0,34.0,115.0,808.0,31.0,168.0,106.0,277.0,32.484871445108034,97,6,54,61,226.0,-27.0,65.0,73.0,169.0,45.0,-57.0,5804.0,121.0,11.0,8.00792343820049,62.388541661001746,
2350,213.05396,51.69516126942498,37.72825523326702,113.44615849674811,28.0,0.8304,254.0,34.0,117.0,821.0,31.0,170.0,107.0,283.0,28.787022557876945,110,3,55,62,227.0,-20.0,65.0,82.0,177.0,53.0,-50.0,5838.0,129.0,18.0,8.012418483632915,62.388541661001746,
2351,218.17455,226.9182066844635,49.72546669397626,247.65681203099072,28.0,0.8717,246.0,39.0,128.0,834.0,28.0,189.0,102.0,275.0,34.00632875020383,76,0,54,62,226.0,-40.0,65.0,58.0,156.0,31.0,-70.0,5816.0,108.0,-2.0,8.02590361993019,62.388541661001746,
2352,357.28012,230.48101139790273,56.425562555262424,254.60992297284866,28.0,0.87995,246.0,39.0,128.0,834.0,28.0,189.0,102.0,275.0,39.90676847624166,68,0,53,64,226.0,-40.0,65.0,58.0,156.0,31.0,-70.0,5816.0,108.0,-2.0,8.030398665362616,62.388541661001746,
2353,497.44452,238.70540027700116,44.433982368839345,253.5619752896738,29.0,0.8487,266.0,46.0,153.0,936.0,25.0,225.0,108.0,298.0,35.03135525071784,95,4,56,62,224.0,-57.0,65.0,39.0,137.0,13.0,-87.0,5720.0,89.0,-19.0,8.034893710795043,62.388541661001746,
2354,656.22046,253.99135001903406,45.0586994120421,255.0,29.0,0.7313,266.0,46.0,153.0,936.0,25.0,225.0,108.0,298.0,38.49045406510482,106,5,56,60,224.0,-57.0,65.0,39.0,137.0,13.0,-87.0,5720.0,89.0,-19.0,8.039388756227469,62.388541661001746,
2355,835.2726,250.65720073422037,46.42975735416494,255.0,28.0,0.5745,298.0,54.0,183.0,1065.0,23.0,261.0,119.0,329.0,40.25442015229383,118,4,54,56,222.0,-71.0,64.0,21.0,120.0,-4.0,-102.0,5633.0,72.0,-34.0,8.043883801659822,62.388541661001746,
2356,576.3584,58.091645873385794,26.851486826896068,122.42635253516607,28.0,0.8365,330.0,48.0,160.0,1068.0,30.0,213.0,136.0,364.0,22.839457875584603,132,6,56,54,202.0,-27.0,58.0,58.0,148.0,36.0,-54.0,5230.0,105.0,7.0,7.5489040216349705,62.386458327668606,
2357,510.57388,104.83204161379034,13.36494034463845,152.76923190939098,28.0,0.8478,330.0,49.0,162.0,1073.0,30.0,216.0,136.0,365.0,12.485112548182089,115,5,54,56,201.0,-29.0,58.0,56.0,145.0,34.0,-56.0,5211.0,103.0,5.0,7.55339875460389,62.386458327668606,
2358,513.9244,224.53296635743314,15.3970634039978,202.97363448709638,28.0,0.8583,330.0,49.0,162.0,1073.0,30.0,216.0,136.0,365.0,10.980940845814164,109,7,54,57,201.0,-29.0,58.0,56.0,145.0,34.0,-56.0,5211.0,103.0,5.0,7.557893487572809,62.386458327668606,
2359,558.1045,209.53066857582965,30.948710571160213,205.78023090162995,29.0,0.8735,330.0,49.0,162.0,1072.0,29.0,216.0,136.0,364.0,20.570842993182747,92,9,55,60,203.0,-31.0,59.0,55.0,145.0,33.0,-58.0,5249.0,102.0,4.0,7.5623882205417265,62.386458327668606,
2360,565.28925,185.80471888066583,30.789815497820484,183.81735369462697,29.0,0.8634,327.0,48.0,159.0,1061.0,30.0,214.0,135.0,361.0,15.843267244520117,110,7,54,58,203.0,-30.0,59.0,56.0,146.0,34.0,-57.0,5264.0,104.0,4.0,7.566882953510648,62.386458327668606,
2361,561.406,159.13112057892133,22.16602616459994,165.7197237680414,29.0,0.85155,327.0,48.0,159.0,1061.0,30.0,214.0,135.0,361.0,13.667218412317203,113,6,59,57,203.0,-30.0,59.0,56.0,146.0,34.0,-57.0,5264.0,104.0,4.0,7.571377686479494,62.386458327668606,
2362,535.0856,164.3531224136893,12.740257438809074,165.04297990411777,29.0,0.83855,329.0,49.0,162.0,1071.0,29.0,218.0,135.0,362.0,8.192613670424999,115,7,53,58,203.0,-32.0,59.0,53.0,144.0,31.0,-59.0,5274.0,101.0,2.0,7.575872419448413,62.386458327668606,
2363,658.5049,284.80117505863524,21.842157026789522,241.79447244931586,28.0,0.8538,340.0,53.0,174.0,1118.0,28.0,234.0,139.0,373.0,23.861913574483395,118,5,52,62,205.0,-41.0,59.0,44.0,136.0,22.0,-69.0,5258.0,92.0,-6.0,7.58935661835517,62.386458327668606,
2364,762.5313,264.22884741214875,30.78074102572497,250.9907063294687,29.0,0.8388,370.0,63.0,205.0,1248.0,25.0,274.0,149.0,404.0,28.326513278952383,119,5,54,57,203.0,-58.0,59.0,24.0,116.0,3.0,-87.0,5161.0,73.0,-24.0,7.59385135132409,62.386458327668606,
2365,425.81277,55.94737485261279,51.54484829719925,93.21595846874126,28.0,0.7657,253.0,34.0,115.0,808.0,31.0,168.0,106.0,277.0,36.01283602619629,98,5,54,58,226.0,-27.0,65.0,73.0,169.0,45.0,-57.0,5804.0,121.0,11.0,8.007366784463864,62.386458327668606,
2366,312.92615,49.18107487735328,43.63489123366646,111.50520674862888,28.0,0.8199,254.0,34.0,117.0,821.0,31.0,170.0,107.0,283.0,30.32550316182994,117,6,52,63,227.0,-20.0,65.0,82.0,177.0,53.0,-50.0,5838.0,129.0,18.0,8.01186151743278,62.386458327668606,
2367,196.8723,58.80635065891139,37.67480223045414,104.0853553049586,28.0,0.8314,254.0,34.0,117.0,821.0,31.0,170.0,107.0,283.0,29.975386368574732,98,3,56,64,227.0,-20.0,65.0,82.0,177.0,53.0,-50.0,5838.0,129.0,18.0,8.0163562504017,62.386458327668606,
2368,235.17548,240.21177961762405,43.64020882855861,253.64589734055815,28.0,0.87105,246.0,39.0,128.0,834.0,28.0,189.0,102.0,275.0,33.28936007481311,93,4,58,62,226.0,-40.0,65.0,58.0,156.0,31.0,-70.0,5816.0,108.0,-2.0,8.029840449308457,62.386458327668606,
2369,396.8806,244.75704799388183,49.84021024700269,255.0,29.0,0.8182,266.0,46.0,153.0,936.0,25.0,225.0,108.0,298.0,39.47787115239599,102,4,54,63,224.0,-57.0,65.0,39.0,137.0,13.0,-87.0,5720.0,89.0,-19.0,8.034335182277378,62.386458327668606,
2370,559.29407,241.88917220681284,50.71491879329529,254.91382064861898,29.0,0.71625,266.0,46.0,153.0,936.0,25.0,225.0,108.0,298.0,39.29556149957583,90,4,55,62,224.0,-57.0,65.0,39.0,137.0,13.0,-87.0,5720.0,89.0,-19.0,8.038829915246296,62.386458327668606,
2371,534.8483,87.28167110989281,18.383470389228734,120.46383147136963,28.0,0.8616,330.0,49.0,162.0,1073.0,30.0,216.0,136.0,365.0,20.726473045742726,117,5,61,58,201.0,-29.0,58.0,56.0,145.0,34.0,-56.0,5211.0,103.0,5.0,7.5528737426631825,62.38437499433545,
2372,491.94122,198.62818922037673,14.763286948350986,189.89577859822026,28.0,0.8613,330.0,49.0,162.0,1073.0,30.0,216.0,136.0,365.0,14.692765271130538,115,7,56,61,201.0,-29.0,58.0,56.0,145.0,34.0,-56.0,5211.0,103.0,5.0,7.557368163217974,62.38437499433545,
2373,506.90002,180.6973356489365,21.704890261572437,174.0749400781034,29.0,0.8726,330.0,49.0,162.0,1072.0,29.0,216.0,136.0,364.0,14.461064891658888,123,4,54,58,203.0,-31.0,59.0,55.0,145.0,33.0,-58.0,5249.0,102.0,4.0,7.561862583772765,62.38437499433545,
2374,512.36743,197.08153778151637,20.947657371375165,188.9008006888002,29.0,0.8633,330.0,49.0,162.0,1072.0,29.0,216.0,136.0,364.0,13.731820140950171,107,5,56,59,203.0,-31.0,59.0,55.0,145.0,33.0,-58.0,5249.0,102.0,4.0,7.566357004327558,62.38437499433545,
2375,522.311,184.25629501677315,18.532677273269616,182.98932278583217,29.0,0.82295,327.0,48.0,159.0,1061.0,30.0,214.0,135.0,361.0,12.02480360494114,120,5,58,61,203.0,-30.0,59.0,56.0,146.0,34.0,-57.0,5264.0,104.0,4.0,7.570851424882278,62.38437499433545,
2376,642.1445,258.0813215553017,14.894883861021128,225.1671804471189,28.0,0.7971,340.0,53.0,174.0,1118.0,28.0,234.0,139.0,373.0,15.931955552227436,130,1,54,60,205.0,-41.0,59.0,44.0,136.0,22.0,-69.0,5258.0,92.0,-6.0,7.5888291071014455,62.38437499433545,
2377,705.3218,230.99514151479357,28.70319771742905,233.9437738354607,29.0,0.821,370.0,63.0,205.0,1248.0,25.0,274.0,149.0,404.0,22.82358985068385,133,3,56,57,203.0,-58.0,59.0,24.0,116.0,3.0,-87.0,5161.0,73.0,-24.0,7.593323527656238,62.38437499433545,
2378,791.35834,223.0970741020661,49.767020275239325,241.22809926036783,29.0,0.8164,370.0,63.0,205.0,1248.0,25.0,274.0,149.0,404.0,31.11003742973746,128,6,55,58,203.0,-58.0,59.0,24.0,116.0,3.0,-87.0,5161.0,73.0,-24.0,7.597817948211031,62.38437499433545,
2379,907.4435,180.194179297809,38.98753118941354,181.96871344319328,29.0,0.7452,316.0,57.0,187.0,1105.0,23.0,262.0,127.0,347.0,20.51047295859872,113,7,44,52,217.0,-68.0,63.0,22.0,119.0,-2.0,-98.0,5494.0,72.0,-31.0,7.912427387045894,62.38437499433545,
2380,929.2582,198.97956421116044,47.17414099464988,204.5485781904503,29.0,0.7814,319.0,58.0,191.0,1121.0,23.0,267.0,128.0,351.0,25.33429940063975,113,9,45,54,217.0,-69.0,63.0,19.0,117.0,-4.0,-100.0,5487.0,70.0,-33.0,7.916921807600687,62.38437499433545,
2381,974.68414,205.26803864102328,48.009432604365045,216.09238952254813,29.0,0.7712,319.0,58.0,191.0,1121.0,23.0,267.0,128.0,351.0,27.893151548629053,110,9,50,47,217.0,-69.0,63.0,19.0,117.0,-4.0,-100.0,5487.0,70.0,-33.0,7.921416228155479,62.38437499433545,
2382,549.2462,57.33911748460324,56.94921138156122,80.38127351948663,28.0,0.7745,253.0,34.0,115.0,808.0,31.0,168.0,106.0,277.0,41.6731647344498,111,2,55,57,226.0,-27.0,65.0,73.0,169.0,45.0,-57.0,5804.0,121.0,11.0,8.00681021869631,62.38437499433545,
2383,287.1145,63.520199391690575,39.47349361316705,93.7220367633166,28.0,0.8452,254.0,34.0,117.0,821.0,31.0,170.0,107.0,283.0,32.627826190479055,95,4,56,63,227.0,-20.0,65.0,82.0,177.0,53.0,-50.0,5838.0,129.0,18.0,8.015799059805895,62.38437499433545,
2384,166.10223,247.7244753354931,24.485085852721685,240.05493826369408,28.0,0.8525,246.0,39.0,128.0,834.0,28.0,189.0,102.0,275.0,22.852655580260507,116,3,58,61,226.0,-40.0,65.0,58.0,156.0,31.0,-70.0,5816.0,108.0,-2.0,8.029282321470271,62.38437499433545,
2385,288.55646,240.38084934614082,47.380300756754046,254.34980458213306,29.0,0.8072,266.0,46.0,153.0,936.0,25.0,225.0,108.0,298.0,37.38401354829995,108,3,56,62,224.0,-57.0,65.0,39.0,137.0,13.0,-87.0,5720.0,89.0,-19.0,8.033776742025063,62.38437499433545,
2386,635.0291,254.36537988027035,50.986763344332694,255.0,28.0,0.70375,298.0,54.0,183.0,1065.0,23.0,261.0,119.0,329.0,42.034640556645236,106,6,53,57,222.0,-71.0,64.0,21.0,120.0,-4.0,-102.0,5633.0,72.0,-34.0,8.042765583134575,62.38437499433545,
2387,530.1092,101.24816024798574,22.944020599466224,106.85225569989304,29.0,0.87515,321.0,46.0,153.0,1036.0,30.0,205.0,133.0,356.0,24.87637698785698,114,6,57,54,203.0,-23.0,59.0,63.0,152.0,40.0,-51.0,5248.0,110.0,11.0,7.552348813685561,62.3822916610023,
2388,463.5331,140.69812819775615,18.879713228489695,158.30815139321285,29.0,0.86805,321.0,46.0,153.0,1036.0,30.0,205.0,133.0,356.0,16.139774572012822,110,5,56,59,203.0,-23.0,59.0,63.0,152.0,40.0,-51.0,5248.0,110.0,11.0,7.556842921875595,62.3822916610023,
2389,454.72864,184.42128696297644,22.595725556170663,181.25976465802623,28.0,0.86085,326.0,48.0,159.0,1059.0,30.0,213.0,134.0,360.0,16.364239628811646,123,5,56,57,205.0,-29.0,59.0,57.0,148.0,34.0,-57.0,5278.0,105.0,5.0,7.561337030065627,62.3822916610023,
2390,471.87186,217.10565932582256,17.71508163610665,199.48263243244512,28.0,0.85175,326.0,48.0,159.0,1059.0,30.0,213.0,134.0,360.0,15.17014559480077,127,3,58,58,205.0,-29.0,59.0,57.0,148.0,34.0,-57.0,5278.0,105.0,5.0,7.5658311382556604,62.3822916610023,
2391,634.67865,257.3450913912036,12.965752718674134,197.30724308531518,28.0,0.8029,333.0,51.0,168.0,1093.0,28.0,227.0,136.0,366.0,8.90812582828043,110,0,53,59,205.0,-38.0,59.0,48.0,139.0,25.0,-66.0,5288.0,96.0,-4.0,7.588301679205753,62.3822916610023,
2392,656.95996,245.3968925709481,13.009554759883132,206.55085401229832,28.0,0.8103,334.0,52.0,171.0,1102.0,28.0,231.0,137.0,368.0,9.983499290935052,144,1,55,60,205.0,-40.0,59.0,46.0,137.0,23.0,-68.0,5281.0,94.0,-6.0,7.592795787395786,62.3822916610023,
2393,702.0632,224.36489381326942,27.338068486343584,216.9280957918066,28.0,0.8192,334.0,52.0,171.0,1102.0,28.0,231.0,137.0,368.0,17.85081922636077,123,6,57,60,205.0,-40.0,59.0,46.0,137.0,23.0,-68.0,5281.0,94.0,-6.0,7.59728989558582,62.3822916610023,
2394,755.1907,216.2194825997893,43.64290238360125,224.25544542059694,28.0,0.8296,338.0,53.0,175.0,1118.0,27.0,237.0,138.0,371.0,25.576287987543537,127,7,56,58,205.0,-44.0,59.0,41.0,133.0,19.0,-72.0,5286.0,90.0,-10.0,7.601784003775852,62.3822916610023,
2395,829.08655,208.5894714474005,64.29561746628427,228.09498927964412,28.0,0.8389,338.0,53.0,175.0,1118.0,27.0,237.0,138.0,371.0,34.61737001045311,124,5,53,55,205.0,-44.0,59.0,41.0,133.0,19.0,-72.0,5286.0,90.0,-10.0,7.606278111965884,62.3822916610023,
2396,851.57336,166.56629644467708,17.10534107212285,173.11809248872623,28.0,0.7785,280.0,47.0,155.0,965.0,26.0,223.0,114.0,312.0,10.190854635820003,105,6,50,54,219.0,-52.0,63.0,40.0,137.0,16.0,-82.0,5589.0,90.0,-16.0,7.91187746888755,62.3822916610023,
2397,859.0648,205.04560409003352,19.614631889325903,195.54573811247883,28.0,0.8116,280.0,47.0,155.0,965.0,26.0,223.0,114.0,312.0,11.443718329789169,107,6,48,54,219.0,-52.0,63.0,40.0,137.0,16.0,-82.0,5589.0,90.0,-16.0,7.916371577077584,62.3822916610023,
2398,887.15576,212.1720815875342,26.4464512741636,206.49425509769293,28.0,0.8105,282.0,48.0,158.0,973.0,25.0,226.0,115.0,313.0,15.90864858643412,116,8,45,53,220.0,-54.0,63.0,38.0,136.0,14.0,-84.0,5617.0,89.0,-18.0,7.920865685267616,62.3822916610023,
2399,926.656,202.60911144693588,37.95769071059723,204.82264354718276,29.0,0.7962,285.0,49.0,161.0,988.0,25.0,231.0,116.0,317.0,21.24509727328956,118,5,46,53,219.0,-55.0,64.0,36.0,133.0,11.0,-86.0,5572.0,86.0,-19.0,7.925359793457576,62.3822916610023,
2400,517.34,58.689624403102755,48.77070037155974,87.04110139742538,28.0,0.83085,248.0,35.0,117.0,804.0,30.0,171.0,104.0,273.0,37.94142953388276,129,4,55,60,225.0,-29.0,65.0,70.0,165.0,42.0,-60.0,5770.0,118.0,7.0,8.01074784906806,62.3822916610023,
2401,368.35724,65.3353689446573,40.76957770877452,88.37692007623173,28.0,0.85455,248.0,35.0,117.0,804.0,30.0,171.0,104.0,273.0,34.32852798545797,112,4,54,62,225.0,-29.0,65.0,70.0,165.0,42.0,-60.0,5770.0,118.0,7.0,8.015241957258093,62.3822916610023,
2402,233.86467,69.4839399525719,33.384563665258625,94.27326951847552,28.0,0.8604,250.0,34.0,117.0,812.0,31.0,169.0,105.0,279.0,30.748021252720548,93,2,51,64,227.0,-20.0,65.0,81.0,176.0,52.0,-51.0,5838.0,129.0,18.0,8.019736065448125,62.3822916610023,
2403,197.11995,235.04410966056173,36.235415879965515,240.80233896224107,29.0,0.8586,250.0,34.0,115.0,805.0,31.0,168.0,105.0,276.0,28.512969965039535,112,1,59,64,227.0,-23.0,66.0,78.0,174.0,49.0,-53.0,5852.0,126.0,15.0,8.033218390018224,62.3822916610023,
2404,332.71353,240.4410039068663,50.07588268768766,255.0,28.0,0.80515,245.0,39.0,127.0,830.0,28.0,190.0,101.0,273.0,37.70469152533922,106,8,57,62,227.0,-41.0,65.0,57.0,155.0,30.0,-72.0,5806.0,107.0,-4.0,8.037712498208256,62.3822916610023,
2405,523.2049,102.33517569037751,26.789491255309198,98.95151443642736,29.0,0.8791,321.0,46.0,153.0,1036.0,30.0,205.0,133.0,356.0,27.866650826426305,125,3,60,54,203.0,-23.0,59.0,63.0,152.0,40.0,-51.0,5248.0,110.0,11.0,7.551823967652348,62.38020832766916,
2406,443.21066,113.79987695500202,13.089075180683267,143.35093313482756,29.0,0.86715,321.0,46.0,153.0,1036.0,30.0,205.0,133.0,356.0,12.810859811937163,111,3,56,55,203.0,-23.0,59.0,63.0,152.0,40.0,-51.0,5248.0,110.0,11.0,7.55631776352698,62.38020832766916,
2407,681.83246,51.06629474529406,36.61220403147482,156.35085495611727,28.0,0.84185,333.0,51.0,168.0,1093.0,28.0,227.0,136.0,366.0,22.000594810781376,114,3,51,56,205.0,-38.0,59.0,48.0,139.0,25.0,-66.0,5288.0,96.0,-4.0,7.587774334649323,62.38020832766916,
2408,658.52795,173.33809602329532,19.003668200398117,178.15238634347028,28.0,0.8221,334.0,52.0,171.0,1102.0,28.0,231.0,137.0,368.0,11.17864305345418,106,3,52,56,205.0,-40.0,59.0,46.0,137.0,23.0,-68.0,5281.0,94.0,-6.0,7.592268130523953,62.38020832766916,
2409,667.91125,245.896242702858,10.548762319353497,195.36969663201927,28.0,0.8145,334.0,52.0,171.0,1102.0,28.0,231.0,137.0,368.0,6.97691758263959,121,0,55,58,205.0,-40.0,59.0,46.0,137.0,23.0,-68.0,5281.0,94.0,-6.0,7.596761926398585,62.38020832766916,
2410,691.1974,219.97773127955162,15.896035364093203,200.3243957204984,28.0,0.8098,338.0,53.0,175.0,1118.0,27.0,237.0,138.0,371.0,10.901033924184231,132,1,55,57,205.0,-44.0,59.0,41.0,133.0,19.0,-72.0,5286.0,90.0,-10.0,7.6012557222732156,62.38020832766916,
2411,724.6824,213.911263652134,27.191912099021135,208.69410049795033,28.0,0.8156,338.0,53.0,175.0,1118.0,27.0,237.0,138.0,371.0,17.380908342395884,128,8,53,56,205.0,-44.0,59.0,41.0,133.0,19.0,-72.0,5286.0,90.0,-10.0,7.605749518147846,62.38020832766916,
2412,760.3492,198.90279708213944,38.94154474923855,200.8399804814661,29.0,0.8217,339.0,54.0,176.0,1123.0,27.0,239.0,138.0,371.0,21.80335908868371,122,6,54,56,205.0,-46.0,60.0,40.0,132.0,18.0,-73.0,5288.0,88.0,-11.0,7.610243314022405,62.38020832766916,
2413,825.1711,171.81232646912787,7.564155611922143,178.555786035785,28.0,0.7286,280.0,47.0,155.0,965.0,26.0,223.0,114.0,312.0,4.127877253632549,110,8,53,54,219.0,-52.0,63.0,40.0,137.0,16.0,-82.0,5589.0,90.0,-16.0,7.91132763762217,62.38020832766916,
2414,826.7006,196.21170803466126,8.932687473462636,188.1159695297372,28.0,0.7682,280.0,47.0,155.0,965.0,26.0,223.0,114.0,312.0,5.62438380868723,111,7,53,53,219.0,-52.0,63.0,40.0,137.0,16.0,-82.0,5589.0,90.0,-16.0,7.915821433496802,62.38020832766916,
2415,843.3167,213.99818944762663,14.27064995003264,196.1015014878297,28.0,0.7676,282.0,48.0,158.0,973.0,25.0,226.0,115.0,313.0,9.052494266879233,107,7,47,53,220.0,-54.0,63.0,38.0,136.0,14.0,-84.0,5617.0,89.0,-18.0,7.9203152293714325,62.38020832766916,
2416,864.2754,201.83987190371374,18.08305541421409,192.56256531096338,28.0,0.7622,282.0,48.0,158.0,973.0,25.0,226.0,115.0,313.0,11.091115583471565,104,6,48,55,220.0,-54.0,63.0,38.0,136.0,14.0,-84.0,5617.0,89.0,-18.0,7.924809025245992,62.38020832766916,
2417,879.55426,194.30140465391315,23.326394830441966,190.02498695864725,29.0,0.75515,285.0,49.0,161.0,988.0,25.0,231.0,116.0,317.0,12.852373257075142,114,4,47,52,219.0,-55.0,64.0,36.0,133.0,11.0,-86.0,5572.0,86.0,-19.0,7.929302821120622,62.38020832766916,
2418,898.2616,204.74054982859062,28.074403498204916,200.1715226493868,28.0,0.77755,292.0,51.0,168.0,1018.0,25.0,240.0,118.0,323.0,15.944396058138903,116,4,46,52,219.0,-60.0,63.0,31.0,129.0,7.0,-90.0,5583.0,82.0,-24.0,7.933796616995252,62.38020832766916,
2419,937.04956,211.24238871542076,33.22195362493594,211.45898336400987,28.0,0.7757,292.0,51.0,168.0,1018.0,25.0,240.0,118.0,323.0,20.30519061379566,117,4,47,48,219.0,-60.0,63.0,31.0,129.0,7.0,-90.0,5583.0,82.0,-24.0,7.938290412869884,62.38020832766916,
2420,604.2041,70.11058980286504,33.11738910427865,95.11526346915899,28.0,0.82165,248.0,35.0,117.0,804.0,30.0,171.0,104.0,273.0,30.333297862123015,119,0,56,58,225.0,-29.0,65.0,70.0,165.0,42.0,-60.0,5770.0,118.0,7.0,8.010191146863836,62.38020832766916,
2421,451.8403,67.68286205004203,43.06894140343944,80.0044607052929,28.0,0.8554,248.0,35.0,117.0,804.0,30.0,171.0,104.0,273.0,37.12933171966522,126,5,53,62,225.0,-29.0,65.0,70.0,165.0,42.0,-60.0,5770.0,118.0,7.0,8.014684942738466,62.38020832766916,
2422,310.044,58.05706053681765,41.648757884839895,99.49595683270846,28.0,0.8686,250.0,34.0,117.0,812.0,31.0,169.0,105.0,279.0,31.994089991631732,107,4,52,61,227.0,-20.0,65.0,81.0,176.0,52.0,-51.0,5838.0,129.0,18.0,8.019178738613096,62.38020832766916,
2423,207.78326,49.658845349007485,36.89703718027443,121.11076313061555,28.0,0.8667,250.0,34.0,117.0,812.0,31.0,169.0,105.0,279.0,25.895181217200875,113,3,53,64,227.0,-20.0,65.0,81.0,176.0,52.0,-51.0,5838.0,129.0,18.0,8.023672534487726,62.38020832766916,
2424,233.5669,238.60167384237837,41.11017395200722,254.48721035463467,28.0,0.871,245.0,39.0,127.0,830.0,28.0,190.0,101.0,273.0,33.36366018052458,120,4,56,63,227.0,-41.0,65.0,57.0,155.0,30.0,-72.0,5806.0,107.0,-4.0,8.037153922111619,62.38020832766916,
2425,380.0987,241.31257235297485,57.25659614218343,255.0,28.0,0.8161,245.0,39.0,127.0,830.0,28.0,190.0,101.0,273.0,42.2943912723197,103,8,54,59,227.0,-41.0,65.0,57.0,155.0,30.0,-72.0,5806.0,107.0,-4.0,8.041647717986178,62.38020832766916,
2426,616.6688,250.58794474207127,61.796429621762336,255.0,29.0,0.7855,271.0,47.0,159.0,959.0,25.0,232.0,110.0,303.0,46.81034777582,104,7,55,60,224.0,-61.0,65.0,34.0,133.0,9.0,-91.0,5746.0,85.0,-24.0,8.046141513860809,62.38020832766916,
2427,825.2275,242.85703109957177,54.92123606587978,254.64747022643505,28.0,0.78325,298.0,54.0,184.0,1068.0,22.0,264.0,119.0,329.0,43.315892551599376,102,2,54,54,223.0,-72.0,64.0,19.0,119.0,-5.0,-104.0,5644.0,71.0,-35.0,8.05063530973544,62.38020832766916,
2428,506.2236,102.68704324262407,23.63411194394118,112.28023136558261,29.0,0.8759,321.0,46.0,153.0,1036.0,30.0,205.0,133.0,356.0,23.206050279354784,118,9,60,54,203.0,-23.0,59.0,63.0,152.0,40.0,-51.0,5248.0,110.0,11.0,7.551299204544861,62.37812499433602,
2429,436.43393,122.31768562685879,11.730639124169375,142.76195846849913,29.0,0.8839,321.0,46.0,153.0,1036.0,30.0,205.0,133.0,356.0,12.647064409999022,108,2,58,54,203.0,-23.0,59.0,63.0,152.0,40.0,-51.0,5248.0,110.0,11.0,7.555792688153436,62.37812499433602,
2430,733.93665,25.50991316223071,45.08940619136465,148.00721338335643,28.0,0.8292,334.0,52.0,171.0,1102.0,28.0,231.0,137.0,368.0,25.444453227653135,116,0,54,55,205.0,-40.0,59.0,46.0,137.0,23.0,-68.0,5281.0,94.0,-6.0,7.59174055702196,62.37812499433602,
2431,696.5984,110.1769010672853,32.97653598433709,165.57231680849017,28.0,0.8457,334.0,52.0,171.0,1102.0,28.0,231.0,137.0,368.0,18.699485363921667,103,0,54,54,205.0,-40.0,59.0,46.0,137.0,23.0,-68.0,5281.0,94.0,-6.0,7.596234040630535,62.37812499433602,
2432,688.92126,176.96032876000197,19.191045847657435,179.378421773233,28.0,0.8084,338.0,53.0,175.0,1118.0,27.0,237.0,138.0,371.0,9.458155227199564,111,4,53,53,205.0,-44.0,59.0,41.0,133.0,19.0,-72.0,5286.0,90.0,-10.0,7.60072752423911,62.37812499433602,
2433,707.1952,295.33448941415816,19.88168007491686,204.55879572130388,28.0,0.8102,338.0,53.0,175.0,1118.0,27.0,237.0,138.0,371.0,12.37337136306527,113,7,51,57,205.0,-44.0,59.0,41.0,133.0,19.0,-72.0,5286.0,90.0,-10.0,7.6052210078476845,62.37812499433602,
2434,836.0705,220.4763691417059,9.564232108495403,193.64566706960724,28.0,0.7456,282.0,48.0,158.0,973.0,25.0,226.0,115.0,313.0,6.733556188222571,115,6,55,55,220.0,-54.0,63.0,38.0,136.0,14.0,-84.0,5617.0,89.0,-18.0,7.924258344055838,62.37812499433602,
2435,857.9843,202.74022844526505,11.657831182936127,189.76419591832342,29.0,0.722,285.0,49.0,161.0,988.0,25.0,231.0,116.0,317.0,6.948503279408704,102,2,57,53,219.0,-55.0,64.0,36.0,133.0,11.0,-86.0,5572.0,86.0,-19.0,7.933245311272988,62.37812499433602,
2436,879.67725,213.78661576542055,18.64538620053581,201.2419402422374,28.0,0.7586,292.0,51.0,168.0,1018.0,25.0,240.0,118.0,323.0,11.987663810441177,127,8,50,50,219.0,-60.0,63.0,31.0,129.0,7.0,-90.0,5583.0,82.0,-24.0,7.937738794881563,62.37812499433602,
2437,916.922,213.64679066008463,30.894192815586088,213.91144238112886,28.0,0.7845,297.0,52.0,174.0,1042.0,24.0,249.0,120.0,329.0,19.597419201878388,126,10,50,51,219.0,-63.0,63.0,28.0,125.0,4.0,-94.0,5550.0,78.0,-27.0,7.942232278490137,62.37812499433602,
2438,961.9839,198.04544780102643,37.12374691306548,202.609708203205,28.0,0.7864,297.0,52.0,174.0,1042.0,24.0,249.0,120.0,329.0,22.919191302408695,116,2,47,50,219.0,-63.0,63.0,28.0,125.0,4.0,-94.0,5550.0,78.0,-27.0,7.946725762098713,62.37812499433602,
2439,658.33673,69.05854817922432,26.465106787059746,108.35176939739898,28.0,0.79025,248.0,35.0,117.0,804.0,30.0,171.0,104.0,273.0,25.518578417993428,123,3,55,60,225.0,-29.0,65.0,70.0,165.0,42.0,-60.0,5770.0,118.0,7.0,8.009634532618614,62.37812499433602,
2440,545.1025,55.66842432365608,40.39230179442888,102.01823100604896,28.0,0.85345,248.0,35.0,117.0,804.0,30.0,171.0,104.0,273.0,32.45591039076315,113,5,54,61,225.0,-29.0,65.0,70.0,165.0,42.0,-60.0,5770.0,118.0,7.0,8.014128016227188,62.37812499433602,
2441,417.8366,46.192179359238736,50.352602296223786,105.37253928563142,28.0,0.86665,250.0,34.0,117.0,812.0,31.0,169.0,105.0,279.0,35.454108571830105,121,4,54,63,227.0,-20.0,65.0,81.0,176.0,52.0,-51.0,5838.0,129.0,18.0,8.018621499835762,62.37812499433602,
2442,315.88242,43.83107201937769,46.98202796351798,115.12083796271938,28.0,0.85995,250.0,34.0,117.0,812.0,31.0,169.0,105.0,279.0,32.129957799612306,101,3,50,62,227.0,-20.0,65.0,81.0,176.0,52.0,-51.0,5838.0,129.0,18.0,8.023114983444337,62.37812499433602,
2443,208.04482,57.589756381686826,34.66077918991391,110.18791632963145,29.0,0.8384,250.0,34.0,115.0,805.0,31.0,168.0,105.0,276.0,27.520906617622337,110,1,54,67,227.0,-23.0,66.0,78.0,174.0,49.0,-53.0,5852.0,126.0,15.0,8.027608467052913,62.37812499433602,
2444,156.669,247.21685860461022,24.874642930493824,234.6497078140397,28.0,0.8384,245.0,39.0,127.0,830.0,28.0,190.0,101.0,273.0,21.547630476863464,114,4,56,63,227.0,-41.0,65.0,57.0,155.0,30.0,-72.0,5806.0,107.0,-4.0,8.036595434270062,62.37812499433602,
2445,282.80627,248.55498333541053,41.19747484227592,254.9937327608183,28.0,0.8531,245.0,39.0,127.0,830.0,28.0,190.0,101.0,273.0,35.1772457689232,117,5,55,62,227.0,-41.0,65.0,57.0,155.0,30.0,-72.0,5806.0,107.0,-4.0,8.041088917878565,62.37812499433602,
2446,482.9924,245.63443064678685,67.27349751451895,255.0,29.0,0.8192,271.0,47.0,159.0,959.0,25.0,232.0,110.0,303.0,48.17661400456818,113,9,53,61,224.0,-61.0,65.0,34.0,133.0,9.0,-91.0,5746.0,85.0,-24.0,8.045582401487138,62.37812499433602,
2447,713.4503,248.21488818383165,54.71100215369566,255.0,28.0,0.8115,298.0,54.0,184.0,1068.0,22.0,264.0,119.0,329.0,43.40388865777188,102,6,54,55,223.0,-72.0,64.0,19.0,119.0,-5.0,-104.0,5644.0,71.0,-35.0,8.050075885095714,62.37812499433602,
2448,913.1461,245.443116611211,49.27133344627158,254.9418295335854,28.0,0.76625,298.0,54.0,184.0,1068.0,22.0,264.0,119.0,329.0,40.44999293538635,110,4,56,55,223.0,-72.0,64.0,19.0,119.0,-5.0,-104.0,5644.0,71.0,-35.0,8.054569368704287,62.37812499433602,
2449,613.4922,103.76988089430343,34.636535200090194,89.05690149428712,29.0,0.821,323.0,47.0,156.0,1046.0,30.0,207.0,134.0,359.0,32.39592475922655,116,8,61,53,203.0,-24.0,59.0,61.0,151.0,39.0,-52.0,5247.0,109.0,10.0,7.546281352952566,62.376041661002866,
2450,504.7093,102.57897151903614,19.452563679926033,123.02769373469161,29.0,0.8634,321.0,46.0,153.0,1036.0,30.0,205.0,133.0,356.0,19.446303068730106,114,10,61,53,203.0,-23.0,59.0,63.0,152.0,40.0,-51.0,5248.0,110.0,11.0,7.550774524344421,62.376041661002866,
2451,435.45322,102.79686138869515,11.453021529123083,139.2710029914846,29.0,0.87495,321.0,46.0,153.0,1036.0,30.0,205.0,133.0,356.0,13.618891313000978,113,8,60,56,203.0,-23.0,59.0,63.0,152.0,40.0,-51.0,5248.0,110.0,11.0,7.555267695736274,62.376041661002866,
2452,870.7726,69.34365308683259,70.67423451782254,144.44037964168245,28.0,0.8302,333.0,51.0,168.0,1093.0,28.0,227.0,136.0,366.0,36.945931226504655,122,3,53,54,205.0,-38.0,59.0,48.0,139.0,25.0,-66.0,5288.0,96.0,-4.0,7.591213066871027,62.376041661002866,
2453,790.99536,314.8109879115855,59.720131956156614,198.5625676758363,28.0,0.8416,338.0,53.0,175.0,1118.0,27.0,237.0,138.0,371.0,34.074927858362884,121,7,50,54,205.0,-44.0,59.0,41.0,133.0,19.0,-72.0,5286.0,90.0,-10.0,7.604692581046588,62.376041661002866,
2454,814.97394,192.5911641866112,6.667477885372239,186.6850140023586,28.0,0.7444,282.0,48.0,158.0,973.0,25.0,226.0,115.0,313.0,5.7223164477464685,114,9,55,54,220.0,-54.0,63.0,38.0,136.0,14.0,-84.0,5617.0,89.0,-18.0,7.923707749867517,62.376041661002866,
2455,832.38666,204.22347548867924,9.254453993922766,189.52667946815134,29.0,0.7494,285.0,49.0,161.0,988.0,25.0,231.0,116.0,317.0,6.5469921115325125,115,7,55,51,219.0,-55.0,64.0,36.0,133.0,11.0,-86.0,5572.0,86.0,-19.0,7.9282009212593705,62.376041661002866,
2456,835.3627,188.33213419372947,9.949345476180198,183.09566754163023,29.0,0.7453,285.0,49.0,161.0,988.0,25.0,231.0,116.0,317.0,5.635932509250963,98,5,56,52,219.0,-55.0,64.0,36.0,133.0,11.0,-86.0,5572.0,86.0,-19.0,7.932694092651223,62.376041661002866,
2457,857.7797,192.32190497539997,17.94323441115201,188.1570172619426,28.0,0.7612,297.0,52.0,174.0,1042.0,24.0,249.0,120.0,329.0,10.238304441816629,129,5,53,50,219.0,-63.0,63.0,28.0,125.0,4.0,-94.0,5550.0,78.0,-27.0,7.941680435434931,62.376041661002866,
2458,877.6413,199.8556210831867,27.53556885642411,197.520620909454,28.0,0.7906,297.0,52.0,174.0,1042.0,24.0,249.0,120.0,329.0,16.32226634954837,112,2,53,49,219.0,-63.0,63.0,28.0,125.0,4.0,-94.0,5550.0,78.0,-27.0,7.946173606826783,62.376041661002866,
2459,910.7886,207.94161003292223,32.197586226657634,209.47908027535323,28.0,0.8053,313.0,56.0,188.0,1105.0,23.0,267.0,125.0,345.0,20.027086555566846,123,3,48,54,219.0,-70.0,63.0,19.0,118.0,-4.0,-101.0,5538.0,70.0,-34.0,7.950666778218636,62.376041661002866,
2460,950.16675,206.29756538247776,33.32717953093173,208.89045079492593,28.0,0.7939,313.0,56.0,188.0,1105.0,23.0,267.0,125.0,345.0,20.66886725572838,115,5,46,50,219.0,-70.0,63.0,19.0,118.0,-4.0,-101.0,5538.0,70.0,-34.0,7.955159949610489,62.376041661002866,
2461,700.3897,72.29868798078766,22.92545453599528,119.13311856178181,28.0,0.8111,248.0,35.0,117.0,804.0,30.0,171.0,104.0,273.0,21.202071081006434,120,4,57,59,225.0,-29.0,65.0,70.0,165.0,42.0,-60.0,5770.0,118.0,7.0,8.009078006312585,62.376041661002866,
2462,611.8145,70.63819159641169,24.215672943922147,117.91974819069145,28.0,0.8524,248.0,35.0,117.0,804.0,30.0,171.0,104.0,273.0,21.743292796311852,123,4,55,63,225.0,-29.0,65.0,70.0,165.0,42.0,-60.0,5770.0,118.0,7.0,8.013571177704437,62.376041661002866,
2463,521.4242,68.92315159982496,32.5809912555356,108.08063601983928,28.0,0.8648,250.0,34.0,117.0,812.0,31.0,169.0,105.0,279.0,26.004108236980727,114,2,52,62,227.0,-20.0,65.0,81.0,176.0,52.0,-51.0,5838.0,129.0,18.0,8.01806434909629,62.376041661002866,
2464,410.92017,61.21981549103706,35.81803193459313,104.836095023069,28.0,0.8651,250.0,34.0,117.0,812.0,31.0,169.0,105.0,279.0,28.87966429117936,120,1,54,63,227.0,-20.0,65.0,81.0,176.0,52.0,-51.0,5838.0,129.0,18.0,8.022557520488142,62.376041661002866,
2465,289.4777,65.98118087613476,38.15347880935873,90.51419211391921,29.0,0.8414,250.0,34.0,115.0,805.0,31.0,168.0,105.0,276.0,33.41838615720791,116,4,54,65,227.0,-23.0,66.0,78.0,174.0,49.0,-53.0,5852.0,126.0,15.0,8.027050691879996,62.376041661002866,
2466,208.42705,247.99014162613472,31.586496149560155,249.63874063757285,28.0,0.8493,245.0,39.0,127.0,830.0,28.0,190.0,101.0,273.0,28.366314117439302,115,4,55,61,227.0,-41.0,65.0,57.0,155.0,30.0,-72.0,5806.0,107.0,-4.0,8.040530206055484,62.376041661002866,
2467,369.16766,253.15993456457878,54.1516509180684,255.0,29.0,0.8348,271.0,47.0,159.0,959.0,25.0,232.0,110.0,303.0,43.35253557324375,108,6,54,65,224.0,-61.0,65.0,34.0,133.0,9.0,-91.0,5746.0,85.0,-24.0,8.045023377447338,62.376041661002866,
2468,601.8165,250.4664991977886,55.43803744222334,255.0,29.0,0.82,271.0,47.0,159.0,959.0,25.0,232.0,110.0,303.0,45.005227716385484,94,5,50,65,224.0,-61.0,65.0,34.0,133.0,9.0,-91.0,5746.0,85.0,-24.0,8.04951654883919,62.376041661002866,
2469,814.0923,245.8888328529515,48.16621902709079,255.0,28.0,0.77915,298.0,54.0,184.0,1068.0,22.0,264.0,119.0,329.0,39.69701868139983,92,5,52,60,223.0,-72.0,64.0,19.0,119.0,-5.0,-104.0,5644.0,71.0,-35.0,8.054009720231043,62.376041661002866,
2470,761.4294,101.676984536833,37.27974889692486,72.73384236961823,29.0,0.7899,333.0,49.0,164.0,1084.0,29.0,219.0,137.0,368.0,37.97557643491327,117,7,53,45,202.0,-30.0,59.0,54.0,145.0,33.0,-57.0,5219.0,102.0,4.0,7.541264208583454,62.37395832766971,
2471,609.3353,100.93414400668888,28.85955216328691,90.85938649683487,29.0,0.8566,322.0,46.0,153.0,1039.0,31.0,205.0,133.0,356.0,30.941705022041564,115,6,58,52,203.0,-23.0,59.0,63.0,152.0,40.0,-51.0,5249.0,110.0,11.0,7.545757067807909,62.37395832766971,
2472,494.1619,99.7425855347711,19.375297409909955,114.16903417385332,29.0,0.8538,322.0,46.0,154.0,1039.0,30.0,207.0,133.0,356.0,22.191499895135635,108,8,55,54,203.0,-25.0,59.0,62.0,151.0,39.0,-52.0,5264.0,109.0,9.0,7.550249927032364,62.37395832766971,
2473,432.39093,101.70078030086188,10.414870207541824,149.04741205863195,29.0,0.8362,322.0,46.0,154.0,1039.0,30.0,207.0,133.0,356.0,11.166810598837156,102,8,55,60,203.0,-25.0,59.0,62.0,151.0,39.0,-52.0,5264.0,109.0,9.0,7.554742786256819,62.37395832766971,
2474,809.44775,177.91483596483516,10.957172765296571,180.12999971072068,29.0,0.7614,273.0,46.0,150.0,941.0,26.0,218.0,111.0,304.0,6.822694734654464,121,5,53,51,220.0,-51.0,64.0,42.0,139.0,17.0,-81.0,5634.0,92.0,-15.0,7.932142961110351,62.37395832766971,
2475,816.3745,203.7863578003888,13.575558047134711,191.5809553210024,29.0,0.7479,272.0,46.0,150.0,938.0,26.0,218.0,111.0,303.0,8.80299502641847,116,8,50,49,220.0,-51.0,64.0,42.0,139.0,17.0,-81.0,5624.0,92.0,-15.0,7.936635820334806,62.37395832766971,
2476,829.9897,195.8405721478885,16.354668245267604,188.59146444143155,28.0,0.7547,270.0,45.0,149.0,935.0,26.0,218.0,110.0,302.0,9.391007387691673,121,7,54,53,221.0,-51.0,64.0,42.0,139.0,17.0,-82.0,5634.0,92.0,-15.0,7.94562153878372,62.37395832766971,
2477,847.3614,203.40090482661097,21.53809394644733,195.88310468623408,28.0,0.7746,273.0,46.0,152.0,948.0,25.0,222.0,111.0,305.0,12.352726311320618,118,3,52,50,222.0,-53.0,64.0,40.0,138.0,15.0,-84.0,5659.0,90.0,-17.0,7.950114398008175,62.37395832766971,
2478,874.6872,205.1140226568367,26.53314851299711,200.6999908683124,28.0,0.7971,273.0,46.0,152.0,948.0,25.0,222.0,111.0,305.0,15.579574953205015,106,4,49,53,222.0,-53.0,64.0,40.0,138.0,15.0,-84.0,5659.0,90.0,-17.0,7.954607257232629,62.37395832766971,
2479,909.6571,209.29694682884798,35.91334950862065,212.85859079347446,28.0,0.8037,278.0,48.0,159.0,971.0,25.0,229.0,113.0,310.0,21.38194589232052,107,5,48,54,222.0,-56.0,64.0,36.0,135.0,11.0,-87.0,5629.0,87.0,-20.0,7.959100116457013,62.37395832766971,
2480,663.96014,52.3330089662533,36.83784413547126,119.2498195582386,28.0,0.8101,246.0,40.0,130.0,840.0,27.0,193.0,102.0,276.0,26.56457403062663,127,5,57,57,226.0,-43.0,65.0,55.0,153.0,28.0,-73.0,5804.0,105.0,-5.0,8.013014427150406,62.37395832766971,
2481,580.7642,47.519713871308575,39.24574139178159,121.54071547315611,28.0,0.8545,246.0,34.0,114.0,795.0,30.0,168.0,103.0,271.0,27.11193088415887,120,5,53,60,228.0,-28.0,66.0,73.0,169.0,44.0,-59.0,5835.0,121.0,9.0,8.017507286374862,62.37395832766971,
2482,480.04495,64.69588112572411,33.635135483160255,105.28796784956947,28.0,0.8642,246.0,34.0,114.0,795.0,30.0,168.0,103.0,271.0,27.663216259920745,128,4,54,62,228.0,-28.0,66.0,73.0,169.0,44.0,-59.0,5835.0,121.0,9.0,8.022000145599316,62.37395832766971,
2483,353.31668,76.65733364261837,32.71474173966823,89.2168751795049,28.0,0.8542,247.0,34.0,116.0,807.0,31.0,169.0,104.0,277.0,31.621355564691257,120,5,56,65,227.0,-20.0,65.0,82.0,177.0,53.0,-50.0,5856.0,130.0,18.0,8.026493004823772,62.37395832766971,
2484,198.70372,74.59600037119237,32.03556554320471,88.91978807924262,28.0,0.8292,247.0,34.0,116.0,807.0,31.0,169.0,104.0,277.0,32.99276502783086,117,3,60,64,227.0,-20.0,65.0,82.0,177.0,53.0,-50.0,5856.0,130.0,18.0,8.030985864048228,62.37395832766971,
2485,154.86534,237.66901939804728,21.4683343012137,228.97651854381857,28.0,0.8344,246.0,34.0,114.0,794.0,30.0,168.0,103.0,271.0,18.76647230962762,120,2,56,63,228.0,-27.0,65.0,75.0,171.0,46.0,-57.0,5866.0,123.0,11.0,8.039971582497067,62.37395832766971,
2486,276.60764,247.5063251888989,45.97533770411833,254.90731140364412,28.0,0.8395,245.0,40.0,133.0,847.0,27.0,199.0,101.0,275.0,37.55203569415016,114,6,57,62,227.0,-47.0,65.0,52.0,150.0,25.0,-77.0,5837.0,102.0,-9.0,8.044464441721521,62.37395832766971,
2487,503.59366,251.293296933323,62.22504444663549,255.0,28.0,0.839,245.0,40.0,133.0,847.0,27.0,199.0,101.0,275.0,47.69789081025354,110,4,54,65,227.0,-47.0,65.0,52.0,150.0,25.0,-77.0,5837.0,102.0,-9.0,8.048957300945975,62.37395832766971,
2488,722.9352,247.6756385415713,48.784370115988665,255.0,28.0,0.84465,269.0,47.0,159.0,955.0,24.0,232.0,109.0,301.0,39.31761347364184,105,7,57,58,225.0,-61.0,65.0,34.0,133.0,8.0,-92.0,5746.0,85.0,-24.0,8.053450160170431,62.37395832766971,
2489,886.9722,248.97896671420065,42.091111550023136,254.99300050430088,28.0,0.80405,269.0,47.0,159.0,955.0,24.0,232.0,109.0,301.0,36.68945918150048,94,4,52,55,225.0,-61.0,65.0,34.0,133.0,8.0,-92.0,5746.0,85.0,-24.0,8.057943019394886,62.37395832766971,
2490,747.4981,99.3649547422054,33.432108709376955,85.74875768307865,29.0,0.7943,333.0,49.0,164.0,1084.0,29.0,219.0,137.0,368.0,32.65851157037458,126,10,57,45,202.0,-30.0,59.0,54.0,145.0,33.0,-57.0,5219.0,102.0,4.0,7.540740318377293,62.37187499433657,
2491,610.8711,90.40144390023578,25.428766156362364,94.07383737538032,29.0,0.8426,322.0,46.0,153.0,1039.0,31.0,205.0,133.0,356.0,28.835194404518067,116,4,57,47,203.0,-23.0,59.0,63.0,152.0,40.0,-51.0,5249.0,110.0,11.0,7.545232865483663,62.37187499433657,
2492,503.8293,72.42001226306165,18.11986606764254,124.57390659374319,29.0,0.84235,322.0,46.0,153.0,1039.0,31.0,205.0,133.0,356.0,19.48449135260904,115,7,56,52,203.0,-23.0,59.0,63.0,152.0,40.0,-51.0,5249.0,110.0,11.0,7.549725412590033,62.37187499433657,
2493,797.8314,191.37529425029322,9.670364075691154,183.94602829788033,28.0,0.7509,270.0,45.0,149.0,935.0,26.0,218.0,110.0,302.0,5.625843609548702,118,6,56,54,221.0,-51.0,64.0,42.0,139.0,17.0,-82.0,5634.0,92.0,-15.0,7.945069557949883,62.37187499433657,
2494,807.23535,205.91540905816768,12.68889873738885,189.87920420659344,28.0,0.7735,270.0,45.0,149.0,935.0,26.0,218.0,110.0,302.0,7.766736960251649,120,8,54,51,221.0,-51.0,64.0,42.0,139.0,17.0,-82.0,5634.0,92.0,-15.0,7.949562105056253,62.37187499433657,
2495,823.2875,203.32148421409494,18.81049077148398,195.08665273391995,28.0,0.7919,273.0,46.0,152.0,948.0,25.0,222.0,111.0,305.0,11.686716514969266,117,2,51,50,222.0,-53.0,64.0,40.0,138.0,15.0,-84.0,5659.0,90.0,-17.0,7.954054652162623,62.37187499433657,
2496,846.0727,206.82367840793071,22.548709816996148,199.56370198550778,28.0,0.7999,278.0,48.0,159.0,971.0,25.0,229.0,113.0,310.0,13.693040732763048,121,4,52,52,222.0,-56.0,64.0,36.0,135.0,11.0,-87.0,5629.0,87.0,-20.0,7.958547199268922,62.37187499433657,
2497,879.4175,210.8565702791243,28.49591247266523,207.59586639526958,28.0,0.8066,278.0,48.0,159.0,971.0,25.0,229.0,113.0,310.0,17.114992246014413,104,2,49,54,222.0,-56.0,64.0,36.0,135.0,11.0,-87.0,5629.0,87.0,-20.0,7.9630397463752915,62.37187499433657,
2498,925.2066,213.43931950199874,37.630562217060074,218.56875263651395,28.0,0.8082,283.0,49.0,164.0,994.0,25.0,237.0,115.0,316.0,22.642938120227427,106,2,48,55,221.0,-59.0,64.0,33.0,131.0,8.0,-90.0,5631.0,83.0,-23.0,7.96753229348166,62.37187499433657,
2499,771.02466,51.7017231541994,48.28025147949305,123.73494277042244,28.0,0.7306,246.0,40.0,130.0,840.0,27.0,193.0,102.0,276.0,31.385691962855365,126,6,55,57,226.0,-43.0,65.0,55.0,153.0,28.0,-73.0,5804.0,105.0,-5.0,8.01245776454529,62.37187499433657,
2500,697.024,40.871077090240675,52.59984607803114,117.222445677398,28.0,0.78075,246.0,34.0,114.0,795.0,30.0,168.0,103.0,271.0,34.69503623710752,119,4,59,58,228.0,-28.0,66.0,73.0,169.0,44.0,-59.0,5835.0,121.0,9.0,8.01695031165166,62.37187499433657,
2501,550.9449,69.47804508190335,41.11473743630467,80.95338320652691,28.0,0.8464,246.0,34.0,114.0,795.0,30.0,168.0,103.0,271.0,36.463098411892744,123,3,56,62,228.0,-28.0,66.0,73.0,169.0,44.0,-59.0,5835.0,121.0,9.0,8.02144285875803,62.37187499433657,
2502,399.38425,79.27364206467927,32.59656671200852,85.56981755983439,28.0,0.8567,247.0,34.0,116.0,807.0,31.0,169.0,104.0,277.0,32.76449275593747,116,4,54,65,227.0,-20.0,65.0,82.0,177.0,53.0,-50.0,5856.0,130.0,18.0,8.0259354058644,62.37187499433657,
2503,243.21393,80.85141189246868,32.47583872748641,84.87986655067806,28.0,0.8457,247.0,34.0,116.0,807.0,31.0,169.0,104.0,277.0,32.83991771624379,107,4,55,65,227.0,-20.0,65.0,82.0,177.0,53.0,-50.0,5856.0,130.0,18.0,8.030427952970772,62.37187499433657,
2504,208.3022,258.7835501968314,29.30645057765872,252.6390331153263,28.0,0.8574,245.0,40.0,133.0,847.0,27.0,199.0,101.0,275.0,29.33479591420858,107,6,53,63,227.0,-47.0,65.0,52.0,150.0,25.0,-77.0,5837.0,102.0,-9.0,8.043905594289809,62.37187499433657,
2505,381.39316,251.98504371887003,57.49234395105493,255.0,28.0,0.8373,245.0,40.0,133.0,847.0,27.0,199.0,101.0,275.0,44.65184086939127,100,2,52,64,227.0,-47.0,65.0,52.0,150.0,25.0,-77.0,5837.0,102.0,-9.0,8.048398141396179,62.37187499433657,
2506,809.4745,251.95837461753086,42.26851376973303,254.91364043730246,28.0,0.81635,269.0,47.0,159.0,955.0,24.0,232.0,109.0,301.0,36.533092988589736,115,7,60,58,225.0,-61.0,65.0,34.0,133.0,8.0,-92.0,5746.0,85.0,-24.0,8.057383235608919,62.37187499433657,
2507,953.3491,245.6132074600691,35.35186107874052,254.43323691580517,28.0,0.72505,287.0,51.0,174.0,1024.0,23.0,252.0,115.0,318.0,30.332608787260572,121,4,55,53,224.0,-69.0,64.0,24.0,124.0,-1.0,-100.0,5697.0,76.0,-32.0,8.06187578271529,62.37187499433657,
2508,616.6771,94.3002312655361,23.086007598061975,105.35368640604793,29.0,0.8413,322.0,46.0,153.0,1039.0,31.0,205.0,133.0,356.0,25.239193781866376,108,6,55,47,203.0,-23.0,59.0,63.0,152.0,40.0,-51.0,5249.0,110.0,11.0,7.544708745961179,62.36979166100343,
2509,524.5734,92.29799105236717,17.277675967050428,124.10331716234015,29.0,0.8469,322.0,46.0,153.0,1039.0,31.0,205.0,133.0,356.0,18.997826001786773,94,21,57,52,203.0,-23.0,59.0,63.0,152.0,40.0,-51.0,5249.0,110.0,11.0,7.549200980998766,62.36979166100343,
2510,464.24686,98.65596970510222,11.827777500895635,144.8561501231161,29.0,0.8324,322.0,46.0,154.0,1039.0,30.0,207.0,133.0,356.0,11.92066870514977,86,9,58,53,203.0,-25.0,59.0,62.0,151.0,39.0,-52.0,5264.0,109.0,9.0,7.553693216036352,62.36979166100343,
2511,420.26697,128.9165160504978,10.47655997449468,154.0243918782832,29.0,0.8274,322.0,46.0,154.0,1039.0,30.0,207.0,133.0,356.0,11.152961595146737,115,6,58,60,203.0,-25.0,59.0,62.0,151.0,39.0,-52.0,5264.0,109.0,9.0,7.558185451073937,62.36979166100343,
2512,846.99023,107.47862007228044,7.915684458905051,168.65083896085576,28.0,0.7401,277.0,47.0,153.0,955.0,26.0,221.0,113.0,309.0,6.233076835520163,117,5,53,57,220.0,-52.0,63.0,41.0,138.0,16.0,-82.0,5645.0,91.0,-16.0,7.917564254080192,62.36979166100343,
2513,809.3223,69.74484403987502,11.247943872827348,173.81174651045453,29.0,0.73985,273.0,46.0,150.0,941.0,26.0,218.0,111.0,304.0,7.0980596065365,118,4,54,59,220.0,-51.0,64.0,42.0,139.0,17.0,-81.0,5634.0,92.0,-15.0,7.931040959192879,62.36979166100343,
2514,803.2798,99.91106259908288,7.823834792136973,174.60704057549114,29.0,0.7445,272.0,46.0,150.0,938.0,26.0,218.0,111.0,303.0,5.006850772853545,112,8,49,58,220.0,-51.0,64.0,42.0,139.0,17.0,-81.0,5624.0,92.0,-15.0,7.935533194230464,62.36979166100343,
2515,791.58295,132.72580703852432,5.65527843493317,179.13317802325724,28.0,0.76095,270.0,45.0,149.0,935.0,26.0,218.0,110.0,302.0,4.532311281361483,110,5,56,58,221.0,-51.0,64.0,42.0,139.0,17.0,-82.0,5634.0,92.0,-15.0,7.949009899343225,62.36979166100343,
2516,788.1435,160.32567067039238,10.058365466304757,183.09069041638844,28.0,0.7667,273.0,46.0,152.0,948.0,25.0,222.0,111.0,305.0,6.645005229660882,113,3,55,52,222.0,-53.0,64.0,40.0,138.0,15.0,-84.0,5659.0,90.0,-17.0,7.95350213438081,62.36979166100343,
2517,801.5375,210.00400643001586,14.68199740014983,195.05931277039812,28.0,0.7675,273.0,46.0,152.0,948.0,25.0,222.0,111.0,305.0,9.123909944707801,123,6,55,52,222.0,-53.0,64.0,40.0,138.0,15.0,-84.0,5659.0,90.0,-17.0,7.957994369418324,62.36979166100343,
2518,825.37506,210.62090737074016,19.48454937586271,200.23839872455662,28.0,0.7653,278.0,48.0,159.0,971.0,25.0,229.0,113.0,310.0,12.576215239211159,116,3,54,51,222.0,-56.0,64.0,36.0,135.0,11.0,-87.0,5629.0,87.0,-20.0,7.96248660445591,62.36979166100343,
2519,855.2162,215.70259715744083,23.87511499056903,208.49837781633917,28.0,0.7926,283.0,49.0,164.0,994.0,25.0,237.0,115.0,316.0,15.571482748576692,99,1,51,55,221.0,-59.0,64.0,33.0,131.0,8.0,-90.0,5631.0,83.0,-23.0,7.966978839493497,62.36979166100343,
2520,892.75336,202.19140685227936,29.244868411921917,200.7436112643948,28.0,0.81,283.0,49.0,164.0,994.0,25.0,237.0,115.0,316.0,17.50360787768731,93,2,50,49,221.0,-59.0,64.0,33.0,131.0,8.0,-90.0,5631.0,83.0,-23.0,7.971471074531084,62.36979166100343,
2521,922.81555,205.9295508624085,31.264198377286725,205.15570883521124,28.0,0.7891,288.0,50.0,168.0,1012.0,24.0,243.0,116.0,319.0,18.38721145836721,119,3,51,49,221.0,-63.0,64.0,30.0,128.0,5.0,-93.0,5631.0,80.0,-26.0,7.97596330956867,62.36979166100343,
2522,612.5947,84.15967340546213,37.0937888119623,72.28643413930541,28.0,0.78825,246.0,34.0,114.0,795.0,30.0,168.0,103.0,271.0,37.87186781582322,120,3,57,58,228.0,-28.0,66.0,73.0,169.0,44.0,-59.0,5835.0,121.0,9.0,8.02088565994446,62.36979166100343,
2523,445.88794,75.2274670292808,34.467482839327864,85.83455869802951,28.0,0.8434,247.0,34.0,116.0,807.0,31.0,169.0,104.0,277.0,33.93775376679072,117,1,55,65,227.0,-20.0,65.0,82.0,177.0,53.0,-50.0,5856.0,130.0,18.0,8.025377894982046,62.36979166100343,
2524,301.90787,70.0565270938164,36.71432910435683,87.73143880362662,28.0,0.8464,247.0,34.0,116.0,807.0,31.0,169.0,104.0,277.0,33.51284917894006,110,6,56,65,227.0,-20.0,65.0,82.0,177.0,53.0,-50.0,5856.0,130.0,18.0,8.029870130019635,62.36979166100343,
2525,888.5893,247.54040264401854,35.73704286055937,252.41264920795015,28.0,0.7771,287.0,51.0,174.0,1024.0,23.0,252.0,115.0,318.0,31.807829628567664,114,3,58,56,224.0,-69.0,64.0,24.0,124.0,-1.0,-100.0,5697.0,76.0,-32.0,8.061315775282665,62.36979166100343,
2526,529.0991,91.11556210151525,20.87418711711681,108.90852542526838,29.0,0.8354,322.0,46.0,153.0,1039.0,31.0,205.0,133.0,356.0,24.411954070852843,101,23,57,50,203.0,-23.0,59.0,63.0,152.0,40.0,-51.0,5249.0,110.0,11.0,7.54867663223991,62.36770832767028,
2527,448.59915,116.27838426488016,16.052479264920986,138.5159134639287,29.0,0.8307,322.0,46.0,154.0,1039.0,30.0,207.0,133.0,356.0,15.52727578037462,91,19,58,54,203.0,-25.0,59.0,62.0,151.0,39.0,-52.0,5264.0,109.0,9.0,7.553168555258003,62.36770832767028,
2528,407.172,161.78523399083707,10.655184045616988,169.3816781104297,29.0,0.8302,322.0,46.0,154.0,1039.0,30.0,207.0,133.0,356.0,9.195967680151773,112,6,61,59,203.0,-25.0,59.0,62.0,151.0,39.0,-52.0,5264.0,109.0,9.0,7.557660478276095,62.36770832767028,
2529,800.7178,119.46885286804276,9.16891445137674,177.34206124410153,28.0,0.77245,270.0,45.0,149.0,935.0,26.0,218.0,110.0,302.0,5.728075258881437,116,4,54,60,221.0,-51.0,64.0,42.0,139.0,17.0,-82.0,5634.0,92.0,-15.0,7.948457780849448,62.36770832767028,
2530,789.86066,99.676053831385,6.901745876816865,165.66925403048916,28.0,0.7612,273.0,46.0,152.0,948.0,25.0,222.0,111.0,305.0,6.494726941458693,117,2,55,56,222.0,-53.0,64.0,40.0,138.0,15.0,-84.0,5659.0,90.0,-17.0,7.952949703867539,62.36770832767028,
2531,777.83405,152.7170744823359,7.83951377028185,180.13557358305346,28.0,0.7541,273.0,46.0,152.0,948.0,25.0,222.0,111.0,305.0,6.387866869423187,108,3,55,56,222.0,-53.0,64.0,40.0,138.0,15.0,-84.0,5659.0,90.0,-17.0,7.95744162688556,62.36770832767028,
2532,787.45154,211.66235563886204,12.212166749753107,192.54811905579902,28.0,0.7632,278.0,48.0,159.0,971.0,25.0,229.0,113.0,310.0,7.305416500322105,125,4,54,54,222.0,-56.0,64.0,36.0,135.0,11.0,-87.0,5629.0,87.0,-20.0,7.961933549903652,62.36770832767028,
2533,831.1612,203.60922416489623,22.254805610452724,196.92280809553728,28.0,0.8096,283.0,49.0,164.0,994.0,25.0,237.0,115.0,316.0,13.316023015398677,108,7,50,52,221.0,-59.0,64.0,33.0,131.0,8.0,-90.0,5631.0,83.0,-23.0,7.970917395939839,62.36770832767028,
2534,855.99243,209.1542728339303,24.833613074936594,203.96132087593907,28.0,0.8049,288.0,50.0,168.0,1012.0,24.0,243.0,116.0,319.0,15.463598999398483,119,5,51,52,221.0,-63.0,64.0,30.0,128.0,5.0,-93.0,5631.0,80.0,-26.0,7.975409318957931,62.36770832767028,
2535,886.8494,195.51449360076245,25.820098347204368,193.4098020558721,28.0,0.778,288.0,50.0,168.0,1012.0,24.0,243.0,116.0,319.0,15.760351206685222,104,6,51,48,221.0,-63.0,64.0,30.0,128.0,5.0,-93.0,5631.0,80.0,-26.0,7.979901241976024,62.36770832767028,
2536,901.739,201.75873623513345,25.42682430630629,197.07082606900167,28.0,0.7592,290.0,51.0,171.0,1022.0,24.0,246.0,117.0,322.0,14.92917385619826,128,7,50,48,222.0,-64.0,64.0,28.0,127.0,4.0,-95.0,5657.0,79.0,-27.0,7.984393164994117,62.36770832767028,
2537,651.86346,77.36145872690369,32.16562781726747,86.11625490240839,28.0,0.79985,246.0,34.0,114.0,795.0,30.0,168.0,103.0,271.0,32.77674638222568,129,4,54,58,228.0,-28.0,66.0,73.0,169.0,44.0,-59.0,5835.0,121.0,9.0,8.020328549138785,62.36770832767028,
2538,494.1851,74.88383546270653,34.06213598587182,91.80738251169076,28.0,0.8336,246.0,34.0,114.0,795.0,30.0,168.0,103.0,271.0,31.26259531018691,123,3,56,62,228.0,-28.0,66.0,73.0,169.0,44.0,-59.0,5835.0,121.0,9.0,8.024820472156879,62.36770832767028,
2539,351.80103,84.88348808536722,32.62283191439561,80.82766351969656,28.0,0.8462,247.0,34.0,116.0,807.0,31.0,169.0,104.0,277.0,34.16419368329596,116,6,57,64,227.0,-20.0,65.0,82.0,177.0,53.0,-50.0,5856.0,130.0,18.0,8.029312395174973,62.36770832767028,
2540,214.83125,78.21378697095108,24.568227075338903,103.5376870423549,28.0,0.8372,246.0,34.0,114.0,794.0,30.0,168.0,103.0,271.0,26.113518607776104,118,4,62,67,228.0,-27.0,65.0,75.0,171.0,46.0,-57.0,5866.0,123.0,11.0,8.033804318193065,62.36770832767028,
2541,814.5976,246.0541259973072,36.67539897079969,250.9741854760747,28.0,0.81515,287.0,51.0,174.0,1024.0,23.0,252.0,115.0,318.0,31.307947679981694,108,9,56,59,224.0,-69.0,64.0,24.0,124.0,-1.0,-100.0,5697.0,76.0,-32.0,8.060755856301551,62.36770832767028,
2542,672.65155,85.46367663498877,30.496245033909638,83.95030039483927,29.0,0.8754,317.0,45.0,150.0,1024.0,31.0,202.0,131.0,352.0,32.48812002603892,114,18,56,48,203.0,-22.0,59.0,65.0,154.0,42.0,-49.0,5269.0,112.0,13.0,7.543660755246945,62.365624994337125,
2543,548.6277,87.69867873386151,22.49398929631864,102.18503286254165,29.0,0.8766,317.0,45.0,150.0,1024.0,31.0,202.0,131.0,352.0,25.71842955380202,99,22,59,48,203.0,-22.0,59.0,65.0,154.0,42.0,-49.0,5269.0,112.0,13.0,7.548152366294823,62.365624994337125,
2544,447.10782,91.90464065473998,17.282810727635955,117.80992592912415,28.0,0.8717,319.0,46.0,152.0,1030.0,31.0,204.0,132.0,353.0,20.51863020354826,103,20,58,57,204.0,-24.0,59.0,63.0,153.0,40.0,-51.0,5274.0,110.0,10.0,7.5526439773427025,62.365624994337125,
2545,829.5861,27.70762825460436,14.93186697396294,166.87380793424003,28.0,0.7348,274.0,46.0,154.0,951.0,25.0,223.0,111.0,305.0,9.104343104694442,121,3,55,56,221.0,-54.0,64.0,39.0,137.0,14.0,-84.0,5637.0,90.0,-18.0,7.947905749555292,62.365624994337125,
2546,810.4404,37.384329236478884,12.42221459698139,161.85889181812925,28.0,0.74525,268.0,45.0,149.0,928.0,26.0,217.0,109.0,299.0,9.786204218027583,121,5,57,55,222.0,-52.0,64.0,43.0,140.0,17.0,-82.0,5677.0,92.0,-15.0,7.95239736060317,62.365624994337125,
2547,788.88055,56.619821412240064,8.462075819942289,162.16920832804144,28.0,0.75975,268.0,45.0,149.0,928.0,26.0,217.0,109.0,299.0,7.155827356625205,124,3,56,56,222.0,-52.0,64.0,43.0,140.0,17.0,-82.0,5677.0,92.0,-15.0,7.956888971650976,62.365624994337125,
2548,772.67035,196.60949099988642,10.757315964867193,188.07276170274744,28.0,0.75365,263.0,44.0,145.0,910.0,26.0,212.0,107.0,294.0,7.132837932488158,107,3,53,54,223.0,-50.0,64.0,45.0,143.0,19.0,-80.0,5699.0,95.0,-14.0,7.965872193746732,62.365624994337125,
2549,786.5043,208.15376052584742,15.390591837719763,194.9385194956203,28.0,0.7772,261.0,43.0,144.0,904.0,26.0,211.0,107.0,293.0,9.983479647208837,110,6,53,55,224.0,-51.0,64.0,45.0,143.0,19.0,-81.0,5734.0,95.0,-14.0,7.970363804794613,62.365624994337125,
2550,806.07635,212.2893558096822,17.88161044757861,199.56879633433178,28.0,0.7731,261.0,43.0,144.0,904.0,26.0,211.0,107.0,293.0,11.370334798417293,126,7,52,55,224.0,-51.0,64.0,45.0,143.0,19.0,-81.0,5734.0,95.0,-14.0,7.974855415842491,62.365624994337125,
2551,832.0227,203.13600030606486,21.438019751497908,196.46035925670256,29.0,0.764,264.0,44.0,148.0,919.0,26.0,217.0,108.0,296.0,13.082569412184482,113,8,51,51,224.0,-53.0,65.0,42.0,141.0,17.0,-83.0,5711.0,92.0,-15.0,7.979347026890369,62.365624994337125,
2552,851.31146,207.38843199093566,20.27227020231771,198.74785781677716,28.0,0.76455,266.0,45.0,151.0,931.0,25.0,221.0,108.0,298.0,12.81807349989205,114,7,50,50,222.0,-54.0,64.0,40.0,138.0,15.0,-84.0,5672.0,90.0,-18.0,7.983838637938247,62.365624994337125,
2553,876.9274,207.36896640157192,22.633818654285157,201.22245388224204,28.0,0.7682,266.0,45.0,151.0,931.0,25.0,221.0,108.0,298.0,14.441413832618391,124,5,50,53,222.0,-54.0,64.0,40.0,138.0,15.0,-84.0,5672.0,90.0,-18.0,7.988330248986126,62.365624994337125,
2554,557.5616,75.54149214023889,35.87466268339294,91.47384496091567,28.0,0.78415,240.0,36.0,118.0,798.0,29.0,175.0,100.0,268.0,33.291021641373675,122,3,57,61,227.0,-33.0,65.0,66.0,163.0,38.0,-64.0,5832.0,115.0,4.0,8.024263137369081,62.365624994337125,
2555,388.37787,79.68884924554408,34.33297776818,79.5122987157321,28.0,0.8182,245.0,34.0,115.0,802.0,31.0,168.0,103.0,276.0,34.7353573034481,121,4,54,64,228.0,-20.0,66.0,81.0,177.0,53.0,-51.0,5872.0,130.0,18.0,8.028754748416961,62.365624994337125,
2556,248.2772,80.72995306311567,28.327449435344956,93.72941415533103,28.0,0.8494,245.0,34.0,115.0,802.0,31.0,168.0,103.0,276.0,29.45722883454903,101,2,52,65,228.0,-20.0,66.0,81.0,177.0,53.0,-51.0,5872.0,130.0,18.0,8.033246359464838,62.365624994337125,
2557,745.49554,247.57155306541605,38.80842427172187,254.4089183413611,28.0,0.8468,265.0,46.0,156.0,940.0,24.0,229.0,107.0,296.0,33.48241903432892,111,4,56,62,226.0,-60.0,65.0,35.0,135.0,9.0,-91.0,5783.0,87.0,-23.0,8.060196025752038,62.365624994337125,
2558,857.8458,238.36871639508172,29.71108221455697,242.32460299336762,28.0,0.79315,265.0,46.0,156.0,940.0,24.0,229.0,107.0,296.0,24.364358324032676,107,3,53,56,226.0,-60.0,65.0,35.0,135.0,9.0,-91.0,5783.0,87.0,-23.0,8.064687636799917,62.365624994337125,
2559,693.30994,93.92605486231395,32.53723806056694,79.22736782201034,29.0,0.83055,317.0,45.0,150.0,1024.0,31.0,202.0,131.0,352.0,34.40627581697704,107,21,59,51,203.0,-22.0,59.0,65.0,154.0,42.0,-49.0,5269.0,112.0,13.0,7.543136884017938,62.363541661003985,
2560,560.6832,93.79129283825304,23.795910308883947,99.78963518119542,29.0,0.8805,317.0,45.0,150.0,1024.0,31.0,202.0,131.0,352.0,26.610252369287696,124,6,63,48,203.0,-22.0,59.0,65.0,154.0,42.0,-49.0,5269.0,112.0,13.0,7.54762818314487,62.363541661003985,
2561,811.83966,43.14389733463849,12.932834176256446,158.88336035604394,28.0,0.7594,268.0,45.0,149.0,928.0,26.0,217.0,109.0,299.0,9.951059049385604,118,3,58,56,222.0,-52.0,64.0,43.0,140.0,17.0,-82.0,5677.0,92.0,-15.0,7.956336403694927,62.363541661003985,
2562,787.7963,57.1263205347473,10.465773793651184,160.42077073634894,28.0,0.74505,263.0,44.0,145.0,910.0,26.0,212.0,107.0,294.0,7.842819564186891,122,7,57,56,223.0,-50.0,64.0,45.0,143.0,19.0,-80.0,5699.0,95.0,-14.0,7.960827702821859,62.363541661003985,
2563,763.8304,74.7696597383533,6.303033787397753,165.54780507786376,28.0,0.7451,263.0,44.0,145.0,910.0,26.0,212.0,107.0,294.0,5.886961324888249,125,4,58,56,223.0,-50.0,64.0,45.0,143.0,19.0,-80.0,5699.0,95.0,-14.0,7.9653190019487905,62.363541661003985,
2564,758.2523,195.08822590489794,8.214500275861637,185.81343900247848,28.0,0.7341,261.0,43.0,144.0,904.0,26.0,211.0,107.0,293.0,5.974744236903848,108,3,53,57,224.0,-51.0,64.0,45.0,143.0,19.0,-81.0,5734.0,95.0,-14.0,7.969810301075725,62.363541661003985,
2565,768.48975,205.58993755932133,12.171552585627147,190.60948218728134,28.0,0.7406,261.0,43.0,144.0,904.0,26.0,211.0,107.0,293.0,7.637987120114528,112,7,55,55,224.0,-51.0,64.0,45.0,143.0,19.0,-81.0,5734.0,95.0,-14.0,7.974301600202657,62.363541661003985,
2566,783.057,205.46313460422772,16.73909573015988,194.61951555373673,29.0,0.7611,264.0,44.0,148.0,919.0,26.0,217.0,108.0,296.0,10.539597221157456,121,7,52,56,224.0,-53.0,65.0,42.0,141.0,17.0,-83.0,5711.0,92.0,-15.0,7.978792899329589,62.363541661003985,
2567,802.41345,205.25319069496436,18.988534482361803,196.39515782066118,29.0,0.75295,264.0,44.0,148.0,919.0,26.0,217.0,108.0,296.0,11.851319562148657,117,6,51,51,224.0,-53.0,65.0,42.0,141.0,17.0,-83.0,5711.0,92.0,-15.0,7.983284198456522,62.363541661003985,
2568,825.0358,210.6919412650237,19.911956536040613,200.9285667252049,28.0,0.7511,266.0,45.0,151.0,931.0,25.0,221.0,108.0,298.0,12.875292225780262,119,7,50,54,222.0,-54.0,64.0,40.0,138.0,15.0,-84.0,5672.0,90.0,-18.0,7.987775497583454,62.363541661003985,
2569,853.9882,208.0241301313642,22.554159306650508,202.0406878515895,29.0,0.7435,271.0,46.0,155.0,952.0,25.0,228.0,110.0,303.0,14.655368331988205,122,6,50,54,224.0,-58.0,65.0,37.0,135.0,11.0,-89.0,5723.0,87.0,-21.0,7.9922667967103855,62.363541661003985,
2570,883.36316,223.30131861210924,19.9562663029873,208.87904402104894,29.0,0.7015,271.0,46.0,155.0,952.0,25.0,228.0,110.0,303.0,13.98379649645549,122,6,51,52,224.0,-58.0,65.0,37.0,135.0,11.0,-89.0,5723.0,87.0,-21.0,7.9967580958372455,62.363541661003985,
2571,711.9746,90.02306767412685,24.160086803343443,98.33849122988038,28.0,0.7892,240.0,36.0,118.0,798.0,29.0,175.0,100.0,268.0,27.536921718320762,115,3,53,58,227.0,-33.0,65.0,66.0,163.0,38.0,-64.0,5832.0,115.0,4.0,8.01921459147191,62.363541661003985,
2572,589.6019,73.41275103379218,29.564713685179736,102.44467337318895,28.0,0.80675,240.0,36.0,118.0,798.0,29.0,175.0,100.0,268.0,28.3705966947243,124,3,58,61,227.0,-33.0,65.0,66.0,163.0,38.0,-64.0,5832.0,115.0,4.0,8.02370589059884,62.363541661003985,
2573,443.7312,73.28847615291035,37.62419090497934,81.8078726840967,28.0,0.82135,245.0,34.0,115.0,802.0,31.0,168.0,103.0,276.0,35.44240322757922,119,3,57,64,228.0,-20.0,66.0,81.0,177.0,53.0,-51.0,5872.0,130.0,18.0,8.028197189725773,62.363541661003985,
2574,282.79764,87.28455009300764,34.97994401681305,75.04040143243147,28.0,0.8419,245.0,34.0,115.0,802.0,31.0,168.0,103.0,276.0,36.259284149326874,111,3,55,64,228.0,-20.0,66.0,81.0,177.0,53.0,-51.0,5872.0,130.0,18.0,8.032688488852706,62.363541661003985,
2575,791.81006,245.29773067241828,30.23109098669608,249.21996598580841,28.0,0.837,265.0,46.0,156.0,940.0,24.0,229.0,107.0,296.0,27.28289100080957,113,3,53,59,226.0,-60.0,65.0,35.0,135.0,9.0,-91.0,5783.0,87.0,-23.0,8.064127582741161,62.363541661003985,
2576,896.9548,249.38547267054724,25.876286962679366,245.88393474058566,28.0,0.8045,282.0,50.0,171.0,1009.0,23.0,249.0,113.0,313.0,25.11122005811089,114,4,51,58,225.0,-68.0,65.0,26.0,126.0,1.0,-99.0,5735.0,78.0,-31.0,8.068618881868094,62.363541661003985,
2577,889.49194,65.1930433640699,16.605274030633247,134.73132089724763,28.0,0.66375,220.0,41.0,145.0,859.0,23.0,237.0,90.0,262.0,16.267515998797162,133,2,56,51,250.0,-69.0,71.0,-2.0,147.0,9.0,-103.0,6376.0,94.0,57.0,8.612066076225906,62.363541661003985,
2578,846.65564,48.191407378569615,19.02351468728207,152.30657609643075,28.0,0.77195,268.0,45.0,149.0,928.0,26.0,217.0,109.0,299.0,12.383872372637267,141,4,57,55,222.0,-52.0,64.0,43.0,140.0,17.0,-82.0,5677.0,92.0,-15.0,7.9557839229977665,62.361458327670846,
2579,813.86505,55.762763114105454,15.725144612481948,152.87197356934087,28.0,0.7872,263.0,44.0,145.0,910.0,26.0,212.0,107.0,294.0,11.595512440428541,112,6,57,56,223.0,-50.0,64.0,45.0,143.0,19.0,-80.0,5699.0,95.0,-14.0,7.960274910253009,62.361458327670846,
2580,781.587,49.7310526967401,13.598841642618785,159.8718680436579,28.0,0.78,263.0,44.0,145.0,910.0,26.0,212.0,107.0,294.0,9.219978758411138,108,6,55,57,223.0,-50.0,64.0,45.0,143.0,19.0,-80.0,5699.0,95.0,-14.0,7.964765897508253,62.361458327670846,
2581,759.3965,72.43044754792112,9.432023333012978,165.10549133077873,28.0,0.73645,261.0,43.0,144.0,904.0,26.0,211.0,107.0,293.0,7.0616936251930635,110,3,54,58,224.0,-51.0,64.0,45.0,143.0,19.0,-81.0,5734.0,95.0,-14.0,7.969256884763498,62.361458327670846,
2582,752.6611,192.70905375246662,11.119127466953238,184.85908780462455,29.0,0.7363,264.0,44.0,148.0,919.0,26.0,217.0,108.0,296.0,6.547225355134377,102,7,53,56,224.0,-53.0,65.0,42.0,141.0,17.0,-83.0,5711.0,92.0,-15.0,7.978238859273985,62.361458327670846,
2583,762.0872,206.17697909062574,14.588357665612453,193.3851803180253,29.0,0.7445,264.0,44.0,148.0,919.0,26.0,217.0,108.0,296.0,9.086958098701908,111,7,53,56,224.0,-53.0,65.0,42.0,141.0,17.0,-83.0,5711.0,92.0,-15.0,7.982729846529227,62.361458327670846,
2584,783.0893,213.2731250928241,16.249182593956448,197.46347910089855,28.0,0.7515,266.0,45.0,151.0,931.0,25.0,221.0,108.0,298.0,9.998952856524415,120,6,52,55,222.0,-54.0,64.0,40.0,138.0,15.0,-84.0,5672.0,90.0,-18.0,7.98722083378447,62.361458327670846,
2585,809.4196,221.44196104116273,16.699292122083286,203.85493949365,29.0,0.7414,271.0,46.0,155.0,952.0,25.0,228.0,110.0,303.0,11.24133084492783,124,6,54,53,224.0,-58.0,65.0,37.0,135.0,11.0,-89.0,5723.0,87.0,-21.0,7.991711821039712,62.361458327670846,
2586,835.98663,213.76707883941967,19.379260754267857,204.34174879316475,29.0,0.7359,271.0,46.0,155.0,952.0,25.0,228.0,110.0,303.0,13.563572954052965,121,6,55,52,224.0,-58.0,65.0,37.0,135.0,11.0,-89.0,5723.0,87.0,-21.0,7.996202808294884,62.361458327670846,
2587,874.15405,209.98349845058726,24.262123327261403,205.9169989973946,28.0,0.71485,263.0,44.0,148.0,919.0,26.0,219.0,107.0,294.0,16.762673548595366,119,3,52,50,225.0,-55.0,65.0,41.0,140.0,15.0,-85.0,5755.0,91.0,-18.0,8.000693795550129,62.361458327670846,
2588,728.808,83.43128030017672,18.750442136066102,122.78448284127832,28.0,0.7547,240.0,36.0,118.0,798.0,29.0,175.0,100.0,268.0,19.65242867909121,120,0,53,54,227.0,-33.0,65.0,66.0,163.0,38.0,-64.0,5832.0,115.0,4.0,8.018657744571101,62.361458327670846,
2589,641.38086,78.91443998657638,25.773078709903114,108.98746099125529,28.0,0.7763,240.0,36.0,118.0,798.0,29.0,175.0,100.0,268.0,26.358168790917105,119,3,50,61,227.0,-33.0,65.0,66.0,163.0,38.0,-64.0,5832.0,115.0,4.0,8.023148731826344,62.361458327670846,
2590,500.7583,79.77377904372662,37.85187076855624,75.6761464752057,28.0,0.8018,245.0,34.0,115.0,802.0,31.0,168.0,103.0,276.0,37.76950298869901,115,3,52,63,228.0,-20.0,66.0,81.0,177.0,53.0,-51.0,5872.0,130.0,18.0,8.02763971908159,62.361458327670846,
2591,298.98257,93.69258128227465,39.69909884761107,62.15497086610597,28.0,0.8246,245.0,34.0,115.0,802.0,31.0,168.0,103.0,276.0,41.18975113826623,110,3,58,64,228.0,-20.0,66.0,81.0,177.0,53.0,-51.0,5872.0,130.0,18.0,8.032130706336833,62.361458327670846,
2592,735.8619,253.23079890052978,31.267479523421798,253.4607002606421,28.0,0.846,265.0,46.0,156.0,940.0,24.0,229.0,107.0,296.0,30.570311386008793,105,4,57,60,226.0,-60.0,65.0,35.0,135.0,9.0,-91.0,5783.0,87.0,-23.0,8.063567617123464,62.361458327670846,
2593,851.01733,252.4663719809499,24.360504879067133,246.99926185470838,28.0,0.8168,282.0,50.0,171.0,1009.0,23.0,249.0,113.0,313.0,24.72134343188491,115,7,53,55,225.0,-68.0,65.0,26.0,126.0,1.0,-99.0,5735.0,78.0,-31.0,8.068058604378708,62.361458327670846,
2594,932.55206,244.3786201443864,23.06345909972917,236.75363355623128,28.0,0.79155,282.0,50.0,171.0,1009.0,23.0,249.0,113.0,313.0,20.7106307961846,110,4,52,54,225.0,-68.0,65.0,26.0,126.0,1.0,-99.0,5735.0,78.0,-31.0,8.072549591633878,62.361458327670846,
2595,920.669,65.83558200137179,17.57840515637443,131.2993740994589,28.0,0.68875,220.0,41.0,145.0,859.0,23.0,237.0,90.0,262.0,17.797106907306734,130,5,56,53,250.0,-69.0,71.0,-2.0,147.0,9.0,-103.0,6376.0,94.0,57.0,8.611468062262146,62.361458327670846,
2596,908.1198,268.8623359366581,32.44021522029949,255.0,28.0,0.7242,415.0,70.0,229.0,1390.0,25.0,299.0,167.0,451.0,34.67241178424104,88,25,50,49,197.0,-60.0,57.0,17.0,109.0,-1.0,-88.0,5012.0,66.0,-27.0,7.425331828470425,62.35937499433769,
2597,870.46747,31.55460319421265,33.753016574638764,153.8261379127229,28.0,0.7547,263.0,44.0,145.0,910.0,26.0,212.0,107.0,294.0,20.279581731437553,124,4,56,54,223.0,-50.0,64.0,45.0,143.0,19.0,-80.0,5699.0,95.0,-14.0,7.959722204972654,62.35937499433769,
2598,834.3263,34.69026597256222,32.27087229228102,151.97703524706105,28.0,0.7708,263.0,44.0,145.0,910.0,26.0,212.0,107.0,294.0,20.333789895586378,111,2,55,55,223.0,-50.0,64.0,45.0,143.0,19.0,-80.0,5699.0,95.0,-14.0,7.964212880405453,62.35937499433769,
2599,799.0132,31.32517291745498,28.033884135128634,152.6074748859348,28.0,0.7799,261.0,43.0,144.0,904.0,26.0,211.0,107.0,293.0,17.77829035034509,107,5,54,56,224.0,-51.0,64.0,45.0,143.0,19.0,-81.0,5734.0,95.0,-14.0,7.968703555838255,62.35937499433769,
2600,762.1385,47.823331214392596,15.816138235083496,153.896983169952,28.0,0.7631,261.0,43.0,144.0,904.0,26.0,211.0,107.0,293.0,11.637711185617038,108,5,51,60,224.0,-51.0,64.0,45.0,143.0,19.0,-81.0,5734.0,95.0,-14.0,7.973194231271054,62.35937499433769,
2601,737.19244,99.79128343009475,7.80820896603544,168.92014795130066,29.0,0.7226,264.0,44.0,148.0,919.0,26.0,217.0,108.0,296.0,6.3085586624384415,105,4,55,59,224.0,-53.0,65.0,42.0,141.0,17.0,-83.0,5711.0,92.0,-15.0,7.977684906703856,62.35937499433769,
2602,733.6573,167.10955250767697,8.64559547952892,185.5671695655523,29.0,0.7189,264.0,44.0,148.0,919.0,26.0,217.0,108.0,296.0,5.78752221254578,113,5,55,58,224.0,-53.0,65.0,42.0,141.0,17.0,-83.0,5711.0,92.0,-15.0,7.982175582136656,62.35937499433769,
2603,745.0985,208.08745753396235,14.37354901806264,194.45108934629033,28.0,0.7455,266.0,45.0,151.0,931.0,25.0,221.0,108.0,298.0,9.391651495089395,111,8,55,57,222.0,-54.0,64.0,40.0,138.0,15.0,-84.0,5672.0,90.0,-18.0,7.986666257569455,62.35937499433769,
2604,769.9125,219.1624302289989,17.1507277896445,204.8943476061238,28.0,0.7648,266.0,45.0,151.0,931.0,25.0,221.0,108.0,298.0,12.45245634730006,119,7,54,56,222.0,-54.0,64.0,40.0,138.0,15.0,-84.0,5672.0,90.0,-18.0,7.991156933002255,62.35937499433769,
2605,793.4606,211.02898024443712,17.013853781638566,198.15995296127073,29.0,0.77105,271.0,46.0,155.0,952.0,25.0,228.0,110.0,303.0,11.498102253446717,124,7,54,56,224.0,-58.0,65.0,37.0,135.0,11.0,-89.0,5723.0,87.0,-21.0,7.995647608434983,62.35937499433769,
2606,818.7656,206.62035754767155,20.725000075788625,198.94845528314292,28.0,0.7502,263.0,44.0,148.0,919.0,26.0,219.0,107.0,294.0,13.798168443710548,120,3,55,53,225.0,-55.0,65.0,41.0,140.0,15.0,-85.0,5755.0,91.0,-18.0,8.000138283867784,62.35937499433769,
2607,820.9927,168.76510640397095,23.482946156911332,169.78609681825313,28.0,0.7254,263.0,44.0,148.0,919.0,26.0,219.0,107.0,294.0,14.530815423550074,117,3,54,57,225.0,-55.0,65.0,41.0,140.0,15.0,-85.0,5755.0,91.0,-18.0,8.004628959300584,62.35937499433769,
2608,735.6065,105.98014502305303,12.712694388332459,145.97851725167868,28.0,0.7389,240.0,36.0,118.0,798.0,29.0,175.0,100.0,268.0,11.817003849585715,116,1,54,55,227.0,-33.0,65.0,66.0,163.0,38.0,-64.0,5832.0,115.0,4.0,8.018100985598986,62.35937499433769,
2609,668.1367,91.08271764913725,20.789355670130444,113.87323363285857,28.0,0.7645,240.0,36.0,118.0,798.0,29.0,175.0,100.0,268.0,22.62445493219507,113,2,50,55,227.0,-33.0,65.0,66.0,163.0,38.0,-64.0,5832.0,115.0,4.0,8.022591661031786,62.35937499433769,
2610,522.62976,93.18391908350007,38.07740671695594,70.90611121048022,28.0,0.7946,245.0,34.0,115.0,802.0,31.0,168.0,103.0,276.0,38.00206008709564,116,2,49,61,228.0,-20.0,66.0,81.0,177.0,53.0,-51.0,5872.0,130.0,18.0,8.027082336464586,62.35937499433769,
2611,808.55615,251.6860408970212,26.506718974985592,249.51387633939993,28.0,0.82815,282.0,50.0,171.0,1009.0,23.0,249.0,113.0,313.0,25.310842948244638,89,4,55,57,225.0,-68.0,65.0,26.0,126.0,1.0,-99.0,5735.0,78.0,-31.0,8.067498415359717,62.35937499433769,
2612,906.0174,44.52129311940942,23.50462976799493,140.82343330658756,28.0,0.66595,220.0,41.0,145.0,859.0,23.0,237.0,90.0,262.0,18.22606211092865,129,5,58,54,250.0,-69.0,71.0,-2.0,147.0,9.0,-103.0,6376.0,94.0,57.0,8.615360818160347,62.35937499433769,
2613,855.0424,234.81775092675346,45.537079083202144,246.98301208761006,28.0,0.7536,368.0,55.0,183.0,1196.0,29.0,239.0,151.0,405.0,32.769553326480256,109,11,47,52,197.0,-34.0,57.0,48.0,137.0,28.0,-60.0,5117.0,96.0,0.0,7.424816311470698,62.357291661004545,
2614,821.9613,40.42466402449625,35.156502787295686,132.7638704153069,29.0,0.78095,265.0,44.0,148.0,920.0,26.0,217.0,108.0,296.0,24.19868574719983,118,4,56,57,224.0,-53.0,65.0,41.0,140.0,16.0,-84.0,5709.0,92.0,-17.0,7.97264067793993,62.357291661004545,
2615,763.71735,47.67206841311114,21.43864116302398,146.76900036219132,28.0,0.781,257.0,43.0,142.0,892.0,26.0,209.0,105.0,288.0,15.358721045506003,114,4,54,56,224.0,-50.0,64.0,46.0,144.0,20.0,-80.0,5723.0,96.0,-13.0,7.977131041599522,62.357291661004545,
2616,756.0549,220.4511080869844,15.06364106430108,202.16248356874866,28.0,0.7676,254.0,42.0,140.0,882.0,26.0,208.0,104.0,285.0,10.656702520843831,120,6,53,56,225.0,-50.0,65.0,47.0,145.0,20.0,-80.0,5779.0,97.0,-13.0,7.995092496237818,62.357291661004545,
2617,776.9457,196.18670933158324,16.24215401198545,188.93466515316197,28.0,0.7614,254.0,42.0,140.0,882.0,26.0,208.0,104.0,285.0,9.796550518184803,118,7,54,57,225.0,-50.0,65.0,47.0,145.0,20.0,-80.0,5779.0,97.0,-13.0,7.999582859897411,62.357291661004545,
2618,782.63055,186.24546952635143,14.671481951161386,181.04725923042804,28.0,0.7266,252.0,42.0,140.0,878.0,26.0,208.0,103.0,283.0,8.426609276791059,118,5,55,58,225.0,-50.0,65.0,47.0,145.0,20.0,-80.0,5777.0,97.0,-13.0,8.004073223557002,62.357291661004545,
2619,777.9521,168.89093608926396,18.16988463259924,171.56499044138565,28.0,0.6937,248.0,40.0,135.0,858.0,27.0,202.0,102.0,279.0,12.519747082666807,110,2,54,59,226.0,-47.0,65.0,50.0,148.0,23.0,-78.0,5786.0,100.0,-10.0,8.008563587216594,62.357291661004545,
2620,756.1853,158.64882170354423,11.691887780020052,167.6488923090264,28.0,0.6953,248.0,40.0,135.0,858.0,27.0,202.0,102.0,279.0,7.0431573318902,111,1,54,55,226.0,-47.0,65.0,50.0,148.0,23.0,-78.0,5786.0,100.0,-10.0,8.013053950876186,62.357291661004545,
2621,729.89624,100.21587430731577,10.439922680689618,144.19644053328113,28.0,0.74135,238.0,37.0,122.0,806.0,28.0,183.0,99.0,268.0,12.044101209484767,112,2,49,57,227.0,-38.0,65.0,62.0,158.0,34.0,-69.0,5831.0,110.0,0.0,8.017544314535778,62.357291661004545,
2622,666.68976,95.55383461132351,18.53676267372742,119.4909572421081,28.0,0.79,238.0,37.0,122.0,806.0,28.0,183.0,99.0,268.0,20.375217935478325,113,5,50,57,227.0,-38.0,65.0,62.0,158.0,34.0,-69.0,5831.0,110.0,0.0,8.02203467819537,62.357291661004545,
2623,536.5288,87.18459363000783,35.51056437312643,76.6636021306375,28.0,0.8131,242.0,33.0,112.0,784.0,31.0,165.0,102.0,269.0,36.15693231252226,118,4,52,58,228.0,-25.0,66.0,77.0,173.0,48.0,-55.0,5855.0,125.0,13.0,8.026525041854965,62.357291661004545,
2624,346.2984,84.71456850738208,36.21614538062343,75.69334303235665,28.0,0.8367,242.0,33.0,112.0,784.0,31.0,165.0,102.0,269.0,35.9290419574685,117,0,54,62,228.0,-25.0,66.0,77.0,173.0,48.0,-55.0,5855.0,125.0,13.0,8.031015405514557,62.357291661004545,
2625,212.89336,74.78351156856719,22.051670700907213,113.70595179706194,28.0,0.8316,242.0,33.0,113.0,787.0,31.0,166.0,102.0,270.0,22.718473159886358,110,4,56,65,229.0,-23.0,66.0,79.0,175.0,50.0,-54.0,5900.0,127.0,15.0,8.035505769174076,62.357291661004545,
2626,752.3231,249.09700376599892,28.139423533451513,250.53158730520542,28.0,0.83705,268.0,46.0,160.0,955.0,24.0,235.0,108.0,299.0,26.990989071365867,112,6,56,57,227.0,-62.0,65.0,33.0,133.0,7.0,-94.0,5741.0,84.0,-25.0,8.066938314791221,62.357291661004545,
2627,847.5642,245.17193009764478,25.006172320361372,244.10522143167563,28.0,0.8182,268.0,46.0,160.0,955.0,24.0,235.0,108.0,299.0,23.195202481711696,89,6,50,58,227.0,-62.0,65.0,33.0,133.0,7.0,-94.0,5741.0,84.0,-25.0,8.07142867845074,62.357291661004545,
2628,932.8059,247.080348184259,25.648128295138463,244.19294677720526,28.0,0.8019,294.0,53.0,183.0,1059.0,22.0,264.0,117.0,325.0,23.45027262151012,112,4,52,55,225.0,-74.0,65.0,19.0,119.0,-6.0,-106.0,5695.0,71.0,-37.0,8.075919042110332,62.357291661004545,
2629,894.60675,116.72944049406702,24.19201413063974,147.6743013225933,28.0,0.6468,219.0,41.0,144.0,855.0,23.0,237.0,89.0,260.0,18.7521018439592,119,7,55,54,253.0,-70.0,71.0,-2.0,148.0,9.0,-105.0,6432.0,94.0,85.0,8.619253044919974,62.357291661004545,
2630,864.23395,55.29623615595879,8.625657850465993,159.7015330251364,28.0,0.6035,219.0,41.0,144.0,855.0,23.0,237.0,89.0,260.0,7.819070128438363,131,6,61,54,253.0,-70.0,71.0,-2.0,148.0,9.0,-105.0,6432.0,94.0,85.0,8.623743408579566,62.357291661004545,
2631,828.4638,52.644082232550005,30.90472614214996,123.80906492079826,28.0,0.78725,257.0,43.0,142.0,892.0,26.0,209.0,105.0,288.0,23.389371563520356,121,3,54,57,224.0,-50.0,64.0,46.0,144.0,20.0,-80.0,5723.0,96.0,-13.0,7.976577263941304,62.35520832767139,
2632,763.92096,91.33140469561208,16.872778760640582,152.88487692730033,28.0,0.7969,257.0,43.0,142.0,892.0,26.0,209.0,105.0,288.0,13.561132287827169,122,1,53,59,224.0,-50.0,64.0,46.0,144.0,20.0,-80.0,5723.0,96.0,-13.0,7.981067315876911,62.35520832767139,
2633,752.2071,157.95896173435557,6.908768008060512,175.43442686894537,29.0,0.73695,254.0,42.0,139.0,880.0,26.0,206.0,104.0,285.0,4.561160684944493,114,1,55,58,224.0,-49.0,65.0,47.0,145.0,21.0,-79.0,5761.0,97.0,-12.0,7.985557367812518,62.35520832767139,
2634,738.7867,132.35135953613772,9.260339841526267,160.56478866184963,29.0,0.7411,254.0,42.0,139.0,880.0,26.0,206.0,104.0,285.0,10.983886088708859,114,3,53,58,224.0,-49.0,65.0,47.0,145.0,21.0,-79.0,5761.0,97.0,-12.0,7.990047419748126,62.35520832767139,
2635,725.71155,209.66179739053965,10.519282487146175,193.12517313620194,28.0,0.7599,254.0,42.0,140.0,882.0,26.0,208.0,104.0,285.0,7.610748548701694,113,5,55,57,225.0,-50.0,65.0,47.0,145.0,20.0,-80.0,5779.0,97.0,-13.0,7.994537471683662,62.35520832767139,
2636,742.6679,213.48497037438227,12.884749165030444,194.9963968452443,28.0,0.7584,254.0,42.0,140.0,882.0,26.0,208.0,104.0,285.0,8.636208757210273,115,5,53,57,225.0,-50.0,65.0,47.0,145.0,20.0,-80.0,5779.0,97.0,-13.0,7.99902752361927,62.35520832767139,
2637,751.88586,173.66798710381215,12.209475949315042,178.06804013941803,28.0,0.7421,252.0,42.0,140.0,878.0,26.0,208.0,103.0,283.0,7.116588749534765,112,5,55,58,225.0,-50.0,65.0,47.0,145.0,20.0,-80.0,5777.0,97.0,-13.0,8.003517575554877,62.35520832767139,
2638,746.3675,171.71023151132115,6.601000161758029,176.778864128199,28.0,0.70045,248.0,40.0,135.0,858.0,27.0,202.0,102.0,279.0,4.005530316499362,117,0,50,57,226.0,-47.0,65.0,50.0,148.0,23.0,-78.0,5786.0,100.0,-10.0,8.012497679426094,62.35520832767139,
2639,724.08636,109.75528853505472,11.516779560990791,149.22459147849116,28.0,0.75855,238.0,37.0,122.0,806.0,28.0,183.0,99.0,268.0,10.660799289887992,115,1,47,54,227.0,-38.0,65.0,62.0,158.0,34.0,-69.0,5831.0,110.0,0.0,8.0169877313617,62.35520832767139,
2640,668.6885,100.15496522291224,16.298523584580895,125.83048332152886,28.0,0.792,238.0,37.0,122.0,806.0,28.0,183.0,99.0,268.0,18.089226854774594,122,2,54,57,227.0,-38.0,65.0,62.0,158.0,34.0,-69.0,5831.0,110.0,0.0,8.021477783297309,62.35520832767139,
2641,565.0352,83.67176361825071,28.53301465755339,92.919824089321,28.0,0.8377,242.0,33.0,112.0,784.0,31.0,165.0,102.0,269.0,29.86627823645903,114,4,53,59,228.0,-25.0,66.0,77.0,173.0,48.0,-55.0,5855.0,125.0,13.0,8.025967835232919,62.35520832767139,
2642,796.79694,243.70158125386516,26.110745806645234,242.4949823194897,28.0,0.8355,268.0,46.0,160.0,955.0,24.0,235.0,108.0,299.0,22.70097247257231,86,5,56,56,227.0,-62.0,65.0,33.0,133.0,7.0,-94.0,5741.0,84.0,-25.0,8.07086835458885,62.35520832767139,
2643,883.44415,252.04281408159454,27.074018245888798,248.41748499730775,28.0,0.7904,294.0,53.0,183.0,1059.0,22.0,264.0,117.0,325.0,25.742862367661083,96,5,51,54,225.0,-74.0,65.0,19.0,119.0,-6.0,-106.0,5695.0,71.0,-37.0,8.075358406524458,62.35520832767139,
2644,887.8181,71.23673697382812,17.36418149118829,126.8896962902199,28.0,0.6419,219.0,41.0,144.0,855.0,23.0,237.0,89.0,260.0,18.320661539000657,134,9,58,55,253.0,-70.0,71.0,-2.0,148.0,9.0,-105.0,6432.0,94.0,85.0,8.623144742667602,62.35520832767139,
2645,808.606,53.52533755482839,21.800326850549542,134.83453301534774,28.0,0.7796,257.0,43.0,142.0,892.0,26.0,209.0,105.0,288.0,18.305676266610874,126,5,53,58,224.0,-50.0,64.0,46.0,144.0,20.0,-80.0,5723.0,96.0,-13.0,7.980513313970365,62.35312499433825,
2646,756.74585,112.89258566053117,8.799252228433579,157.62575976246796,29.0,0.7652,254.0,42.0,139.0,880.0,26.0,206.0,104.0,285.0,8.245428161416099,118,0,54,57,224.0,-49.0,65.0,47.0,145.0,21.0,-79.0,5761.0,97.0,-12.0,7.985003054231201,62.35312499433825,
2647,745.2011,130.88384361718514,6.805907675830638,168.34565389860384,29.0,0.7403,254.0,42.0,139.0,880.0,26.0,206.0,104.0,285.0,5.973281581042646,125,1,53,58,224.0,-49.0,65.0,47.0,145.0,21.0,-79.0,5761.0,97.0,-12.0,7.989492794492036,62.35312499433825,
2648,720.2967,125.47470657764269,6.983822380846808,162.119934208845,28.0,0.72285,254.0,42.0,140.0,882.0,26.0,208.0,104.0,285.0,9.234647783760842,114,7,55,59,225.0,-50.0,65.0,47.0,145.0,20.0,-80.0,5779.0,97.0,-13.0,7.9939825347528,62.35312499433825,
2649,715.76953,207.80804010849877,8.224514854093767,190.46274850790084,28.0,0.7113,254.0,42.0,140.0,882.0,26.0,208.0,104.0,285.0,5.879429345120203,115,6,53,56,225.0,-50.0,65.0,47.0,145.0,20.0,-80.0,5779.0,97.0,-13.0,7.998472275013639,62.35312499433825,
2650,729.35455,191.4879728662329,8.581330538627942,184.3863820454128,28.0,0.7173,252.0,42.0,140.0,878.0,26.0,208.0,103.0,283.0,5.439279957215701,114,3,53,59,225.0,-50.0,65.0,47.0,145.0,20.0,-80.0,5777.0,97.0,-13.0,8.002962015274473,62.35312499433825,
2651,730.4059,183.9731222839291,8.120723450398556,181.79813092760904,28.0,0.7077,252.0,42.0,140.0,878.0,26.0,208.0,103.0,283.0,5.1273863246998905,120,3,53,57,225.0,-50.0,65.0,47.0,145.0,20.0,-80.0,5777.0,97.0,-13.0,8.00745175553531,62.35312499433825,
2652,730.85876,239.11497058529883,32.137210630120194,247.5278430042724,28.0,0.8475,268.0,46.0,160.0,955.0,24.0,235.0,108.0,299.0,26.86517279647015,108,7,55,57,227.0,-62.0,65.0,33.0,133.0,7.0,-94.0,5741.0,84.0,-25.0,8.070308119186873,62.35312499433825,
2653,831.35016,245.73353057518423,32.31843128163998,251.29133590899187,28.0,0.802,268.0,46.0,160.0,955.0,24.0,235.0,108.0,299.0,29.65467555736081,92,7,54,58,227.0,-62.0,65.0,33.0,133.0,7.0,-94.0,5741.0,84.0,-25.0,8.074797859447708,62.35312499433825,
2654,926.7955,64.10763538275776,23.29006503364981,122.87350014936878,28.0,0.6507,219.0,41.0,144.0,855.0,23.0,237.0,89.0,260.0,21.244446640869665,123,7,57,56,253.0,-70.0,71.0,-2.0,148.0,9.0,-105.0,6432.0,94.0,85.0,8.622546171268716,62.35312499433825,
2655,852.2391,72.58257552562645,21.365927156137715,121.00521083907462,28.0,0.7218,257.0,43.0,142.0,892.0,26.0,209.0,105.0,288.0,20.404085925756018,125,6,54,58,224.0,-50.0,64.0,46.0,144.0,20.0,-80.0,5723.0,96.0,-13.0,7.97995939951979,62.351041661005105,
2656,778.2994,74.0538635689852,14.94385727181,137.75819508516707,29.0,0.7766,254.0,42.0,139.0,880.0,26.0,206.0,104.0,285.0,14.80836800045991,125,7,53,55,224.0,-49.0,65.0,47.0,145.0,21.0,-79.0,5761.0,97.0,-12.0,7.984448828155054,62.351041661005105,
2657,712.1071,214.36905350325145,5.768309718066912,187.00157934412974,28.0,0.698,252.0,42.0,140.0,878.0,26.0,208.0,103.0,283.0,3.901726117933673,114,5,52,57,225.0,-50.0,65.0,47.0,145.0,20.0,-80.0,5777.0,97.0,-13.0,8.002406542696049,62.351041661005105,
2658,700.9694,102.43218352731967,3.8610274758847973,170.214256096825,28.0,0.6775,248.0,40.0,135.0,858.0,27.0,202.0,102.0,279.0,3.5407460843906966,107,0,54,58,226.0,-47.0,65.0,50.0,148.0,23.0,-78.0,5786.0,100.0,-10.0,8.015874828601847,62.351041661005105,
2659,686.7415,80.6321625424768,8.223169586872928,159.99612994625855,28.0,0.7271,238.0,37.0,122.0,806.0,28.0,183.0,99.0,268.0,7.229655813694603,121,2,55,56,227.0,-38.0,65.0,62.0,158.0,34.0,-69.0,5831.0,110.0,0.0,8.020364257237114,62.351041661005105,
2660,638.95105,77.55939970801334,17.175335173747154,130.20067551306002,28.0,0.7885,238.0,37.0,122.0,806.0,28.0,183.0,99.0,268.0,17.022348044167966,126,2,56,60,227.0,-38.0,65.0,62.0,158.0,34.0,-69.0,5831.0,110.0,0.0,8.02485368587238,62.351041661005105,
2661,756.6985,237.62439433114685,35.73605294796233,249.59641384911424,28.0,0.8471,268.0,46.0,160.0,955.0,24.0,235.0,108.0,299.0,29.16442054907579,92,0,52,55,227.0,-62.0,65.0,33.0,133.0,7.0,-94.0,5741.0,84.0,-25.0,8.074237400860165,62.351041661005105,
2662,897.5068,242.21964474881958,41.781584632114715,253.84537744869849,28.0,0.8106,294.0,53.0,183.0,1059.0,22.0,264.0,117.0,325.0,34.93286119420781,99,6,55,54,225.0,-74.0,65.0,19.0,119.0,-6.0,-106.0,5695.0,71.0,-37.0,8.078726829495432,62.351041661005105,
2663,897.25885,49.13289830569882,21.586834013059875,138.662634177136,28.0,0.6591,218.0,41.0,144.0,854.0,23.0,237.0,89.0,260.0,17.853300321087957,127,6,55,53,252.0,-70.0,71.0,-2.0,148.0,9.0,-104.0,6418.0,94.0,85.0,8.626437122996908,62.351041661005105,
2664,803.3814,76.96245499061688,16.5957072653762,127.09816452995382,28.0,0.7719,252.0,41.0,138.0,874.0,27.0,205.0,103.0,283.0,17.84744330089938,119,8,55,58,225.0,-49.0,65.0,47.0,145.0,21.0,-80.0,5762.0,97.0,-12.0,7.983894689564397,62.34895832767196,
2665,744.88965,89.45774679919141,10.727202286850499,146.692018499387,28.0,0.7574,252.0,41.0,138.0,874.0,27.0,205.0,103.0,283.0,11.518165734811708,120,8,53,57,225.0,-49.0,65.0,47.0,145.0,21.0,-80.0,5762.0,97.0,-12.0,7.988383806623284,62.34895832767196,
2666,710.43195,88.77248063958524,4.489665014237049,167.4555271327616,28.0,0.7054,249.0,41.0,136.0,866.0,26.0,204.0,102.0,281.0,4.23692894253305,114,7,54,56,225.0,-49.0,65.0,48.0,146.0,21.0,-79.0,5792.0,98.0,-12.0,7.992872923682099,62.34895832767196,
2667,702.4078,163.1382787475677,4.389787241059246,182.4927393362271,28.0,0.6838,249.0,41.0,136.0,862.0,27.0,202.0,102.0,279.0,3.7822740184067265,114,4,53,56,226.0,-48.0,65.0,49.0,147.0,22.0,-79.0,5783.0,99.0,-11.0,8.001851157799873,62.34895832767196,
2668,703.7069,185.67243086620738,3.7998833833500387,181.07874665527828,28.0,0.7084,249.0,41.0,136.0,862.0,27.0,202.0,102.0,279.0,3.284188164116008,113,5,52,56,226.0,-48.0,65.0,49.0,147.0,22.0,-79.0,5783.0,99.0,-11.0,8.006340274858761,62.34895832767196,
2669,706.4836,95.0661826653189,3.792024368596636,169.0558747586137,28.0,0.6674,244.0,40.0,133.0,846.0,27.0,199.0,100.0,275.0,4.917638584150514,109,1,54,57,226.0,-47.0,65.0,51.0,149.0,24.0,-77.0,5798.0,101.0,-10.0,8.015318508976534,62.34895832767196,
2670,689.6386,104.39214683843382,4.570964509563242,165.99407028521088,28.0,0.71875,239.0,38.0,127.0,822.0,28.0,191.0,99.0,270.0,5.284565532311316,115,2,56,58,227.0,-44.0,65.0,55.0,153.0,28.0,-74.0,5817.0,105.0,-6.0,8.01980762603542,62.34895832767196,
2671,654.03723,86.5083849665559,12.177138372355609,135.94934974645966,28.0,0.7642,239.0,38.0,127.0,822.0,28.0,191.0,99.0,270.0,14.592591121443656,123,3,56,57,227.0,-44.0,65.0,55.0,153.0,28.0,-74.0,5817.0,105.0,-6.0,8.02429674309431,62.34895832767196,
2672,683.7463,240.24506810577947,37.12836041129528,247.3571770315744,28.0,0.8529,245.0,41.0,139.0,864.0,26.0,209.0,100.0,276.0,27.463898705931218,96,6,56,56,229.0,-53.0,65.0,45.0,145.0,18.0,-84.0,5843.0,96.0,-15.0,8.07367703074192,62.34895832767196,
2673,814.0509,256.21876382969623,38.80502421385918,250.68221360341846,28.0,0.8298,266.0,46.0,160.0,954.0,24.0,236.0,107.0,298.0,33.558018474236064,105,6,55,57,227.0,-64.0,65.0,32.0,132.0,6.0,-95.0,5778.0,83.0,-26.0,8.078166147800808,62.34895832767196,
2674,938.3866,242.7599670569796,41.03571917954163,247.23497307212494,28.0,0.7933,266.0,46.0,160.0,954.0,24.0,236.0,107.0,298.0,33.71289798669998,109,4,53,54,227.0,-64.0,65.0,32.0,132.0,6.0,-95.0,5778.0,83.0,-26.0,8.082655264859696,62.34895832767196,
2675,881.4486,53.63550940827355,18.025016969635278,138.77460085202762,28.0,0.63545,218.0,41.0,144.0,855.0,23.0,238.0,89.0,261.0,15.561495455417793,122,6,59,55,251.0,-71.0,71.0,-4.0,146.0,7.0,-105.0,6417.0,92.0,83.0,8.630327546042892,62.34895832767196,
2676,766.4208,73.66249620442052,13.62549464219719,137.0644063328196,28.0,0.7554,252.0,41.0,138.0,874.0,27.0,205.0,103.0,283.0,14.52639967025764,114,6,55,58,225.0,-49.0,65.0,47.0,145.0,21.0,-80.0,5762.0,97.0,-12.0,7.987829443971237,62.346874994338805,
2677,723.3769,53.99377808739995,9.68170800153193,158.30580181678337,28.0,0.7067,249.0,41.0,136.0,866.0,26.0,204.0,102.0,281.0,8.501811286657178,112,5,56,57,225.0,-49.0,65.0,48.0,146.0,21.0,-79.0,5792.0,98.0,-12.0,7.992318249502851,62.346874994338805,
2678,709.58856,111.08137702243852,2.9061489374898715,176.2873784139121,28.0,0.6911,249.0,41.0,136.0,862.0,27.0,202.0,102.0,279.0,2.205200602672288,102,4,54,54,226.0,-48.0,65.0,49.0,147.0,22.0,-79.0,5783.0,99.0,-11.0,8.001295860566227,62.346874994338805,
2679,704.4517,147.8338008091627,7.740344446498655,176.87309402338443,28.0,0.7118,244.0,40.0,133.0,846.0,27.0,199.0,100.0,275.0,6.290466095365151,115,3,51,54,226.0,-47.0,65.0,51.0,149.0,24.0,-77.0,5798.0,101.0,-10.0,8.014762277161287,62.346874994338805,
2680,689.6045,110.63403761684408,5.310485077430999,163.66439819528006,28.0,0.7451,239.0,38.0,127.0,822.0,28.0,191.0,99.0,270.0,5.87754970804102,119,2,55,56,227.0,-44.0,65.0,55.0,153.0,28.0,-74.0,5817.0,105.0,-6.0,8.019251082692975,62.346874994338805,
2681,659.7416,101.4834926417673,10.128698330014103,144.5425027110291,28.0,0.802,239.0,38.0,127.0,822.0,28.0,191.0,99.0,270.0,11.90259245149615,118,2,54,58,227.0,-44.0,65.0,55.0,153.0,28.0,-74.0,5817.0,105.0,-6.0,8.023739888224664,62.346874994338805,
2682,603.6337,82.73969566308483,12.30667344466234,136.86438242007623,28.0,0.8302,235.0,36.0,118.0,790.0,29.0,178.0,98.0,264.0,14.17373583909059,121,3,47,59,228.0,-36.0,66.0,64.0,161.0,36.0,-67.0,5852.0,113.0,1.0,8.028228693756349,62.346874994338805,
2683,935.07874,60.08030778363327,26.906829433889154,137.94708151159517,28.0,0.62365,218.0,41.0,144.0,855.0,23.0,238.0,89.0,261.0,19.49720721430877,123,7,60,55,251.0,-71.0,71.0,-4.0,146.0,7.0,-105.0,6417.0,92.0,83.0,8.629728635001275,62.346874994338805,
2684,746.81067,64.57873063287522,10.26798938510465,153.69116130304212,28.0,0.6967,249.0,41.0,136.0,866.0,26.0,204.0,102.0,281.0,9.504305728602862,109,0,56,58,225.0,-49.0,65.0,48.0,146.0,21.0,-79.0,5792.0,98.0,-12.0,7.991763662868083,62.344791661005665,
2685,706.43396,89.37028123548106,2.5101286848028996,172.87140514578323,28.0,0.6912,249.0,41.0,136.0,862.0,27.0,202.0,102.0,279.0,2.7427078121526636,106,2,54,54,226.0,-48.0,65.0,49.0,147.0,22.0,-79.0,5783.0,99.0,-11.0,8.005229145029052,62.344791661005665,
2686,699.5621,139.90355048204165,2.899407806957485,176.21515415903013,28.0,0.6996,244.0,40.0,133.0,846.0,27.0,199.0,100.0,275.0,2.1250940981944115,110,1,54,53,226.0,-47.0,65.0,51.0,149.0,24.0,-77.0,5798.0,101.0,-10.0,8.009717639082707,62.344791661005665,
2687,688.7649,111.5648373629588,6.628223061936704,168.7033913899729,28.0,0.7195,244.0,40.0,133.0,846.0,27.0,199.0,100.0,275.0,7.461917366238398,115,1,52,52,226.0,-47.0,65.0,51.0,149.0,24.0,-77.0,5798.0,101.0,-10.0,8.014206133136362,62.344791661005665,
2688,679.27057,138.35339471327356,9.036789009325979,170.66107836984744,28.0,0.7623,239.0,38.0,127.0,822.0,28.0,191.0,99.0,270.0,7.2792171388989715,107,2,54,55,227.0,-44.0,65.0,55.0,153.0,28.0,-74.0,5817.0,105.0,-6.0,8.018694627190017,62.344791661005665,
2689,655.4025,102.26710776202016,8.557290404463409,154.9694195654151,28.0,0.8063,239.0,38.0,127.0,822.0,28.0,191.0,99.0,270.0,8.68460443436292,119,1,55,59,227.0,-44.0,65.0,55.0,153.0,28.0,-74.0,5817.0,105.0,-6.0,8.023183121243674,62.344791661005665,
2690,616.2457,81.75586150695443,10.58903961093961,142.14999496702916,28.0,0.81855,235.0,36.0,118.0,790.0,29.0,178.0,98.0,264.0,12.473562267475135,117,2,47,57,228.0,-36.0,66.0,64.0,161.0,36.0,-67.0,5852.0,113.0,1.0,8.02767161529733,62.344791661005665,
2691,684.1509,255.14721693477597,37.672914999071665,254.47586598181744,28.0,0.8443,266.0,46.0,160.0,954.0,24.0,236.0,107.0,298.0,34.35893903070062,108,4,57,58,227.0,-64.0,65.0,32.0,132.0,6.0,-95.0,5778.0,83.0,-26.0,8.0770450498874,62.344791661005665,
2692,823.5605,240.04127922234753,36.60187367826356,251.07595830718867,28.0,0.82545,266.0,46.0,160.0,954.0,24.0,236.0,107.0,298.0,29.21038194993643,94,5,54,55,227.0,-64.0,65.0,32.0,132.0,6.0,-95.0,5778.0,83.0,-26.0,8.081533543941056,62.344791661005665,
2693,918.80054,236.46393254577953,32.4085752627019,238.57526969640372,28.0,0.75905,290.0,52.0,181.0,1046.0,23.0,262.0,116.0,322.0,24.17411224676266,101,5,53,55,225.0,-74.0,65.0,19.0,120.0,-5.0,-105.0,5716.0,71.0,-36.0,8.086022037994711,62.344791661005665,
2694,885.8959,60.310265795963595,16.550006089085645,140.03008796951434,28.0,0.6215,216.0,41.0,144.0,851.0,24.0,237.0,89.0,260.0,14.868658031268463,128,5,59,52,252.0,-70.0,71.0,-2.0,148.0,9.0,-104.0,6460.0,94.0,85.0,8.63810680659337,62.344791661005665,
2695,747.2573,143.75053103389004,61.500806384791346,118.42767780904624,28.0,0.7169,331.0,52.0,170.0,1097.0,28.0,233.0,135.0,364.0,35.95929837911757,118,10,52,55,207.0,-42.0,60.0,43.0,136.0,21.0,-71.0,5287.0,91.0,-8.0,7.600737275402789,62.34270832767252,
2696,820.51917,66.64318208131475,15.923804193934973,136.51643057805597,28.0,0.71395,252.0,41.0,138.0,874.0,27.0,205.0,103.0,283.0,15.438850436719614,116,7,57,55,225.0,-49.0,65.0,47.0,145.0,21.0,-80.0,5762.0,97.0,-12.0,7.986720981133388,62.34270832767252,
2697,765.93024,68.54398121460098,11.256036344073628,148.99797787514186,28.0,0.7171,252.0,41.0,138.0,874.0,27.0,205.0,103.0,283.0,10.72420157294538,114,2,54,60,225.0,-49.0,65.0,47.0,145.0,21.0,-80.0,5762.0,97.0,-12.0,7.991209163758097,62.34270832767252,
2698,734.76917,62.79232670807029,7.8289096756865835,160.04691554799646,28.0,0.67815,249.0,41.0,136.0,866.0,26.0,204.0,102.0,281.0,7.340358350748495,120,2,55,60,225.0,-49.0,65.0,48.0,146.0,21.0,-79.0,5792.0,98.0,-12.0,7.995697346382881,62.34270832767252,
2699,708.4685,83.00622000502999,2.9870436856919254,168.69378389284574,28.0,0.7135,249.0,41.0,136.0,862.0,27.0,202.0,102.0,279.0,3.8486211960285126,107,1,53,58,226.0,-48.0,65.0,49.0,147.0,22.0,-79.0,5783.0,99.0,-11.0,8.004673711632446,62.34270832767252,
2700,693.04596,134.83709064768854,4.774381248473393,171.3467048722659,28.0,0.7158,244.0,40.0,133.0,846.0,27.0,199.0,100.0,275.0,4.1596212728349276,121,0,53,55,226.0,-47.0,65.0,51.0,149.0,24.0,-77.0,5798.0,101.0,-10.0,8.009161894257225,62.34270832767252,
2701,685.6456,140.35734856210127,6.600443082496275,169.1466533558344,28.0,0.7435,244.0,40.0,133.0,846.0,27.0,199.0,100.0,275.0,5.9704581616341965,111,3,52,54,226.0,-47.0,65.0,51.0,149.0,24.0,-77.0,5798.0,101.0,-10.0,8.013650076882008,62.34270832767252,
2702,664.05743,116.99071215870319,9.32694147706292,162.28210620332442,28.0,0.7623,239.0,38.0,127.0,822.0,28.0,191.0,99.0,270.0,9.849537020598241,106,1,54,54,227.0,-44.0,65.0,55.0,153.0,28.0,-74.0,5817.0,105.0,-6.0,8.01813825950679,62.34270832767252,
2703,642.90607,142.47895946167174,11.748663540147295,167.0234991056164,28.0,0.7653,239.0,38.0,127.0,822.0,28.0,191.0,99.0,270.0,9.670176531900902,114,1,56,55,227.0,-44.0,65.0,55.0,153.0,28.0,-74.0,5817.0,105.0,-6.0,8.022626442131575,62.34270832767252,
2704,617.2012,121.86054747775432,13.655153531512989,150.90570391056974,28.0,0.7784,235.0,36.0,118.0,790.0,29.0,178.0,98.0,264.0,12.344415549436748,117,4,47,56,228.0,-36.0,66.0,64.0,161.0,36.0,-67.0,5852.0,113.0,1.0,8.027114624756354,62.34270832767252,
2705,736.48975,240.58120265552898,37.28615462627278,248.48234381487262,28.0,0.84135,266.0,46.0,160.0,954.0,24.0,236.0,107.0,298.0,30.374766574676826,95,4,56,58,227.0,-64.0,65.0,32.0,132.0,6.0,-95.0,5778.0,83.0,-26.0,8.080972816253595,62.34270832767252,
2706,859.1033,242.50598841276442,31.81005288951968,245.14278434703405,28.0,0.78925,290.0,52.0,181.0,1046.0,23.0,262.0,116.0,322.0,26.069114727523743,97,6,51,55,225.0,-74.0,65.0,19.0,120.0,-5.0,-105.0,5716.0,71.0,-36.0,8.085460998878375,62.34270832767252,
2707,872.9388,40.026500076710725,16.39662601654935,156.09027647354966,28.0,0.6828,216.0,41.0,144.0,851.0,24.0,237.0,89.0,260.0,10.403111239129142,127,6,60,53,252.0,-70.0,72.0,-2.0,148.0,9.0,-104.0,6471.0,95.0,86.0,8.64199564435033,62.34270832767252,
2708,732.9988,136.8657987490654,50.121976925583944,114.20692156285823,28.0,0.7522,330.0,51.0,168.0,1087.0,28.0,228.0,135.0,363.0,32.55282095344822,107,7,59,55,207.0,-41.0,60.0,46.0,138.0,23.0,-69.0,5307.0,94.0,-6.0,7.595722082589217,62.34062499433937,
2709,850.93097,66.23341744646963,16.45124788707811,136.91912925092737,28.0,0.74435,256.0,42.0,142.0,893.0,26.0,211.0,104.0,288.0,15.428733556491622,121,6,56,56,225.0,-53.0,65.0,43.0,142.0,17.0,-83.0,5778.0,94.0,-16.0,7.986166880908232,62.34062499433937,
2710,791.9959,64.51631484357338,15.824929727300608,138.3525532083402,28.0,0.7336,256.0,42.0,142.0,893.0,26.0,211.0,104.0,288.0,14.96435715713243,126,3,56,57,225.0,-53.0,65.0,43.0,142.0,17.0,-83.0,5778.0,94.0,-16.0,7.990654752153214,62.34062499433937,
2711,712.2899,103.10832579735181,2.55398037870051,175.1530238227714,28.0,0.7483,246.0,40.0,135.0,857.0,27.0,202.0,101.0,278.0,1.9186306477027684,117,5,53,53,226.0,-48.0,65.0,49.0,147.0,22.0,-79.0,5798.0,99.0,-11.0,8.00411836588838,62.34062499433937,
2712,697.9448,90.79597425612198,7.286436148336842,162.6910257675829,28.0,0.75445,244.0,40.0,133.0,847.0,27.0,199.0,100.0,275.0,8.136426904218242,109,1,54,56,226.0,-48.0,65.0,50.0,148.0,23.0,-78.0,5816.0,100.0,-11.0,8.008606237133431,62.34062499433937,
2713,673.72186,109.66401249717156,6.935068290603392,161.081221642968,28.0,0.7645,244.0,40.0,133.0,847.0,27.0,199.0,100.0,275.0,7.212875708039103,109,2,54,54,226.0,-48.0,65.0,50.0,148.0,23.0,-78.0,5816.0,100.0,-11.0,8.013094108378485,62.34062499433937,
2714,653.285,124.89873591735288,9.681886963622796,166.78480946439402,28.0,0.7821,241.0,39.0,130.0,833.0,27.0,196.0,99.0,271.0,9.262671281126577,110,2,55,54,227.0,-46.0,65.0,53.0,150.0,25.0,-77.0,5834.0,102.0,-9.0,8.01758197962354,62.34062499433937,
2715,679.8642,248.93062098134052,20.392942689495758,222.61112223084365,28.0,0.83945,238.0,39.0,135.0,842.0,26.0,205.0,97.0,269.0,15.671054385491427,105,4,57,58,229.0,-51.0,66.0,48.0,147.0,20.0,-82.0,5862.0,98.0,-13.0,8.080412177054159,62.34062499433937,
2716,776.73425,239.4430871965185,38.87086713141603,251.74971661015496,28.0,0.8074,255.0,44.0,152.0,916.0,24.0,226.0,103.0,288.0,31.797915071734536,94,0,53,55,228.0,-61.0,66.0,36.0,136.0,9.0,-92.0,5796.0,87.0,-23.0,8.084900048299213,62.34062499433937,
2717,882.66406,95.58239237694006,21.758986291927336,165.386232465338,28.0,0.67545,216.0,41.0,144.0,852.0,23.0,238.0,89.0,261.0,13.997410190032031,126,5,61,54,253.0,-72.0,72.0,-4.0,147.0,7.0,-106.0,6449.0,93.0,84.0,8.645883953930008,62.34062499433937,
2718,653.4459,137.21314864687363,42.23410765139684,121.71134606644797,28.0,0.7875,330.0,51.0,168.0,1087.0,28.0,228.0,135.0,363.0,28.88757288697619,110,16,60,57,207.0,-41.0,60.0,46.0,138.0,23.0,-69.0,5307.0,94.0,-6.0,7.595195155561872,62.33854166100622,
2719,633.20935,261.7458562954188,20.49475102154221,213.34035122200677,28.0,0.7788,330.0,51.0,168.0,1087.0,28.0,228.0,135.0,363.0,17.281327412659095,131,15,59,57,207.0,-41.0,60.0,46.0,138.0,23.0,-69.0,5307.0,94.0,-6.0,7.599682715476262,62.33854166100622,
2720,690.2659,320.84813475069006,29.681483041964885,212.00144110636055,28.0,0.7902,333.0,53.0,173.0,1106.0,27.0,235.0,136.0,367.0,17.626293667916404,128,18,56,59,208.0,-45.0,60.0,41.0,135.0,19.0,-73.0,5319.0,90.0,-10.0,7.604170275390725,62.33854166100622,
2721,829.4047,63.29340740026831,17.857607501052183,139.48616688475175,28.0,0.7441,256.0,42.0,142.0,893.0,26.0,211.0,104.0,288.0,14.785865852937624,123,5,57,56,225.0,-53.0,65.0,43.0,142.0,17.0,-83.0,5778.0,94.0,-16.0,7.990100428033753,62.33854166100622,
2722,774.8057,64.19742537842052,12.454669758475353,146.41571699389274,28.0,0.7417,249.0,41.0,138.0,869.0,26.0,205.0,102.0,281.0,12.082101965991292,122,4,58,57,226.0,-50.0,65.0,47.0,146.0,21.0,-80.0,5790.0,97.0,-12.0,7.994587987948217,62.33854166100622,
2723,741.5672,59.9334598029482,9.330198018237102,157.25553772011827,28.0,0.7391,249.0,41.0,138.0,869.0,26.0,205.0,102.0,281.0,8.692454827136983,120,6,58,55,226.0,-50.0,65.0,47.0,146.0,21.0,-80.0,5790.0,97.0,-12.0,7.999075547862678,62.33854166100622,
2724,707.7128,88.57693356706064,4.678441147397994,167.06638916781804,28.0,0.7735,246.0,40.0,135.0,857.0,27.0,202.0,101.0,278.0,5.4404288722786855,110,6,56,57,226.0,-48.0,65.0,49.0,147.0,22.0,-79.0,5798.0,99.0,-11.0,8.008050667691602,62.33854166100622,
2725,804.0606,231.3970493314651,39.4020743514455,246.2576269000284,28.0,0.792,255.0,44.0,152.0,916.0,24.0,226.0,103.0,288.0,30.146924979971384,84,1,52,55,228.0,-61.0,66.0,36.0,136.0,9.0,-92.0,5796.0,87.0,-23.0,8.08882674615178,62.33854166100622,
2726,612.86615,165.390519804412,74.1276807545121,150.32314732954313,29.0,0.7892,322.0,49.0,160.0,1056.0,29.0,218.0,132.0,356.0,39.76646177028058,106,1,60,58,206.0,-36.0,60.0,52.0,143.0,29.0,-63.0,5317.0,99.0,-1.0,7.590181063044354,62.33645832767308,
2727,575.452,220.4045088607886,34.11359114579344,192.77594132986974,28.0,0.8197,330.0,51.0,168.0,1087.0,28.0,228.0,135.0,363.0,29.498807322740166,117,1,61,56,207.0,-41.0,60.0,46.0,138.0,23.0,-69.0,5307.0,94.0,-6.0,7.594668311677348,62.33645832767308,
2728,654.6286,286.4044200789329,30.74889836076092,248.59171729886452,28.0,0.8024,330.0,51.0,168.0,1087.0,28.0,228.0,135.0,363.0,26.48978017867611,126,3,55,61,207.0,-41.0,60.0,46.0,138.0,23.0,-69.0,5307.0,94.0,-6.0,7.59915556031027,62.33645832767308,
2729,798.53656,74.69141332607587,13.23477241874705,138.82935086317173,28.0,0.75025,249.0,41.0,138.0,869.0,26.0,205.0,102.0,281.0,13.763587006521202,120,5,58,56,226.0,-50.0,65.0,47.0,146.0,21.0,-80.0,5790.0,97.0,-12.0,7.9940334400130455,62.33645832767308,
2730,756.05945,73.36503191272828,8.89846765779249,153.13747283150005,28.0,0.7522,249.0,41.0,138.0,869.0,26.0,205.0,102.0,281.0,9.493542623208166,123,5,59,55,226.0,-50.0,65.0,47.0,146.0,21.0,-80.0,5790.0,97.0,-12.0,7.99852068864604,62.33645832767308,
2731,725.9481,92.42211428645848,5.598545671236032,166.58296660842117,28.0,0.7569,246.0,40.0,135.0,857.0,27.0,202.0,101.0,278.0,5.398535115786444,121,1,59,55,226.0,-48.0,65.0,49.0,147.0,22.0,-79.0,5798.0,99.0,-11.0,8.003007937279033,62.33645832767308,
2732,714.4568,145.02018500143225,5.596446385355345,175.7797048869248,28.0,0.77045,246.0,40.0,135.0,857.0,27.0,202.0,101.0,278.0,4.49426449763545,113,5,57,59,226.0,-48.0,65.0,49.0,147.0,22.0,-79.0,5798.0,99.0,-11.0,8.007495185912028,62.33645832767308,
2733,668.8046,269.0265625311043,46.38022767267833,254.0183139512719,28.0,0.8078,330.0,51.0,168.0,1087.0,28.0,228.0,135.0,363.0,39.70356787501811,132,5,55,58,207.0,-41.0,60.0,46.0,138.0,23.0,-69.0,5307.0,94.0,-6.0,7.598628488317512,62.334374994339925,
2734,823.701,68.68283304740007,16.851328331997955,133.6916402541177,28.0,0.7723,249.0,41.0,138.0,869.0,26.0,205.0,102.0,281.0,16.331507056819166,117,2,59,57,226.0,-50.0,65.0,47.0,146.0,21.0,-80.0,5790.0,97.0,-12.0,7.993478979573073,62.334374994339925,
2735,780.38556,49.212308829486325,14.933631336996536,154.0831999718368,28.0,0.7662,249.0,41.0,138.0,869.0,26.0,205.0,102.0,281.0,11.674481398705419,120,6,59,56,226.0,-50.0,65.0,47.0,146.0,21.0,-80.0,5790.0,97.0,-12.0,7.997965916973711,62.334374994339925,
2736,742.32306,80.75929106508487,12.558029716722814,159.18707284960595,28.0,0.7494,246.0,40.0,135.0,857.0,27.0,202.0,101.0,278.0,10.395453505280424,120,5,58,57,226.0,-48.0,65.0,49.0,147.0,22.0,-79.0,5798.0,99.0,-11.0,8.00245285437435,62.334374994339925,
2737,732.8566,220.30854015571703,13.386720414970998,182.8064846627799,28.0,0.76465,246.0,40.0,135.0,857.0,27.0,202.0,101.0,278.0,8.272113696469804,115,5,58,56,226.0,-48.0,65.0,49.0,147.0,22.0,-79.0,5798.0,99.0,-11.0,8.00693979177499,62.334374994339925,
2738,730.837,98.49392346940934,11.029967895282791,166.5655874658,28.0,0.7879,244.0,40.0,133.0,847.0,27.0,199.0,100.0,275.0,8.098540179954162,113,5,56,58,226.0,-48.0,65.0,50.0,148.0,23.0,-78.0,5816.0,100.0,-11.0,8.011426729175628,62.334374994339925,
2739,817.8829,52.18245586271373,16.955270792436806,148.1573256778325,28.0,0.76,260.0,44.0,149.0,916.0,25.0,220.0,106.0,293.0,13.200413450573064,122,3,57,58,225.0,-57.0,65.0,40.0,138.0,13.0,-87.0,5774.0,90.0,-20.0,7.99741123282602,62.332291661006785,
2740,775.7639,133.38605442117586,18.96752054910365,165.2903983353967,28.0,0.7533,256.0,43.0,145.0,901.0,26.0,216.0,104.0,288.0,12.178615108682393,124,5,57,57,225.0,-55.0,65.0,42.0,140.0,15.0,-85.0,5761.0,92.0,-17.0,8.001897859043407,62.332291661006785,
2741,772.80725,159.49528277764787,18.1377057719496,177.20298254474483,28.0,0.77515,256.0,43.0,145.0,901.0,26.0,216.0,104.0,288.0,11.375587066090132,121,5,57,55,225.0,-55.0,65.0,42.0,140.0,15.0,-85.0,5761.0,92.0,-17.0,8.006384485260794,62.332291661006785,
2742,757.6282,52.96002380484313,14.348142833023092,160.48103395459373,28.0,0.78295,249.0,41.0,139.0,872.0,26.0,208.0,102.0,281.0,9.942404819978027,122,5,54,58,227.0,-53.0,65.0,45.0,144.0,18.0,-83.0,5817.0,96.0,-15.0,8.01087111147818,62.332291661006785,
2743,731.9285,47.16257223359049,10.309717916070626,167.9621818464882,28.0,0.7577,249.0,41.0,139.0,872.0,26.0,208.0,102.0,281.0,6.575775829023717,118,4,58,58,227.0,-53.0,65.0,45.0,144.0,18.0,-83.0,5817.0,96.0,-15.0,8.015357737695567,62.332291661006785,
2744,833.0744,74.97470276981748,28.76063979501199,169.279019604893,28.0,0.7363,256.0,43.0,145.0,901.0,26.0,216.0,104.0,288.0,17.080972933940718,123,3,54,58,225.0,-55.0,65.0,42.0,140.0,15.0,-85.0,5761.0,92.0,-17.0,8.001342951266508,62.33020832767363,
2745,814.44336,60.872690982114484,19.473115995097185,164.5510019953286,28.0,0.7745,256.0,43.0,145.0,901.0,26.0,216.0,104.0,288.0,11.969573043368646,120,3,58,58,225.0,-55.0,65.0,42.0,140.0,15.0,-85.0,5761.0,92.0,-17.0,8.005829266349734,62.33020832767363,
2746,800.14386,87.33669341883436,20.6914097569793,161.1096552861767,28.0,0.78035,249.0,41.0,139.0,872.0,26.0,208.0,102.0,281.0,13.634562646169265,117,4,56,58,227.0,-53.0,65.0,45.0,144.0,18.0,-83.0,5817.0,96.0,-15.0,8.010315581432959,62.33020832767363,
2747,763.9018,40.520848405082624,18.578296429748267,154.22863272387903,28.0,0.7706,249.0,41.0,139.0,872.0,26.0,208.0,102.0,281.0,12.696294366465297,113,3,57,58,227.0,-53.0,65.0,45.0,144.0,18.0,-83.0,5817.0,96.0,-15.0,8.014801896516184,62.33020832767363,
2748,861.46826,94.51434954591467,22.6856461036716,155.3445145283545,28.0,0.7629,256.0,43.0,145.0,901.0,26.0,216.0,104.0,288.0,15.344181796167726,123,3,57,58,225.0,-55.0,65.0,42.0,140.0,15.0,-85.0,5761.0,92.0,-17.0,8.005274135022125,62.32812499434049,
2749,849.4843,136.8268174828313,23.061467116221912,173.8105934080563,28.0,0.77535,249.0,41.0,139.0,872.0,26.0,208.0,102.0,281.0,12.25266687538925,119,4,58,55,227.0,-53.0,65.0,45.0,144.0,18.0,-83.0,5817.0,96.0,-15.0,8.009760139020267,62.32812499434049,
2750,821.72925,34.157720781022576,29.04322789540195,146.99903495228165,28.0,0.7844,249.0,41.0,139.0,872.0,26.0,208.0,102.0,281.0,19.00214333005443,112,2,56,57,227.0,-53.0,65.0,45.0,144.0,18.0,-83.0,5817.0,96.0,-15.0,8.014246143018411,62.32812499434049,
2751,790.4072,30.411950467081542,23.580271905731724,163.88934595879746,28.0,0.7871,245.0,40.0,137.0,860.0,26.0,205.0,100.0,277.0,13.681465314229264,119,5,52,58,227.0,-51.0,65.0,47.0,145.0,19.0,-82.0,5821.0,97.0,-14.0,8.018732147016557,62.32812499434049,
2752,772.16766,44.72727775597911,17.4377859908657,168.90002647935577,28.0,0.7869,245.0,40.0,137.0,860.0,26.0,205.0,100.0,277.0,10.600903201746533,113,4,51,57,227.0,-51.0,65.0,47.0,145.0,19.0,-82.0,5821.0,97.0,-14.0,8.023218151014701,62.32812499434049,
2753,757.3653,32.33225260454077,14.584527548432984,164.59226502193465,29.0,0.79205,241.0,39.0,134.0,845.0,26.0,202.0,99.0,273.0,9.397939521140467,117,5,53,57,227.0,-49.0,66.0,49.0,147.0,22.0,-80.0,5804.0,99.0,-12.0,8.027704155012774,62.32812499434049,
2754,898.11224,23.27996549974208,35.89925338522404,154.1079596827146,28.0,0.7679,249.0,41.0,139.0,872.0,26.0,208.0,102.0,281.0,21.969867214709073,111,3,56,54,227.0,-53.0,65.0,45.0,144.0,18.0,-83.0,5817.0,96.0,-15.0,8.013690477182536,62.32604166100734,
2755,855.61224,47.65679738438848,33.3567948433635,154.67111202445193,28.0,0.76535,245.0,40.0,137.0,860.0,26.0,205.0,100.0,277.0,20.641081541420565,113,1,55,57,227.0,-51.0,65.0,47.0,145.0,19.0,-82.0,5821.0,97.0,-14.0,8.01817617014467,62.32604166100734,
2756,822.4966,32.19047334592688,25.2178712813522,155.3402720234478,28.0,0.79295,245.0,40.0,137.0,860.0,26.0,205.0,100.0,277.0,16.79086838721952,112,4,51,57,227.0,-51.0,65.0,47.0,145.0,19.0,-82.0,5821.0,97.0,-14.0,8.022661863106801,62.32604166100734,
2757,799.0632,49.85536959544325,19.836145953323864,165.75715402123245,29.0,0.7976,241.0,39.0,134.0,845.0,26.0,202.0,99.0,273.0,13.257767187668806,115,5,52,58,227.0,-49.0,66.0,49.0,147.0,22.0,-80.0,5804.0,99.0,-12.0,8.027147556068861,62.32604166100734,
2758,777.3265,23.738783742915196,20.687198251183077,163.95076504667233,29.0,0.7944,241.0,39.0,134.0,845.0,26.0,202.0,99.0,273.0,13.4299061274975,113,6,51,57,227.0,-49.0,66.0,49.0,147.0,22.0,-80.0,5804.0,99.0,-12.0,8.031633249030993,62.32604166100734,
2759,889.97205,38.74105249967979,31.795049244174383,142.36314109161523,28.0,0.7586,264.0,45.0,155.0,938.0,25.0,229.0,107.0,296.0,20.579584875968578,112,1,51,58,226.0,-60.0,65.0,35.0,135.0,9.0,-91.0,5743.0,86.0,-24.0,8.02210566293922,62.3239583276742,
2760,849.4046,74.90839914153175,24.283430245220355,160.46774614898024,28.0,0.7839,259.0,44.0,151.0,921.0,25.0,225.0,105.0,292.0,14.278966596179032,111,3,52,58,227.0,-60.0,65.0,37.0,137.0,11.0,-90.0,5808.0,88.0,-22.0,8.026591044914325,62.3239583276742,
2761,829.72626,43.723000650801794,20.0442743200347,164.84794196961775,28.0,0.7896,259.0,44.0,151.0,921.0,25.0,225.0,105.0,292.0,10.655943682261743,111,4,52,57,227.0,-60.0,65.0,37.0,137.0,11.0,-90.0,5808.0,88.0,-22.0,8.031076426889504,62.3239583276742,
2762,814.045,87.9604205953423,22.321431135308217,173.61334480597245,28.0,0.7894,253.0,42.0,146.0,897.0,25.0,219.0,103.0,285.0,11.48473845934807,110,2,53,57,228.0,-57.0,66.0,40.0,140.0,13.0,-88.0,5819.0,91.0,-20.0,8.035561808864681,62.3239583276742,
2763,796.67413,45.27740433154029,22.941288555563315,161.83018774024643,28.0,0.7854,253.0,42.0,146.0,897.0,25.0,219.0,103.0,285.0,13.759416318818259,116,2,51,58,228.0,-57.0,66.0,40.0,140.0,13.0,-88.0,5819.0,91.0,-20.0,8.040047190839857,62.3239583276742,
2764,878.6943,56.90419638510606,25.014860671458223,164.86078975286657,28.0,0.7438,259.0,44.0,151.0,921.0,25.0,225.0,105.0,292.0,14.737293025161623,113,3,57,57,227.0,-60.0,65.0,37.0,137.0,11.0,-90.0,5808.0,88.0,-22.0,8.0305196925667,62.321874994341044,
2765,866.8845,92.17545048815529,24.295201507763757,174.9281962603405,28.0,0.7669,253.0,42.0,146.0,897.0,25.0,219.0,103.0,285.0,13.5913115814022,114,17,53,56,228.0,-57.0,66.0,40.0,140.0,13.0,-88.0,5819.0,91.0,-20.0,8.03500476360397,62.321874994341044,
2766,858.19946,82.04383193831336,29.619805996539274,169.69633840224006,28.0,0.7701,253.0,42.0,146.0,897.0,25.0,219.0,103.0,285.0,15.985619226238555,120,2,54,57,228.0,-57.0,66.0,40.0,140.0,13.0,-88.0,5819.0,91.0,-20.0,8.039489834641241,62.321874994341044,
2767,831.12195,52.5102356677701,28.438151221963995,154.9342777672166,28.0,0.782,245.0,40.0,140.0,866.0,26.0,211.0,100.0,276.0,17.708468928716652,118,2,54,56,229.0,-55.0,66.0,44.0,144.0,17.0,-85.0,5873.0,95.0,-17.0,8.04397490567851,62.321874994341044,
2768,702.23956,205.17241456649666,8.280047973957194,189.6030224616741,28.0,0.8343,344.0,54.0,177.0,1137.0,28.0,239.0,140.0,378.0,7.688728888296595,126,19,53,53,205.0,-43.0,59.0,42.0,134.0,20.0,-71.0,5259.0,90.0,-8.0,7.545085961975411,62.31770832767475,
2769,757.4883,264.9872827841043,17.227848591424735,235.52144505789417,28.0,0.8326,344.0,54.0,177.0,1137.0,28.0,239.0,140.0,378.0,18.892735676323657,131,17,45,54,205.0,-43.0,59.0,42.0,134.0,20.0,-71.0,5259.0,90.0,-8.0,7.549570411283966,62.31770832767475,
2770,821.9439,241.64914559998797,18.153058944331836,223.57547885603893,28.0,0.8096,355.0,58.0,189.0,1186.0,27.0,254.0,144.0,390.0,15.933162235140596,124,15,47,55,204.0,-50.0,59.0,33.0,126.0,12.0,-78.0,5200.0,82.0,-16.0,7.554054860592446,62.31770832767475,
2771,843.2375,29.394088816405713,45.20345267111582,146.22941410142633,28.0,0.7586,234.0,38.0,131.0,826.0,27.0,199.0,96.0,266.0,23.45761945653869,109,2,56,56,229.0,-49.0,66.0,50.0,149.0,22.0,-80.0,5876.0,100.0,-12.0,8.056313183149555,62.31770832767475,
2772,747.4217,40.909369800475304,25.24141274018198,144.32352488861204,29.0,0.7792,356.0,54.0,178.0,1162.0,29.0,236.0,146.0,392.0,17.74295217084023,110,0,58,58,200.0,-36.0,58.0,47.0,137.0,26.0,-63.0,5176.0,95.0,-2.0,7.459364424563623,62.31562499434161,
2773,632.90485,328.91632583871825,45.97553949905056,218.46470514154345,28.0,0.8647,378.0,62.0,204.0,1265.0,26.0,272.0,153.0,414.0,26.936064382864938,109,5,52,56,202.0,-53.0,58.0,27.0,120.0,7.0,-82.0,5129.0,76.0,-20.0,7.495237532705321,62.31562499434161,
2774,692.891,330.38208876267004,51.23320813086292,224.33309244350676,28.0,0.85975,378.0,62.0,204.0,1265.0,26.0,272.0,153.0,414.0,29.610561696915706,105,9,52,56,202.0,-53.0,58.0,27.0,120.0,7.0,-82.0,5129.0,76.0,-20.0,7.499721671223042,62.31562499434161,
2775,772.53766,326.72388438258236,63.97369108742064,235.9021491944435,29.0,0.86135,412.0,72.0,235.0,1400.0,24.0,312.0,165.0,447.0,34.97179254653965,133,7,52,56,200.0,-70.0,58.0,9.0,101.0,-10.0,-99.0,5068.0,58.0,-37.0,7.504205809740762,62.31562499434161,
2776,801.8713,64.72321352428968,34.00325608638253,102.85565847173783,28.0,0.7582,342.0,53.0,174.0,1128.0,28.0,236.0,140.0,377.0,28.492081998375266,123,22,55,54,204.0,-41.0,59.0,44.0,135.0,22.0,-69.0,5261.0,92.0,-7.0,7.54007891788246,62.31562499434161,
2777,710.1224,106.56083676937072,19.62478256863763,148.30607236728565,28.0,0.8009,336.0,52.0,170.0,1106.0,28.0,230.0,138.0,371.0,14.828916859943341,121,14,52,53,205.0,-39.0,59.0,47.0,138.0,25.0,-67.0,5298.0,95.0,-4.0,7.544563056400181,62.31562499434161,
2778,733.5785,245.77440343390285,17.20077811291146,225.83657909107555,28.0,0.841,336.0,52.0,170.0,1106.0,28.0,230.0,138.0,371.0,16.973385350293174,115,17,47,50,205.0,-39.0,59.0,47.0,138.0,25.0,-67.0,5298.0,95.0,-4.0,7.549047194917902,62.31562499434161,
2779,782.4909,226.20339457813174,20.39848393925299,210.06531904969205,28.0,0.83435,339.0,53.0,174.0,1121.0,28.0,236.0,139.0,374.0,13.336973863031137,131,18,50,55,205.0,-42.0,59.0,44.0,135.0,21.0,-70.0,5260.0,91.0,-7.0,7.553531333435551,62.31562499434161,
2780,839.0421,233.1484952296089,35.30977821402226,238.36491967964744,28.0,0.7191,339.0,53.0,174.0,1121.0,28.0,236.0,139.0,374.0,25.487992095166124,115,17,57,51,205.0,-42.0,59.0,44.0,135.0,21.0,-70.0,5260.0,91.0,-7.0,7.558015471953273,62.31562499434161,
2781,808.21783,307.69751992698883,37.99753259396384,243.004693608798,28.0,0.7767,393.0,64.0,209.0,1304.0,27.0,275.0,159.0,429.0,27.349062127098616,118,7,52,53,199.0,-51.0,57.0,30.0,120.0,9.0,-79.0,5094.0,78.0,-17.0,7.422976883323552,62.31354166100846,
2782,931.72186,287.0093091464474,52.180787398645826,231.06222998737474,29.0,0.6245,392.0,64.0,209.0,1302.0,27.0,275.0,159.0,429.0,35.32908155413434,114,7,55,53,198.0,-52.0,58.0,29.0,119.0,9.0,-79.0,5067.0,77.0,-18.0,7.427460711099443,62.31354166100846,
2783,707.9347,39.98147440106147,21.968287379249883,148.96701750163675,28.0,0.8109,352.0,53.0,175.0,1148.0,29.0,233.0,144.0,388.0,15.453845170626904,104,5,51,57,202.0,-35.0,58.0,48.0,139.0,27.0,-63.0,5179.0,96.0,-1.0,7.4678151610824,62.31354166100846,
2784,666.20703,74.16841897172495,24.601118409477845,151.19610119751852,28.0,0.8227,352.0,53.0,175.0,1148.0,29.0,233.0,144.0,388.0,18.99427399269956,110,7,56,57,202.0,-35.0,58.0,48.0,139.0,27.0,-63.0,5179.0,96.0,-1.0,7.472298988858291,62.31354166100846,
2785,657.6359,178.61432436186223,29.405150908490125,188.27474584154962,28.0,0.834,352.0,54.0,177.0,1152.0,29.0,235.0,144.0,388.0,18.135625001033386,111,0,54,55,201.0,-36.0,58.0,47.0,137.0,25.0,-64.0,5169.0,94.0,-3.0,7.476782816634111,62.31354166100846,
2786,640.20935,142.46583932347454,34.49047909908526,175.70462439820523,28.0,0.84695,352.0,54.0,177.0,1152.0,29.0,235.0,144.0,388.0,26.902583120945664,108,5,53,58,201.0,-36.0,58.0,47.0,137.0,25.0,-64.0,5169.0,94.0,-3.0,7.481266644410002,62.31354166100846,
2787,666.3892,188.28563163654428,37.861085798899076,184.3642748637844,29.0,0.8536,357.0,56.0,183.0,1177.0,28.0,244.0,146.0,394.0,24.06073141146162,123,6,54,58,202.0,-42.0,59.0,42.0,133.0,20.0,-69.0,5207.0,90.0,-8.0,7.485750472185894,62.31354166100846,
2788,682.6807,340.70512071006044,41.071983592926195,205.52963091729399,29.0,0.85705,357.0,56.0,183.0,1177.0,28.0,244.0,146.0,394.0,25.060728622137987,122,9,51,60,202.0,-42.0,59.0,42.0,133.0,20.0,-69.0,5207.0,90.0,-8.0,7.490234299961785,62.31354166100846,
2789,728.1347,328.13826817659503,44.261575295392426,223.3560521981197,28.0,0.8457,378.0,62.0,204.0,1265.0,26.0,272.0,153.0,414.0,26.779205961377162,114,5,52,57,202.0,-53.0,58.0,27.0,120.0,7.0,-82.0,5129.0,76.0,-20.0,7.494718127737678,62.31354166100846,
2790,707.9148,108.54316043340917,16.07369894403223,169.3905107682859,28.0,0.81285,336.0,52.0,170.0,1106.0,28.0,230.0,138.0,371.0,10.20968089554097,122,6,54,56,205.0,-39.0,59.0,47.0,138.0,25.0,-67.0,5298.0,95.0,-4.0,7.548524061048309,62.31354166100846,
2791,723.37823,194.8959426906635,22.7850824071139,205.45414474510622,28.0,0.86745,339.0,53.0,174.0,1121.0,28.0,236.0,139.0,374.0,15.73259441507973,131,6,58,53,205.0,-42.0,59.0,44.0,135.0,21.0,-70.0,5260.0,91.0,-7.0,7.553007888824129,62.31354166100846,
2792,765.29956,213.6356672239438,31.108264486921,215.89457936566237,28.0,0.8194,339.0,53.0,174.0,1121.0,28.0,236.0,139.0,374.0,20.828467747827855,124,5,58,53,205.0,-42.0,59.0,44.0,135.0,21.0,-70.0,5260.0,91.0,-7.0,7.55749171660002,62.31354166100846,
2793,969.002,215.61990144673857,78.37876240095592,247.07087262550334,28.0,0.7176,359.0,59.0,194.0,1204.0,26.0,261.0,145.0,394.0,43.38182874370229,111,20,55,54,205.0,-54.0,59.0,30.0,123.0,9.0,-82.0,5239.0,79.0,-19.0,7.5664593721518045,62.31354166100846,
2794,779.38025,308.6019292663884,31.20981187012373,236.39735671983408,28.0,0.803,393.0,64.0,209.0,1304.0,27.0,275.0,159.0,429.0,23.545008375577478,110,7,53,54,199.0,-51.0,57.0,30.0,120.0,9.0,-79.0,5094.0,78.0,-17.0,7.417979014248295,62.31145832767532,
2795,714.7069,59.34360810335549,17.446634645117577,147.8147550830554,28.0,0.8249,352.0,53.0,175.0,1148.0,29.0,233.0,144.0,388.0,12.91487089050014,132,2,55,59,202.0,-35.0,58.0,48.0,139.0,27.0,-63.0,5179.0,96.0,-1.0,7.471781219244877,62.31145832767532,
2796,695.8356,257.831907409752,16.859288030567516,186.16346534537797,28.0,0.83425,352.0,54.0,177.0,1152.0,29.0,235.0,144.0,388.0,11.145380106789055,112,4,54,56,201.0,-36.0,58.0,47.0,137.0,25.0,-64.0,5169.0,94.0,-3.0,7.476264736327858,62.31145832767532,
2797,700.813,204.22226529712947,24.501638203333616,179.8345450836961,28.0,0.8312,352.0,54.0,177.0,1152.0,29.0,235.0,144.0,388.0,15.34938051499727,134,3,54,57,201.0,-36.0,58.0,47.0,137.0,25.0,-64.0,5169.0,94.0,-3.0,7.480748253410914,62.31145832767532,
2798,711.1409,193.90026820541857,25.681345269546387,195.80800580167625,29.0,0.8377,357.0,56.0,183.0,1177.0,28.0,244.0,146.0,394.0,19.262388622330068,128,8,55,55,202.0,-42.0,59.0,42.0,133.0,20.0,-69.0,5207.0,90.0,-8.0,7.485231770493969,62.31145832767532,
2799,739.5613,289.8336089023656,19.828414423586732,207.82560747971624,29.0,0.8263,357.0,56.0,183.0,1177.0,28.0,244.0,146.0,394.0,12.885471353454236,118,12,56,58,202.0,-42.0,59.0,42.0,133.0,20.0,-69.0,5207.0,90.0,-8.0,7.489715287577023,62.31145832767532,
2800,801.71735,300.74502375428574,30.74605970094946,244.45808277570177,28.0,0.8145,378.0,62.0,204.0,1265.0,26.0,272.0,153.0,414.0,25.136970266643996,125,8,53,58,202.0,-53.0,58.0,27.0,120.0,7.0,-82.0,5129.0,76.0,-20.0,7.494198804660077,62.31145832767532,
2801,738.1739,214.72909522947572,30.986941591055935,217.4702062373481,28.0,0.80705,359.0,59.0,194.0,1204.0,26.0,261.0,145.0,394.0,19.994880435529787,131,4,55,55,205.0,-54.0,59.0,30.0,123.0,9.0,-82.0,5239.0,79.0,-19.0,7.561451560905751,62.31145832767532,
2802,814.36957,222.0656332249192,50.92812997047514,241.54390358672532,28.0,0.7652,359.0,59.0,194.0,1204.0,26.0,261.0,145.0,394.0,31.33484234647714,114,18,58,55,205.0,-54.0,59.0,30.0,123.0,9.0,-82.0,5239.0,79.0,-19.0,7.565935077988807,62.31145832767532,
2803,751.14246,241.1184232927046,27.767043737471706,209.78774757901718,28.0,0.8205,377.0,59.0,193.0,1238.0,28.0,253.0,154.0,415.0,19.392721305137236,108,10,51,54,199.0,-41.0,57.0,40.0,131.0,20.0,-68.0,5109.0,88.0,-7.0,7.412981847548692,62.309374994342164,
2804,737.57806,212.82909028500998,19.803432657352175,183.81507478699936,28.0,0.83235,352.0,54.0,177.0,1152.0,29.0,235.0,144.0,388.0,11.010152189022453,103,7,52,55,201.0,-36.0,58.0,47.0,137.0,25.0,-64.0,5169.0,94.0,-3.0,7.475746737697323,62.309374994342164,
2805,745.939,289.7163234626105,19.08348401852214,199.8015045017667,28.0,0.8359,352.0,54.0,177.0,1152.0,29.0,235.0,144.0,388.0,11.946467123437191,124,5,55,55,201.0,-36.0,58.0,47.0,137.0,25.0,-64.0,5169.0,94.0,-3.0,7.4802299441365205,62.309374994342164,
2806,724.9523,223.5337487584683,23.84278565128621,208.04484906574706,28.0,0.7853,359.0,59.0,194.0,1204.0,26.0,261.0,145.0,394.0,14.595557981468207,114,6,53,58,205.0,-54.0,59.0,30.0,123.0,9.0,-82.0,5239.0,79.0,-19.0,7.565410866481141,62.309374994342164,
2807,796.7476,229.87534795854856,43.717152116302586,245.10396687998823,28.0,0.73625,391.0,69.0,224.0,1333.0,24.0,299.0,157.0,425.0,29.389300727459563,114,6,58,54,204.0,-68.0,59.0,12.0,106.0,-8.0,-98.0,5150.0,62.0,-34.0,7.569894072920339,62.309374994342164,
2808,790.9406,116.3622784768056,25.028739600457897,176.8374803140178,28.0,0.78585,363.0,57.0,188.0,1199.0,28.0,250.0,148.0,399.0,14.555952130368304,135,6,55,54,202.0,-43.0,58.0,38.0,130.0,18.0,-72.0,5155.0,87.0,-10.0,7.479711716568476,62.307291661009025,
2809,749.3685,38.916812404657726,31.00047167684885,138.37860190460526,28.0,0.7925,340.0,54.0,176.0,1126.0,28.0,237.0,139.0,375.0,21.390019835929333,109,7,56,55,206.0,-44.0,59.0,42.0,134.0,20.0,-72.0,5298.0,90.0,-9.0,7.55592094592163,62.307291661009025,
2810,731.97186,223.65943215947846,18.12980443150963,207.36805508218433,29.0,0.7855,332.0,52.0,170.0,1098.0,28.0,231.0,136.0,367.0,11.921833035012181,125,5,58,54,206.0,-42.0,60.0,44.0,136.0,22.0,-70.0,5290.0,92.0,-7.0,7.569369633454565,62.307291661009025,
2811,785.3283,219.19560583806933,38.00053811785161,225.5777634379401,29.0,0.7581,332.0,52.0,170.0,1098.0,28.0,231.0,136.0,367.0,24.019480749875108,118,6,58,54,206.0,-42.0,60.0,44.0,136.0,22.0,-70.0,5290.0,92.0,-7.0,7.573852529298876,62.307291661009025,
2812,803.74084,61.20361849552861,27.03611302849662,123.75400560559326,28.0,0.7888,233.0,38.0,134.0,833.0,26.0,205.0,95.0,265.0,21.194002021372455,120,4,54,57,231.0,-53.0,66.0,46.0,146.0,18.0,-85.0,5889.0,97.0,-15.0,8.080419759705165,62.307291661009025,
2813,832.5474,40.978873909024166,39.76315733108957,130.35248841908393,28.0,0.7298,340.0,54.0,176.0,1126.0,28.0,237.0,139.0,375.0,25.09642356613064,105,20,54,56,206.0,-44.0,59.0,42.0,134.0,20.0,-72.0,5298.0,90.0,-9.0,7.555397520760806,62.30520832767587,
2814,772.1016,39.6949894574091,34.23760553773507,145.00577740662933,29.0,0.8318,332.0,52.0,169.0,1097.0,28.0,230.0,136.0,367.0,21.94104182940926,111,6,54,58,206.0,-40.0,60.0,45.0,137.0,23.0,-69.0,5284.0,94.0,-6.0,7.55988010605919,62.30520832767587,
2815,736.77545,89.87982956354503,22.72869609335294,162.05402972284844,29.0,0.83495,332.0,52.0,169.0,1097.0,28.0,230.0,136.0,367.0,13.148450762114106,107,9,52,57,206.0,-40.0,60.0,45.0,137.0,23.0,-69.0,5284.0,94.0,-6.0,7.564362691357575,62.30520832767587,
2816,724.52216,193.23981175435486,11.220840403100311,181.68900622110988,29.0,0.838,332.0,52.0,170.0,1098.0,28.0,231.0,136.0,367.0,6.186626720934268,124,7,58,57,206.0,-42.0,60.0,44.0,136.0,22.0,-70.0,5290.0,92.0,-7.0,7.56884527665596,62.30520832767587,
2817,733.3379,202.4547988397674,13.552885330171138,195.34416545582613,29.0,0.8289,332.0,52.0,170.0,1098.0,28.0,231.0,136.0,367.0,10.946278670346398,119,4,56,57,206.0,-42.0,60.0,44.0,136.0,22.0,-70.0,5290.0,92.0,-7.0,7.573327861954343,62.30520832767587,
2818,771.3062,217.1292175290683,28.87364743406287,212.63477366380744,29.0,0.77615,334.0,53.0,173.0,1109.0,28.0,235.0,136.0,368.0,17.874535202545673,136,14,57,58,206.0,-43.0,60.0,42.0,134.0,20.0,-72.0,5284.0,90.0,-9.0,7.577810447252728,62.30520832767587,
2819,782.24695,60.49610508151146,34.981165977091514,118.07333843204235,29.0,0.8248,220.0,35.0,122.0,778.0,27.0,188.0,91.0,252.0,24.071380728634768,116,2,56,55,231.0,-46.0,67.0,55.0,154.0,27.0,-77.0,5939.0,105.0,-8.0,8.084342585969209,62.30520832767587,
2820,809.973,36.37464121424001,34.773634025135294,138.70626343129365,29.0,0.853,332.0,52.0,169.0,1097.0,28.0,230.0,136.0,367.0,23.270219298152533,123,0,51,53,206.0,-40.0,60.0,45.0,137.0,23.0,-69.0,5284.0,94.0,-6.0,7.563838727704558,62.30312499434273,
2821,766.61035,42.51224360901896,24.672366476678427,160.19388956274219,29.0,0.86285,332.0,52.0,170.0,1098.0,28.0,231.0,136.0,367.0,14.797194134430896,121,8,55,54,206.0,-42.0,60.0,44.0,136.0,22.0,-70.0,5290.0,92.0,-7.0,7.568321002505961,62.30312499434273,
2822,746.97314,100.31542179093924,14.633998400815324,170.24787001462113,29.0,0.848,332.0,52.0,170.0,1098.0,28.0,231.0,136.0,367.0,8.668378807127493,128,10,54,56,206.0,-42.0,60.0,44.0,136.0,22.0,-70.0,5290.0,92.0,-7.0,7.572803277307366,62.30312499434273,
2823,739.28235,189.3967911839181,7.137646576404572,182.41949847328752,29.0,0.8287,334.0,53.0,173.0,1109.0,28.0,235.0,136.0,368.0,3.0741961857832467,124,8,57,60,206.0,-43.0,60.0,42.0,134.0,20.0,-72.0,5284.0,90.0,-9.0,7.577285552108771,62.30312499434273,
2824,747.9535,199.25729532447383,19.174782680148674,195.79435638408543,29.0,0.7719,334.0,53.0,173.0,1109.0,28.0,235.0,136.0,368.0,10.542827217276061,127,11,57,56,206.0,-43.0,60.0,42.0,134.0,20.0,-72.0,5284.0,90.0,-9.0,7.581767826910175,62.30312499434273,
2825,762.82465,57.21340308642026,54.02887429788241,96.40522994967817,29.0,0.8154,220.0,35.0,122.0,778.0,27.0,188.0,91.0,252.0,35.08458651997911,112,2,54,56,231.0,-46.0,67.0,55.0,154.0,27.0,-77.0,5939.0,105.0,-8.0,8.088264879467967,62.30312499434273,
2826,659.08704,68.9491371053131,22.810694355561605,128.69890545838751,28.0,0.8473,216.0,33.0,111.0,743.0,29.0,173.0,90.0,247.0,18.508021353010015,109,2,56,59,233.0,-37.0,67.0,67.0,165.0,37.0,-68.0,5986.0,116.0,1.0,8.092747154269372,62.30312499434273,
2827,834.654,30.43066698165051,34.56375901676382,145.91090890730763,29.0,0.84055,332.0,52.0,170.0,1098.0,28.0,231.0,136.0,367.0,22.278297702191622,127,6,53,55,206.0,-42.0,60.0,44.0,136.0,22.0,-70.0,5290.0,92.0,-7.0,7.5677968109860085,62.30104166100958,
2828,795.6865,38.55070576398982,30.361599849510625,150.31116998300922,29.0,0.8198,332.0,52.0,170.0,1098.0,28.0,231.0,136.0,367.0,18.499693304706504,131,9,54,55,206.0,-42.0,60.0,44.0,136.0,22.0,-70.0,5290.0,92.0,-7.0,7.57227877533937,62.30104166100958,
2829,757.1485,63.182298625301144,21.657714455111904,166.04133777525712,29.0,0.8128,334.0,53.0,173.0,1109.0,28.0,235.0,136.0,368.0,12.348486655409362,130,6,57,54,206.0,-43.0,60.0,42.0,134.0,20.0,-72.0,5284.0,90.0,-9.0,7.576760739692733,62.30104166100958,
2830,738.7971,78.39303782035958,9.239231236047049,174.72581709183706,28.0,0.6466,337.0,54.0,177.0,1125.0,27.0,242.0,137.0,371.0,5.311931784183277,98,17,56,56,208.0,-48.0,60.0,39.0,132.0,16.0,-76.0,5339.0,88.0,-13.0,7.5857246683994575,62.30104166100958,
2831,736.4068,99.00331608342097,9.566559954450977,181.48095010330874,28.0,0.68695,337.0,54.0,177.0,1125.0,27.0,242.0,137.0,371.0,2.918825788937805,118,18,56,59,208.0,-48.0,60.0,39.0,132.0,16.0,-76.0,5339.0,88.0,-13.0,7.590206632752746,62.30104166100958,
2832,737.417,113.51758522043494,10.860281612744771,180.39576940135922,29.0,0.7299,351.0,59.0,191.0,1182.0,26.0,259.0,142.0,385.0,3.572240358519224,127,3,52,52,206.0,-55.0,60.0,30.0,123.0,8.0,-83.0,5263.0,78.0,-20.0,7.594688597106109,62.30104166100958,
2833,735.56244,48.94860590090605,56.26001981639395,104.00430308222458,28.0,0.7552,216.0,33.0,111.0,743.0,29.0,173.0,90.0,247.0,35.24926226321821,111,1,56,54,233.0,-37.0,67.0,67.0,165.0,37.0,-68.0,5986.0,116.0,1.0,8.092186640328434,62.30104166100958,
2834,648.44696,52.592757085748225,30.870131715829643,122.10146482900845,28.0,0.8339,216.0,33.0,111.0,743.0,29.0,173.0,90.0,247.0,25.087299693535495,109,4,53,60,233.0,-37.0,67.0,67.0,165.0,37.0,-68.0,5986.0,116.0,1.0,8.096668604681724,62.30104166100958,
2835,611.9895,71.93382374164287,28.115530776649436,107.23492311104891,28.0,0.827,212.0,33.0,112.0,738.0,28.0,174.0,88.0,243.0,25.82288206639817,116,3,55,60,234.0,-39.0,67.0,65.0,164.0,35.0,-70.0,6015.0,115.0,-1.0,8.10058952263175,62.29895832767644,
2836,657.6215,72.07744248489621,30.43144877356978,98.40343030185716,28.0,0.81305,212.0,33.0,112.0,738.0,28.0,174.0,88.0,243.0,28.98835802420532,112,4,57,58,234.0,-39.0,67.0,65.0,164.0,35.0,-70.0,6015.0,115.0,-1.0,8.100028564642239,62.296874994343284,
2837,552.80536,73.80098928150515,21.55605556330406,118.26746410641329,28.0,0.8446,212.0,33.0,112.0,738.0,28.0,174.0,88.0,243.0,21.22358852405471,119,6,54,61,234.0,-39.0,67.0,65.0,164.0,35.0,-70.0,6015.0,115.0,-1.0,8.104509908246282,62.296874994343284,
2838,837.27814,84.4527760544192,21.940804977882127,109.17723948601686,28.0,0.7893,216.0,34.0,119.0,763.0,27.0,185.0,89.0,248.0,23.549796093369938,121,3,55,57,233.0,-45.0,67.0,58.0,157.0,28.0,-76.0,5980.0,108.0,-7.0,8.09498666174396,62.294791661010144,
2839,718.48694,76.84113504494545,30.996953009927232,90.36011611320632,28.0,0.8344,216.0,34.0,119.0,763.0,27.0,185.0,89.0,248.0,31.266065215989677,123,5,59,57,233.0,-45.0,67.0,58.0,157.0,28.0,-76.0,5980.0,108.0,-7.0,8.099467695046709,62.294791661010144,
2840,588.77203,77.4195878321058,24.536246737011485,105.2182348590378,28.0,0.8428,212.0,33.0,112.0,738.0,28.0,174.0,88.0,243.0,25.55831967450892,127,4,58,59,234.0,-39.0,67.0,65.0,164.0,35.0,-70.0,6015.0,115.0,-1.0,8.103948728349454,62.294791661010144,
2841,915.6758,81.12708936452302,6.647160120365003,156.75041673236723,28.0,0.6857,208.0,39.0,140.0,834.0,24.0,237.0,88.0,259.0,7.704893718739305,123,8,52,55,257.0,-74.0,72.0,-4.0,149.0,7.0,-108.0,6553.0,94.0,85.0,8.668558924494457,62.294791661010144,
2842,891.77966,77.50003898261038,4.013754984818075,165.6659232661379,28.0,0.6367,208.0,39.0,140.0,834.0,24.0,237.0,88.0,259.0,4.9038717611838445,118,10,55,57,257.0,-74.0,72.0,-4.0,149.0,7.0,-108.0,6553.0,94.0,85.0,8.673039957797203,62.294791661010144,
2843,948.2893,217.14393255052386,17.070951183836883,200.54132237418725,28.0,0.7509,281.0,49.0,169.0,1005.0,24.0,246.0,113.0,315.0,11.111103772906953,131,6,51,56,225.0,-66.0,64.0,27.0,127.0,2.0,-98.0,5703.0,79.0,-29.0,7.982408114516643,62.29270832767699,
2844,982.26575,211.28594209796452,22.297569003435466,203.1849463104929,28.0,0.7524,292.0,51.0,176.0,1041.0,24.0,255.0,117.0,325.0,14.203665163524064,103,5,51,54,224.0,-70.0,64.0,22.0,123.0,-2.0,-101.0,5672.0,74.0,-33.0,7.986888837566985,62.29270832767699,
2845,1012.69946,210.71926299149172,25.73738727972265,205.35417958405137,28.0,0.7692,292.0,51.0,176.0,1041.0,24.0,255.0,117.0,325.0,15.925219687639999,103,4,46,50,224.0,-70.0,64.0,22.0,123.0,-2.0,-101.0,5672.0,74.0,-33.0,7.991369560617326,62.29270832767699,
2846,749.79645,87.39806702681435,24.490746318019376,99.02039282286495,28.0,0.8319,216.0,34.0,119.0,763.0,27.0,185.0,89.0,248.0,26.95065973111043,125,7,57,59,233.0,-45.0,67.0,58.0,157.0,28.0,-76.0,5980.0,108.0,-7.0,8.098906913825306,62.29270832767699,
2847,634.02155,75.52203301088574,26.624570863435537,101.59520434749881,28.0,0.8306,212.0,33.0,112.0,738.0,28.0,174.0,88.0,243.0,27.32609451151351,126,5,59,58,234.0,-39.0,67.0,65.0,164.0,35.0,-70.0,6015.0,115.0,-1.0,8.103387636875647,62.29270832767699,
2848,1023.35034,151.92811794279672,18.809702295737303,174.3055269686846,28.0,0.66535,215.0,41.0,145.0,857.0,23.0,243.0,89.0,264.0,15.772103250632227,110,7,54,53,253.0,-77.0,72.0,-9.0,142.0,3.0,-111.0,6457.0,88.0,79.0,8.650035849016302,62.29270832767699,
2849,897.4421,78.68974521189057,4.64742583096758,164.84709012496072,28.0,0.6601,208.0,39.0,140.0,834.0,24.0,237.0,88.0,259.0,5.078858750763721,125,8,54,58,257.0,-74.0,72.0,-4.0,149.0,7.0,-108.0,6553.0,94.0,85.0,8.67243946426801,62.29270832767699,
2850,881.9001,87.93265326735118,2.5378867609714444,171.83357837881522,28.0,0.63545,207.0,39.0,138.0,829.0,24.0,236.0,87.0,257.0,2.7851009309496417,123,6,54,55,257.0,-72.0,73.0,-3.0,150.0,8.0,-107.0,6560.0,95.0,86.0,8.676920187318279,62.29270832767699,
2851,872.2978,86.01246165443757,2.2994030234962777,172.29138738458215,28.0,0.62755,207.0,39.0,138.0,829.0,24.0,236.0,87.0,257.0,2.701045343993689,120,4,55,56,257.0,-72.0,73.0,-3.0,150.0,8.0,-107.0,6560.0,95.0,86.0,8.68140091036862,62.29270832767699,
2852,860.0252,90.80320525235892,2.4509620190940242,171.63176491532855,28.0,0.5741,207.0,39.0,138.0,829.0,24.0,236.0,87.0,257.0,3.006916274401385,119,4,58,55,257.0,-72.0,73.0,-3.0,150.0,8.0,-107.0,6564.0,95.0,86.0,8.685881633418962,62.29270832767699,
2853,876.26996,244.5313069841898,51.9016794053976,249.76461652707593,28.0,0.7234,395.0,62.0,205.0,1299.0,28.0,268.0,161.0,433.0,36.27386027667,110,4,58,52,198.0,-46.0,57.0,34.0,125.0,15.0,-73.0,5091.0,83.0,-12.0,7.372519339774908,62.29062499434385,
2854,915.7755,209.00420775642291,12.640313338209728,193.4148796452394,28.0,0.7311,259.0,43.0,149.0,917.0,25.0,222.0,105.0,292.0,8.477267297735333,113,5,50,57,227.0,-58.0,65.0,38.0,138.0,12.0,-89.0,5775.0,89.0,-20.0,7.98185548694113,62.29062499434385,
2855,933.139,202.50888236710918,19.23328321310809,193.70782088629034,28.0,0.7516,256.0,43.0,149.0,910.0,25.0,221.0,104.0,289.0,11.240400877906401,98,4,51,55,227.0,-58.0,65.0,38.0,138.0,12.0,-89.0,5772.0,89.0,-20.0,7.986335899787948,62.29062499434385,
2856,959.46075,213.40687515461326,21.19870238122712,203.6433785437638,28.0,0.7629,256.0,43.0,149.0,910.0,25.0,221.0,104.0,289.0,13.55446383399183,105,4,50,48,227.0,-58.0,65.0,38.0,138.0,12.0,-89.0,5772.0,89.0,-20.0,7.990816312634767,62.29062499434385,
2857,984.81433,198.05408624560812,28.261607579562476,196.31823078219077,28.0,0.76845,260.0,44.0,153.0,926.0,25.0,226.0,105.0,292.0,16.116964281332237,111,7,47,51,227.0,-60.0,65.0,36.0,136.0,10.0,-91.0,5797.0,87.0,-23.0,7.995296725481585,62.29062499434385,
2858,767.17896,90.08232091473606,22.149654713673705,102.03433028141542,28.0,0.8151,216.0,34.0,121.0,772.0,27.0,190.0,89.0,249.0,25.870935188996416,117,5,56,58,234.0,-48.0,67.0,54.0,154.0,25.0,-80.0,5988.0,104.0,-10.0,8.098346220958204,62.29062499434385,
2859,664.63434,90.75501846282228,21.171963498168083,111.84379867614712,28.0,0.8252,211.0,33.0,114.0,742.0,28.0,179.0,87.0,242.0,22.69597065101034,129,4,59,59,234.0,-42.0,67.0,62.0,160.0,32.0,-74.0,6003.0,111.0,-4.0,8.102826633805025,62.29062499434385,
2860,565.06934,89.96376856282504,18.464056170718035,117.00434756046151,28.0,0.8198,211.0,33.0,114.0,742.0,28.0,179.0,87.0,242.0,21.08376855325574,115,4,57,59,234.0,-42.0,67.0,62.0,160.0,32.0,-74.0,6003.0,111.0,-4.0,8.107307046651842,62.29062499434385,
2861,886.4639,79.02376031094877,3.1494889029831326,168.94932444017942,28.0,0.6996,206.0,39.0,138.0,826.0,24.0,235.0,87.0,257.0,3.699164176648505,127,5,55,56,258.0,-72.0,73.0,-3.0,150.0,8.0,-108.0,6571.0,95.0,86.0,8.676319478196762,62.29062499434385,
2862,875.3581,73.03427575056492,2.4945919618697934,172.8278456531393,28.0,0.7095,206.0,39.0,138.0,826.0,24.0,235.0,87.0,257.0,2.588455471510202,123,7,55,59,258.0,-72.0,73.0,-3.0,150.0,8.0,-108.0,6571.0,95.0,86.0,8.680799891043582,62.29062499434385,
2863,862.1934,83.01264795314533,3.0600977035906674,169.5727311579287,28.0,0.6373,206.0,39.0,138.0,827.0,24.0,236.0,87.0,257.0,3.723801214046913,109,3,57,58,258.0,-72.0,73.0,-3.0,150.0,8.0,-108.0,6575.0,95.0,86.0,8.685280303890403,62.29062499434385,
2864,400.0676,244.09507581555835,84.1651160962716,250.53287567079207,28.0,0.7886,395.0,62.0,205.0,1299.0,28.0,268.0,161.0,433.0,52.4230906597505,119,4,57,55,198.0,-46.0,57.0,34.0,125.0,15.0,-73.0,5091.0,83.0,-12.0,7.367528877603648,62.2885416610107,
2865,785.37787,243.69283948825438,78.95170955308663,252.07334949231446,28.0,0.7271,395.0,62.0,205.0,1299.0,28.0,268.0,161.0,433.0,46.75933968013023,120,6,55,55,198.0,-46.0,57.0,34.0,125.0,15.0,-73.0,5091.0,83.0,-12.0,7.372008980295814,62.2885416610107,
2866,893.0602,191.492180067902,14.823121375819769,186.89050742141006,28.0,0.7625,256.0,43.0,149.0,910.0,25.0,221.0,104.0,289.0,8.55242318014552,99,3,50,55,227.0,-58.0,65.0,38.0,138.0,12.0,-89.0,5772.0,89.0,-20.0,7.985783049121595,62.2885416610107,
2867,910.63947,203.23492477284526,19.60198019838131,195.0425853108787,28.0,0.7729,256.0,43.0,149.0,910.0,25.0,221.0,104.0,289.0,12.296493020282739,91,4,50,55,227.0,-58.0,65.0,38.0,138.0,12.0,-89.0,5772.0,89.0,-20.0,7.990263151813763,62.2885416610107,
2868,938.20325,196.80528941469322,28.88027615869201,195.98922234476206,28.0,0.76695,260.0,44.0,153.0,926.0,25.0,226.0,105.0,292.0,16.77722989524663,111,5,45,52,227.0,-60.0,65.0,36.0,136.0,10.0,-91.0,5797.0,87.0,-23.0,7.999223357198097,62.2885416610107,
2869,969.98065,202.7377605648033,35.76247874963591,205.83786705947702,28.0,0.7838,266.0,45.0,157.0,947.0,25.0,232.0,107.0,298.0,21.273828865083907,99,3,52,46,226.0,-63.0,65.0,33.0,132.0,7.0,-94.0,5774.0,84.0,-26.0,8.003703459890264,62.2885416610107,
2870,783.5929,86.92875331257062,21.772147184654298,103.25562261657358,28.0,0.81,216.0,34.0,121.0,772.0,27.0,190.0,89.0,249.0,25.588541106728783,114,3,57,57,234.0,-48.0,67.0,54.0,154.0,25.0,-80.0,5988.0,104.0,-10.0,8.097785616425565,62.2885416610107,
2871,676.2132,87.93857703478294,21.21556902665511,107.86097749879889,28.0,0.82755,211.0,33.0,114.0,742.0,28.0,179.0,87.0,242.0,23.893787159543226,125,2,58,60,234.0,-42.0,67.0,62.0,160.0,32.0,-74.0,6003.0,111.0,-4.0,8.102265719117733,62.2885416610107,
2872,957.2013,100.10553636916173,9.838664363295695,160.4376544925437,28.0,0.6554,211.0,40.0,142.0,843.0,23.0,240.0,88.0,261.0,11.892084415781639,114,8,53,57,255.0,-75.0,72.0,-6.0,145.0,4.0,-110.0,6508.0,91.0,82.0,8.662278555637648,62.2885416610107,
2873,892.98413,53.4163138512585,4.937542668446984,169.22047455201016,28.0,0.6906,206.0,39.0,138.0,826.0,24.0,235.0,87.0,257.0,4.505504961946328,126,4,55,57,258.0,-72.0,73.0,-3.0,150.0,8.0,-108.0,6571.0,95.0,86.0,8.675718863714078,62.2885416610107,
2874,880.1061,68.95050207504302,3.2351669985941167,171.56662407205172,28.0,0.67375,206.0,39.0,138.0,826.0,24.0,235.0,87.0,257.0,3.0821387542445358,127,5,54,60,258.0,-72.0,73.0,-3.0,150.0,8.0,-108.0,6571.0,95.0,86.0,8.680198966406246,62.2885416610107,
2875,867.28217,88.04749206345868,3.466919445561702,168.55223632756167,28.0,0.5845,206.0,39.0,138.0,827.0,24.0,236.0,87.0,257.0,3.9257689752631726,122,4,58,57,258.0,-72.0,73.0,-3.0,150.0,8.0,-108.0,6575.0,95.0,86.0,8.684679069098415,62.2885416610107,
2876,270.90488,242.11448227045256,62.46327190588704,254.48589353864708,28.0,0.7981,395.0,62.0,205.0,1299.0,28.0,268.0,161.0,433.0,43.313571083293745,141,8,55,55,198.0,-46.0,57.0,34.0,125.0,15.0,-73.0,5091.0,83.0,-12.0,7.36701890862965,62.28645832767756,
2877,835.9439,231.86375404736881,61.42649421263857,243.67378598230076,28.0,0.71105,393.0,62.0,204.0,1294.0,28.0,267.0,160.0,431.0,40.48293370800477,112,6,51,52,198.0,-46.0,57.0,34.0,125.0,15.0,-73.0,5081.0,83.0,-12.0,7.3759784938024024,62.28645832767756,
2878,862.5741,183.8682411253891,10.057299194021645,182.73900921467063,28.0,0.75775,256.0,43.0,149.0,910.0,25.0,221.0,104.0,289.0,5.705065175395776,115,3,51,58,227.0,-58.0,65.0,38.0,138.0,12.0,-89.0,5772.0,89.0,-20.0,7.985230285548384,62.28645832767756,
2879,869.74664,186.94716960051431,15.64825676826743,184.1453405291305,28.0,0.76685,256.0,43.0,149.0,910.0,25.0,221.0,104.0,289.0,9.54246563931007,105,2,51,59,227.0,-58.0,65.0,38.0,138.0,12.0,-89.0,5772.0,89.0,-20.0,7.9897100781347605,62.28645832767756,
2880,873.22473,189.03599003083912,19.40255226659886,185.80528899551194,28.0,0.76875,260.0,44.0,153.0,926.0,25.0,226.0,105.0,292.0,10.983217086317197,103,3,47,59,227.0,-60.0,65.0,36.0,136.0,10.0,-91.0,5797.0,87.0,-23.0,7.994189870721135,62.28645832767756,
2881,879.8271,187.16415624276908,22.338229423471915,185.14205438638402,28.0,0.7691,260.0,44.0,153.0,926.0,25.0,226.0,105.0,292.0,12.289342742065251,101,2,51,54,227.0,-60.0,65.0,36.0,136.0,10.0,-91.0,5797.0,87.0,-23.0,7.998669663307511,62.28645832767756,
2882,891.2645,198.60296481599715,28.514121324702888,198.05443249974493,28.0,0.7783,266.0,45.0,157.0,947.0,25.0,232.0,107.0,298.0,16.784226883979812,114,6,52,55,226.0,-63.0,65.0,33.0,132.0,7.0,-94.0,5774.0,84.0,-26.0,8.003149455893887,62.28645832767756,
2883,925.0468,202.74582366654167,33.30724676963973,203.62483375144706,28.0,0.7979,266.0,45.0,157.0,947.0,25.0,232.0,107.0,298.0,19.569925847347015,123,6,53,51,226.0,-63.0,65.0,33.0,132.0,7.0,-94.0,5774.0,84.0,-26.0,8.007629248480264,62.28645832767756,
2884,947.05084,190.30958082883686,33.795984944373295,191.0531751281077,28.0,0.7922,270.0,47.0,163.0,968.0,24.0,238.0,109.0,303.0,19.239763424080333,115,8,49,49,226.0,-65.0,65.0,30.0,130.0,4.0,-96.0,5761.0,81.0,-28.0,8.01210904106664,62.28645832767756,
2885,962.5264,190.27169249848438,38.415804376928214,192.5866232198423,28.0,0.7947,270.0,47.0,163.0,968.0,24.0,238.0,109.0,303.0,21.796682241548112,112,9,49,52,226.0,-65.0,65.0,30.0,130.0,4.0,-96.0,5761.0,81.0,-28.0,8.016588833652943,62.28645832767756,
2886,989.5798,192.72304239930574,40.24162900675779,196.02478153091263,28.0,0.78655,274.0,48.0,166.0,984.0,24.0,243.0,110.0,307.0,23.058660275605746,109,8,51,53,227.0,-68.0,65.0,28.0,128.0,2.0,-99.0,5779.0,79.0,-30.0,8.02106862623932,62.28645832767756,
2887,1011.2721,191.90888269179072,41.397512314885184,195.2476935760913,28.0,0.79145,283.0,50.0,173.0,1017.0,23.0,252.0,113.0,315.0,23.37568114724789,102,8,55,51,226.0,-71.0,65.0,23.0,124.0,-2.0,-102.0,5724.0,75.0,-34.0,8.025548418825695,62.28645832767756,
2888,792.05176,104.08549919386257,21.465569367707587,112.62033669434817,28.0,0.8242,216.0,34.0,121.0,772.0,27.0,190.0,89.0,249.0,23.185987127274224,116,3,53,56,234.0,-48.0,67.0,54.0,154.0,25.0,-80.0,5988.0,104.0,-10.0,8.097225100207568,62.28645832767756,
2889,691.3197,94.72027908510859,20.434883712817854,108.80788363672515,28.0,0.8292,211.0,33.0,114.0,742.0,28.0,179.0,87.0,242.0,23.603410767897746,119,3,55,60,234.0,-42.0,67.0,62.0,160.0,32.0,-74.0,6003.0,111.0,-4.0,8.101704892793943,62.28645832767756,
2890,925.98004,58.44503671406649,7.791754266306906,164.9922740534532,28.0,0.6872,208.0,39.0,140.0,833.0,24.0,237.0,87.0,258.0,6.7404168269198825,124,5,54,58,257.0,-74.0,72.0,-5.0,148.0,6.0,-109.0,6564.0,93.0,84.0,8.670638551262684,62.28645832767756,
2891,49.1572,62.44381341365059,56.448115141151526,161.8394023311247,29.0,0.594,313.0,46.0,151.0,1050.0,33.0,196.0,131.0,374.0,30.071134471026507,82,0,51,61,192.0,6.0,56.0,88.0,172.0,67.0,-20.0,5024.0,133.0,40.0,7.267960404340732,62.284374994344404,
2892,73.644516,260.68991743716913,22.46323004065671,226.34020542252043,28.0,0.7493,306.0,44.0,146.0,1024.0,33.0,192.0,128.0,364.0,20.335154441831993,101,11,48,58,194.0,4.0,56.0,88.0,173.0,66.0,-21.0,5118.0,134.0,38.0,7.317234712164359,62.284374994344404,
2893,104.95696,161.56711177776978,27.001971345038836,183.42758024136396,28.0,0.8079,306.0,44.0,146.0,1024.0,33.0,192.0,128.0,364.0,15.492426385058685,96,11,42,64,194.0,4.0,56.0,88.0,173.0,66.0,-21.0,5118.0,134.0,38.0,7.321714194693793,62.284374994344404,
2894,62.408466,67.950542658515,41.99853487034345,119.31285023870986,28.0,0.756,306.0,44.0,146.0,1021.0,33.0,192.0,128.0,363.0,28.8342010814035,86,12,42,66,194.0,4.0,56.0,88.0,173.0,67.0,-21.0,5127.0,134.0,38.0,7.326193677223226,62.284374994344404,
2895,355.28436,244.94618095074998,86.60857797906421,254.54837186998134,28.0,0.7452,395.0,62.0,205.0,1299.0,28.0,268.0,161.0,433.0,52.28334071563092,133,8,50,55,198.0,-46.0,57.0,34.0,125.0,15.0,-73.0,5091.0,83.0,-12.0,7.370988502517491,62.284374994344404,
2896,896.47723,69.17406652465515,12.835166917028316,140.6157132215906,28.0,0.7311,259.0,43.0,149.0,917.0,25.0,222.0,105.0,292.0,13.940955090791537,116,5,57,57,227.0,-58.0,65.0,38.0,138.0,12.0,-89.0,5775.0,89.0,-20.0,7.9801981265193245,62.284374994344404,
2897,835.7614,161.964627561863,12.004086871824446,175.09477089385328,28.0,0.7429,256.0,43.0,149.0,910.0,25.0,221.0,104.0,289.0,7.728616971623607,108,3,52,59,227.0,-58.0,65.0,38.0,138.0,12.0,-89.0,5772.0,89.0,-20.0,7.989157091578192,62.284374994344404,
2898,830.7714,173.06724736137704,17.288135966686212,176.4022533471553,28.0,0.76545,260.0,44.0,153.0,926.0,25.0,226.0,105.0,292.0,10.215535769107278,85,3,50,59,227.0,-60.0,65.0,36.0,136.0,10.0,-91.0,5797.0,87.0,-23.0,7.993636574107626,62.284374994344404,
2899,828.75836,186.61185658336447,20.420329235885795,185.01029644137546,28.0,0.7697,260.0,44.0,153.0,926.0,25.0,226.0,105.0,292.0,12.07118963851147,87,3,51,58,227.0,-60.0,65.0,36.0,136.0,10.0,-91.0,5797.0,87.0,-23.0,7.998116056637059,62.284374994344404,
2900,832.56824,185.09629418405248,21.927793067936264,183.9860332308934,28.0,0.7951,266.0,45.0,157.0,947.0,25.0,232.0,107.0,298.0,12.238569040780305,118,6,53,56,226.0,-63.0,65.0,33.0,132.0,7.0,-94.0,5774.0,84.0,-26.0,8.00259553916649,62.284374994344404,
2901,847.07275,200.52218012001887,28.037913735492243,198.4982672649954,28.0,0.8046,266.0,45.0,157.0,947.0,25.0,232.0,107.0,298.0,16.748059851646882,116,3,52,56,226.0,-63.0,65.0,33.0,132.0,7.0,-94.0,5774.0,84.0,-26.0,8.007075021695927,62.284374994344404,
2902,866.42474,192.19353986029475,31.795328452995516,192.18131347336237,28.0,0.8225,270.0,47.0,163.0,968.0,24.0,238.0,109.0,303.0,18.098512059511496,112,5,54,55,226.0,-65.0,65.0,30.0,130.0,4.0,-96.0,5761.0,81.0,-28.0,8.01155450422536,62.284374994344404,
2903,879.61176,189.5263571557268,32.68167731944221,189.6021775169213,28.0,0.8176,270.0,47.0,163.0,968.0,24.0,238.0,109.0,303.0,18.38924432466153,109,7,50,54,226.0,-65.0,65.0,30.0,130.0,4.0,-96.0,5761.0,81.0,-28.0,8.016033986754723,62.284374994344404,
2904,895.9916,190.68291425913202,35.51779351709212,191.6166623704752,28.0,0.8249,274.0,48.0,166.0,984.0,24.0,243.0,110.0,307.0,19.80482198059816,112,6,48,52,227.0,-68.0,65.0,28.0,128.0,2.0,-99.0,5779.0,79.0,-30.0,8.020513469284156,62.284374994344404,
2905,911.69867,193.65244206236957,37.02585378926104,195.4311731655449,28.0,0.8198,274.0,48.0,166.0,984.0,24.0,243.0,110.0,307.0,20.937431478864397,106,8,48,56,227.0,-68.0,65.0,28.0,128.0,2.0,-99.0,5779.0,79.0,-30.0,8.024992951813589,62.284374994344404,
2906,927.8263,189.67313581641065,37.14847331834629,190.43752526760298,28.0,0.82615,283.0,50.0,173.0,1017.0,23.0,252.0,113.0,315.0,20.864390465214147,109,7,51,52,226.0,-71.0,65.0,23.0,124.0,-2.0,-102.0,5724.0,75.0,-34.0,8.029472434343024,62.284374994344404,
2907,952.00134,197.03652269030314,38.35395819159255,199.5568750997844,28.0,0.80635,291.0,52.0,181.0,1048.0,23.0,261.0,116.0,323.0,21.493920211561413,108,11,48,54,225.0,-74.0,64.0,19.0,120.0,-6.0,-105.0,5707.0,71.0,-37.0,8.033951916872455,62.284374994344404,
2908,976.96844,196.19015264838646,41.89037126245441,199.87662192340895,28.0,0.8053,291.0,52.0,181.0,1048.0,23.0,261.0,116.0,323.0,22.99302713799371,100,4,52,54,225.0,-74.0,64.0,19.0,120.0,-6.0,-105.0,5707.0,71.0,-37.0,8.03843139940189,62.284374994344404,
2909,1016.58954,204.19210957302528,47.11956259471875,214.15166712791964,28.0,0.7711,294.0,53.0,185.0,1066.0,22.0,267.0,117.0,327.0,27.127156966781058,122,11,48,52,224.0,-76.0,64.0,16.0,117.0,-8.0,-107.0,5676.0,68.0,-39.0,8.042910881931324,62.284374994344404,
2910,858.48773,101.5830868317478,17.840792949070742,120.10323264172557,28.0,0.8042,216.0,34.0,121.0,772.0,27.0,190.0,89.0,249.0,20.162849887492907,119,5,54,54,234.0,-48.0,67.0,54.0,154.0,25.0,-80.0,5988.0,104.0,-10.0,8.09218518975495,62.284374994344404,
2911,776.0384,102.31353459409894,17.744477871120054,122.84804156640342,28.0,0.8228,216.0,34.0,121.0,772.0,27.0,190.0,89.0,249.0,19.250608508749842,109,5,56,57,234.0,-48.0,67.0,54.0,154.0,25.0,-80.0,5988.0,104.0,-10.0,8.096664672284387,62.284374994344404,
2912,694.6183,90.81509083490405,18.290782858287358,115.66071416091143,28.0,0.838,211.0,33.0,114.0,742.0,28.0,179.0,87.0,242.0,21.168441637868398,119,2,55,59,234.0,-42.0,67.0,62.0,160.0,32.0,-74.0,6003.0,111.0,-4.0,8.101144154813818,62.284374994344404,
2913,932.5999,111.38949149267039,5.528640998378652,162.23228970879717,28.0,0.6559,208.0,39.0,140.0,833.0,24.0,237.0,87.0,258.0,7.476119706648327,134,5,55,57,257.0,-74.0,72.0,-5.0,148.0,6.0,-109.0,6564.0,93.0,84.0,8.670038436050891,62.284374994344404,
2914,214.76259,230.29276447423396,80.65993309468176,217.76051391350154,29.0,0.7652,387.0,55.0,185.0,1240.0,31.0,235.0,159.0,428.0,47.85100500230934,81,22,48,57,193.0,-21.0,56.0,59.0,146.0,39.0,-47.0,5015.0,105.0,12.0,7.267457416191814,62.28229166101125,
2915,251.0388,134.1209734739119,124.79460148889257,174.00800436053962,29.0,0.8304,387.0,55.0,185.0,1240.0,31.0,235.0,159.0,428.0,53.88932122787963,86,26,46,55,193.0,-21.0,56.0,59.0,146.0,39.0,-47.0,5015.0,105.0,12.0,7.271936588713072,62.28229166101125,
2916,206.88176,44.78389568040876,129.49649506330255,151.7209969556561,29.0,0.8533,368.0,52.0,173.0,1182.0,32.0,221.0,152.0,412.0,55.37779942422431,80,13,53,56,193.0,-14.0,56.0,68.0,153.0,46.0,-40.0,5045.0,113.0,19.0,7.276415761234401,62.28229166101125,
2917,141.42577,126.76076457242672,117.59160396451648,173.8763575372722,29.0,0.8514,368.0,52.0,173.0,1182.0,32.0,221.0,152.0,412.0,53.340368672352994,89,35,58,57,193.0,-14.0,56.0,68.0,153.0,46.0,-40.0,5045.0,113.0,19.0,7.2808949337557305,62.28229166101125,
2918,147.98466,130.34844147366894,70.50270023980387,149.98554672349164,29.0,0.79,353.0,50.0,167.0,1145.0,32.0,215.0,146.0,400.0,38.19803859208933,99,24,52,61,193.0,-11.0,56.0,72.0,157.0,50.0,-36.0,5055.0,117.0,23.0,7.285374106277059,62.28229166101125,
2919,73.144585,66.71398803683444,41.71183191382646,125.95401093366304,29.0,0.8227,353.0,50.0,167.0,1145.0,32.0,215.0,146.0,400.0,24.9993103313186,100,24,58,61,193.0,-11.0,56.0,72.0,157.0,50.0,-36.0,5055.0,117.0,23.0,7.28985327879839,62.28229166101125,
2920,29.951668,61.79844136443803,46.26190276713542,164.7699644197554,28.0,0.81985,342.0,49.0,162.0,1114.0,32.0,209.0,142.0,391.0,25.107768104612447,74,10,50,58,194.0,-8.0,56.0,75.0,161.0,54.0,-33.0,5065.0,121.0,26.0,7.29433245131972,62.28229166101125,
2921,22.593801,283.6913693459753,24.194618661316866,197.35311163934014,28.0,0.77845,364.0,52.0,172.0,1170.0,31.0,221.0,150.0,406.0,13.175933567282645,96,7,49,57,195.0,-17.0,56.0,65.0,152.0,44.0,-43.0,5081.0,111.0,16.0,7.3122491414049655,62.28229166101125,
2922,49.466778,269.059841188929,26.98130969079959,207.7565221313686,28.0,0.82195,331.0,47.0,156.0,1082.0,32.0,203.0,138.0,381.0,15.682872995729698,96,11,53,63,195.0,-7.0,56.0,77.0,163.0,55.0,-32.0,5110.0,123.0,28.0,7.316728313926296,62.28229166101125,
2923,155.53513,298.0647161679883,64.95820575926354,239.49987099256506,28.0,0.8497,331.0,47.0,156.0,1082.0,32.0,203.0,138.0,381.0,39.97529420856861,90,18,51,64,195.0,-7.0,56.0,77.0,163.0,55.0,-32.0,5110.0,123.0,28.0,7.321207486447625,62.28229166101125,
2924,203.095,65.86886810489312,62.857689379288296,111.4223882203746,28.0,0.858,304.0,44.0,145.0,1018.0,34.0,192.0,127.0,362.0,38.43896645364365,106,5,44,64,194.0,4.0,56.0,89.0,173.0,66.0,-21.0,5136.0,134.0,37.0,7.325686658968955,62.28229166101125,
2925,864.8084,70.46873351256086,12.728837902250973,140.63702787859307,28.0,0.7372,245.0,40.0,138.0,864.0,26.0,208.0,100.0,278.0,13.903464847997954,123,4,54,57,228.0,-54.0,65.0,45.0,144.0,17.0,-84.0,5838.0,95.0,-16.0,7.984125019603185,62.28229166101125,
2926,824.1604,98.69249822263082,7.822986081516545,155.18270310564577,28.0,0.726,245.0,40.0,138.0,864.0,26.0,208.0,100.0,278.0,8.379038516367613,111,3,54,58,228.0,-54.0,65.0,45.0,144.0,17.0,-84.0,5838.0,95.0,-16.0,7.988604192124514,62.28229166101125,
2927,799.9064,139.20965149516226,9.807107017024176,168.69843018366362,28.0,0.7537,239.0,39.0,134.0,843.0,26.0,202.0,98.0,272.0,7.7975607651353,111,7,53,55,228.0,-52.0,66.0,47.0,146.0,19.0,-82.0,5832.0,97.0,-14.0,7.993083364645844,62.28229166101125,
2928,790.3988,171.95912152626525,12.920336230308257,177.54224895019524,28.0,0.7556,239.0,39.0,134.0,843.0,26.0,202.0,98.0,272.0,6.630865751582239,105,5,51,55,228.0,-52.0,66.0,47.0,146.0,19.0,-82.0,5832.0,97.0,-14.0,7.997562537167172,62.28229166101125,
2929,793.4083,189.2684994385038,19.495254858848135,185.8740136742172,28.0,0.7948,237.0,38.0,133.0,836.0,26.0,202.0,97.0,269.0,11.029547014345573,117,4,55,56,229.0,-51.0,66.0,48.0,147.0,20.0,-82.0,5851.0,98.0,-14.0,8.006520882209832,62.28229166101125,
2930,800.7894,194.18215114466227,23.17518218260583,190.63733051427204,28.0,0.79315,236.0,38.0,133.0,835.0,27.0,202.0,97.0,269.0,13.158319386202965,103,3,57,55,229.0,-52.0,66.0,47.0,146.0,19.0,-83.0,5842.0,97.0,-15.0,8.011000054731161,62.28229166101125,
2931,809.5235,188.3296518776393,25.65066095813838,187.00507339040303,28.0,0.7992,236.0,38.0,133.0,835.0,27.0,202.0,97.0,269.0,14.628723374930136,104,7,54,55,229.0,-52.0,66.0,47.0,146.0,19.0,-83.0,5842.0,97.0,-15.0,8.01547922725242,62.28229166101125,
2932,820.9813,192.85940980404158,28.04855737257283,191.48676146928244,28.0,0.82385,237.0,38.0,134.0,841.0,26.0,205.0,97.0,270.0,16.10383476308251,92,9,54,56,229.0,-53.0,66.0,46.0,145.0,18.0,-84.0,5865.0,96.0,-16.0,8.01995839977375,62.28229166101125,
2933,837.2731,197.11041589451642,28.45876085171985,195.0434495600145,28.0,0.8288,237.0,38.0,134.0,841.0,26.0,205.0,97.0,270.0,16.123888340359567,109,9,53,56,229.0,-53.0,66.0,46.0,145.0,18.0,-84.0,5865.0,96.0,-16.0,8.02443757229508,62.28229166101125,
2934,853.6621,194.5631892460748,29.42470534984682,193.47586427957157,28.0,0.8345,238.0,39.0,137.0,849.0,26.0,208.0,97.0,271.0,16.934982334785026,111,6,54,55,229.0,-54.0,66.0,44.0,144.0,17.0,-85.0,5858.0,95.0,-16.0,8.028916744816408,62.28229166101125,
2935,871.8421,194.88307160188458,31.210152664319917,194.4182461891632,28.0,0.8322,244.0,40.0,142.0,871.0,25.0,214.0,99.0,276.0,17.78524755625624,123,8,56,54,229.0,-57.0,66.0,41.0,141.0,14.0,-88.0,5846.0,92.0,-20.0,8.033395917337737,62.28229166101125,
2936,894.30334,200.74130908460464,32.064897663431225,200.83317671612355,28.0,0.82965,244.0,40.0,142.0,871.0,25.0,214.0,99.0,276.0,18.85310301105065,117,3,53,55,229.0,-57.0,66.0,41.0,141.0,14.0,-88.0,5846.0,92.0,-20.0,8.037875089859067,62.28229166101125,
2937,922.4749,203.73214368306364,33.80873952755113,204.41950190537446,28.0,0.82055,252.0,42.0,149.0,905.0,25.0,225.0,102.0,285.0,19.595483729667492,118,3,51,56,228.0,-62.0,66.0,35.0,136.0,9.0,-92.0,5811.0,86.0,-24.0,8.042354262380398,62.28229166101125,
2938,964.3369,211.41405698313514,39.02928922612946,217.22128973612786,28.0,0.80685,252.0,42.0,149.0,905.0,25.0,225.0,102.0,285.0,23.139867479985174,120,9,50,53,228.0,-62.0,66.0,35.0,136.0,9.0,-92.0,5811.0,86.0,-24.0,8.046833434901727,62.28229166101125,
2939,1023.82544,216.21198014344603,42.13572867474888,228.19303857793287,29.0,0.8065,269.0,47.0,165.0,973.0,23.0,243.0,108.0,302.0,26.610450794842965,131,10,48,53,227.0,-68.0,66.0,27.0,128.0,2.0,-99.0,5753.0,78.0,-30.0,8.051312607422984,62.28229166101125,
2940,849.80743,105.67451121027571,18.54087598221808,123.27163598920994,28.0,0.82005,226.0,37.0,131.0,813.0,26.0,202.0,92.0,258.0,19.326828012492413,123,2,54,52,232.0,-54.0,67.0,47.0,147.0,19.0,-85.0,5939.0,98.0,-15.0,8.091625160114878,62.28229166101125,
2941,774.54675,101.73191254958495,15.823693151024168,129.3115469750666,28.0,0.82325,216.0,34.0,122.0,772.0,27.0,191.0,89.0,249.0,16.877146518420393,119,2,54,57,235.0,-49.0,67.0,53.0,154.0,24.0,-81.0,6000.0,104.0,-11.0,8.096104332636209,62.28229166101125,
2942,705.69995,94.52559258866906,15.546196626489872,124.89073687365808,28.0,0.8281,208.0,32.0,114.0,738.0,28.0,179.0,86.0,241.0,18.165064243493287,122,2,54,58,235.0,-44.0,67.0,60.0,160.0,31.0,-75.0,6041.0,110.0,-5.0,8.100583505157537,62.28229166101125,
2943,935.63385,96.04470779426241,3.84459003762517,169.7448583742208,28.0,0.69965,207.0,39.0,139.0,831.0,24.0,237.0,87.0,258.0,3.9211009581992284,123,3,55,58,256.0,-74.0,72.0,-5.0,147.0,6.0,-109.0,6521.0,92.0,83.0,8.66943841536539,62.28229166101125,
2944,918.05774,84.60134286506239,5.290637402560479,163.56129130554078,28.0,0.67755,207.0,39.0,139.0,831.0,24.0,237.0,87.0,258.0,5.940296556682975,125,5,56,59,256.0,-74.0,72.0,-5.0,147.0,6.0,-109.0,6521.0,92.0,83.0,8.673917587886649,62.28229166101125,
2945,167.25853,309.91074417068586,117.86219262923238,234.54663464056853,29.0,0.8556,391.0,56.0,188.0,1256.0,31.0,239.0,161.0,434.0,53.26073963047297,96,41,53,60,193.0,-23.0,56.0,58.0,144.0,38.0,-49.0,5020.0,104.0,11.0,7.262475644703007,62.28020832767811,
2946,355.8528,318.67135671279,102.15483308269147,246.76615874028002,29.0,0.8193,387.0,55.0,185.0,1240.0,31.0,235.0,159.0,428.0,53.18205905075544,87,18,49,61,193.0,-21.0,56.0,59.0,146.0,39.0,-47.0,5015.0,105.0,12.0,7.26695450726506,62.28020832767811,
2947,463.8114,184.34910071291537,61.79859130545114,175.01401113521467,29.0,0.8304,387.0,55.0,185.0,1240.0,31.0,235.0,159.0,428.0,31.965436004526616,113,17,55,58,193.0,-21.0,56.0,59.0,146.0,39.0,-47.0,5015.0,105.0,12.0,7.271433369827042,62.28020832767811,
2948,437.43698,102.4825125588876,68.01121146377388,162.95426533576074,29.0,0.855,368.0,52.0,173.0,1182.0,32.0,221.0,152.0,412.0,33.09945245127738,96,12,53,57,193.0,-14.0,56.0,68.0,153.0,46.0,-40.0,5045.0,113.0,19.0,7.275912232389093,62.28020832767811,
2949,408.8728,27.243490132624636,86.56533610728755,151.97846801677423,29.0,0.85815,368.0,52.0,173.0,1182.0,32.0,221.0,152.0,412.0,38.66860530286969,107,24,59,59,193.0,-14.0,56.0,68.0,153.0,46.0,-40.0,5045.0,113.0,19.0,7.280391094951146,62.28020832767811,
2950,280.40616,88.2815661395552,67.58160073266495,95.3001671918614,29.0,0.8386,353.0,50.0,167.0,1145.0,32.0,215.0,146.0,400.0,40.306032497109044,104,9,52,58,193.0,-11.0,56.0,72.0,157.0,50.0,-36.0,5055.0,117.0,23.0,7.284869957513199,62.28020832767811,
2951,213.17976,171.29367808463104,87.97486766296873,178.09310673022787,29.0,0.8583,353.0,50.0,167.0,1145.0,32.0,215.0,146.0,400.0,43.9847352430566,86,12,47,57,193.0,-11.0,56.0,72.0,157.0,50.0,-36.0,5055.0,117.0,23.0,7.2893488200752525,62.28020832767811,
2952,206.82,85.8153721300468,96.214605136108,166.06334514828214,28.0,0.8097,342.0,49.0,162.0,1114.0,32.0,209.0,142.0,391.0,45.20883278206303,97,12,58,58,194.0,-8.0,56.0,75.0,161.0,54.0,-33.0,5065.0,121.0,26.0,7.293827682637305,62.28020832767811,
2953,155.15154,53.70733335771695,83.69873595545133,149.98764228872275,28.0,0.82385,342.0,49.0,162.0,1114.0,32.0,209.0,142.0,391.0,42.308405752812604,99,6,58,57,194.0,-8.0,56.0,75.0,161.0,54.0,-33.0,5065.0,121.0,26.0,7.298306545199357,62.28020832767811,
2954,127.08412,172.4439376187024,70.95666773352373,184.14149539962688,28.0,0.8081,350.0,50.0,166.0,1136.0,32.0,214.0,145.0,397.0,37.06738799588999,83,8,51,59,194.0,-12.0,56.0,71.0,157.0,50.0,-37.0,5068.0,116.0,22.0,7.30278540776141,62.28020832767811,
2955,148.93512,221.4476587336485,81.87640150290011,185.72302445383374,28.0,0.8214,350.0,50.0,166.0,1136.0,32.0,214.0,145.0,397.0,41.32400011755948,79,13,41,59,194.0,-12.0,56.0,71.0,157.0,50.0,-37.0,5068.0,116.0,22.0,7.307264270323463,62.28020832767811,
2956,142.09048,171.78356594925293,86.9183247207909,182.8569740846722,28.0,0.84305,364.0,52.0,172.0,1170.0,31.0,221.0,150.0,406.0,41.361459642360245,93,13,48,57,195.0,-17.0,56.0,65.0,152.0,44.0,-43.0,5081.0,111.0,16.0,7.311743132885445,62.28020832767811,
2957,304.23135,294.859192082928,85.67927243143501,231.36542179189186,28.0,0.864,331.0,47.0,156.0,1082.0,32.0,203.0,138.0,381.0,43.7956674457143,101,11,52,62,195.0,-7.0,56.0,77.0,163.0,55.0,-32.0,5110.0,123.0,28.0,7.320700858009549,62.28020832767811,
2958,330.24957,62.447095478771935,48.013529681753916,107.7999904013598,28.0,0.8658,304.0,44.0,145.0,1018.0,34.0,192.0,127.0,362.0,33.474560399238904,109,9,46,63,194.0,4.0,56.0,89.0,173.0,66.0,-21.0,5136.0,134.0,37.0,7.325179720571602,62.28020832767811,
2959,137.21426,65.8026957642091,52.52466883157398,72.79499855487707,28.0,0.85735,304.0,44.0,145.0,1018.0,34.0,192.0,127.0,362.0,41.48169227395897,105,9,48,61,194.0,4.0,56.0,89.0,173.0,66.0,-21.0,5136.0,134.0,37.0,7.329658583133655,62.28020832767811,
2960,680.03125,220.2968804892962,44.100677150987416,222.34428351870696,28.0,0.8155,391.0,62.0,203.0,1287.0,28.0,266.0,159.0,429.0,24.715057213643572,107,6,56,54,199.0,-46.0,57.0,34.0,125.0,14.0,-74.0,5088.0,83.0,-13.0,7.383404933878215,62.28020832767811,
2961,754.39185,246.28192576281793,39.112641824075055,242.55013112342309,28.0,0.7951,391.0,62.0,203.0,1287.0,28.0,266.0,159.0,429.0,24.995469650319354,108,7,53,53,199.0,-46.0,57.0,34.0,125.0,14.0,-74.0,5088.0,83.0,-13.0,7.387883796440197,62.28020832767811,
2962,851.8713,272.6200260010013,25.33919101140104,244.66488471936884,28.0,0.7638,409.0,68.0,223.0,1369.0,26.0,293.0,165.0,447.0,22.03332727972831,120,3,54,53,199.0,-57.0,57.0,22.0,114.0,2.0,-85.0,5056.0,70.0,-24.0,7.392362659002249,62.28020832767811,
2963,891.48285,70.56089889931962,18.299650830114764,129.76819859012343,28.0,0.7611,245.0,40.0,138.0,864.0,26.0,208.0,100.0,278.0,17.88459360062275,117,4,51,57,228.0,-54.0,65.0,45.0,144.0,17.0,-84.0,5838.0,95.0,-16.0,7.9835725171921315,62.28020832767811,
2964,830.9066,77.18523537579132,11.003934790495565,144.57781701396064,28.0,0.761,245.0,40.0,138.0,864.0,26.0,208.0,100.0,278.0,12.398806400458337,120,2,52,56,228.0,-54.0,65.0,45.0,144.0,17.0,-84.0,5838.0,95.0,-16.0,7.988051379754184,62.28020832767811,
2965,795.2238,97.4721087056787,7.0131839685834665,158.3733728276106,28.0,0.7777,239.0,39.0,134.0,843.0,26.0,202.0,98.0,272.0,7.4669191992059405,106,6,53,56,228.0,-52.0,66.0,47.0,146.0,19.0,-82.0,5832.0,97.0,-14.0,7.992530242316236,62.28020832767811,
2966,771.6751,127.12733171172871,7.511698741741095,165.3738837242055,28.0,0.7661,239.0,39.0,134.0,843.0,26.0,202.0,98.0,272.0,6.641368702194461,107,5,51,55,228.0,-52.0,66.0,47.0,146.0,19.0,-82.0,5832.0,97.0,-14.0,7.9970091048782885,62.28020832767811,
2967,757.04034,159.30367407140383,10.2458136589006,175.71638519868233,28.0,0.7858,237.0,38.0,133.0,836.0,26.0,202.0,97.0,269.0,6.352404105162494,111,4,54,56,229.0,-51.0,66.0,48.0,147.0,20.0,-82.0,5851.0,98.0,-14.0,8.001487967440342,62.28020832767811,
2968,755.7261,182.44818053471784,13.806300846905069,181.50931049126376,28.0,0.7815,237.0,38.0,133.0,836.0,26.0,202.0,97.0,269.0,7.587332673158028,114,4,54,58,229.0,-51.0,66.0,48.0,147.0,20.0,-82.0,5851.0,98.0,-14.0,8.005966830002395,62.28020832767811,
2969,755.6701,184.32925158896904,16.983421202491424,183.07527945262484,28.0,0.78135,236.0,38.0,133.0,835.0,27.0,202.0,97.0,269.0,9.812105274283299,122,6,56,59,229.0,-52.0,66.0,47.0,146.0,19.0,-83.0,5842.0,97.0,-15.0,8.010445692564447,62.28020832767811,
2970,759.40247,185.53140692237193,19.462564466833605,183.64007626559888,28.0,0.7973,236.0,38.0,133.0,835.0,27.0,202.0,97.0,269.0,11.258765567820326,117,6,55,58,229.0,-52.0,66.0,47.0,146.0,19.0,-83.0,5842.0,97.0,-15.0,8.014924555126427,62.28020832767811,
2971,763.82294,191.52004853257793,21.675090371516383,188.31667400462194,28.0,0.814,237.0,38.0,134.0,841.0,26.0,205.0,97.0,270.0,12.585890396574355,116,7,56,57,229.0,-53.0,66.0,46.0,145.0,18.0,-84.0,5865.0,96.0,-16.0,8.019403417688482,62.28020832767811,
2972,776.8259,198.41638206647607,23.435018438189623,193.6717104532758,28.0,0.8195,237.0,38.0,134.0,841.0,26.0,205.0,97.0,270.0,13.55331502238968,115,6,56,57,229.0,-53.0,66.0,46.0,145.0,18.0,-84.0,5865.0,96.0,-16.0,8.023882280250534,62.28020832767811,
2973,790.5652,194.97710599795107,24.479070968865553,191.842404102331,28.0,0.8323,238.0,39.0,137.0,849.0,26.0,208.0,97.0,271.0,14.452098506564653,111,4,54,59,229.0,-54.0,66.0,44.0,144.0,17.0,-85.0,5858.0,95.0,-16.0,8.028361142812585,62.28020832767811,
2974,804.09656,195.89319418224272,25.95617113981527,192.94689614893568,28.0,0.8333,238.0,39.0,137.0,849.0,26.0,208.0,97.0,271.0,15.241197338817505,121,5,55,56,229.0,-54.0,66.0,44.0,144.0,17.0,-85.0,5858.0,95.0,-16.0,8.032840005374638,62.28020832767811,
2975,823.8115,201.72981496584526,27.20494878052551,198.69753057665548,28.0,0.84605,244.0,40.0,142.0,871.0,25.0,214.0,99.0,276.0,16.270557424270315,116,5,55,58,229.0,-57.0,66.0,41.0,141.0,14.0,-88.0,5846.0,92.0,-20.0,8.037318867936692,62.28020832767811,
2976,850.949,207.5814800435282,28.968482375822298,205.51508124470016,28.0,0.84725,252.0,42.0,149.0,905.0,25.0,225.0,102.0,285.0,17.68252117238546,120,6,55,57,228.0,-62.0,66.0,35.0,136.0,9.0,-92.0,5811.0,86.0,-24.0,8.041797730498745,62.28020832767811,
2977,885.66437,212.2506098050556,30.253716987551325,211.07789248162885,28.0,0.84315,252.0,42.0,149.0,905.0,25.0,225.0,102.0,285.0,18.693558900682714,118,7,55,55,228.0,-62.0,66.0,35.0,136.0,9.0,-92.0,5811.0,86.0,-24.0,8.046276593060798,62.28020832767811,
2978,933.27844,217.5209259470635,34.51440667637371,221.58086365316237,29.0,0.82575,269.0,47.0,165.0,973.0,23.0,243.0,108.0,302.0,22.05773704106109,114,6,52,53,227.0,-68.0,66.0,27.0,128.0,2.0,-99.0,5753.0,78.0,-30.0,8.050755455622777,62.28020832767811,
2979,992.4357,215.8936274483671,41.21971841128538,226.82014546309867,29.0,0.79575,269.0,47.0,165.0,973.0,23.0,243.0,108.0,302.0,25.9902688259369,144,4,47,53,227.0,-68.0,66.0,27.0,128.0,2.0,-99.0,5753.0,78.0,-30.0,8.05523431818483,62.28020832767811,
2980,1075.3353,225.34581074893768,46.29144619716906,245.80333094308222,28.0,0.7601,283.0,51.0,178.0,1028.0,23.0,258.0,113.0,316.0,31.0639103658527,145,11,49,52,226.0,-74.0,65.0,20.0,121.0,-5.0,-105.0,5718.0,71.0,-37.0,8.059713180746883,62.28020832767811,
2981,916.76514,108.14415052008233,24.357863314871327,109.84113205902737,28.0,0.7844,226.0,37.0,131.0,813.0,26.0,202.0,92.0,258.0,24.463138561636587,107,7,49,54,232.0,-54.0,67.0,47.0,147.0,19.0,-85.0,5939.0,98.0,-15.0,8.086586356119199,62.28020832767811,
2982,835.119,113.04516460679092,18.79244099438849,129.7769940142134,28.0,0.83165,226.0,37.0,131.0,813.0,26.0,202.0,92.0,258.0,17.681339476604,125,3,54,55,232.0,-54.0,67.0,47.0,147.0,19.0,-85.0,5939.0,98.0,-15.0,8.09106521868118,62.28020832767811,
2983,764.21765,110.30282934080974,16.911367052631082,130.7663662238599,28.0,0.8274,216.0,34.0,122.0,772.0,27.0,191.0,89.0,249.0,17.16999229559856,116,3,55,57,235.0,-49.0,67.0,53.0,154.0,24.0,-81.0,6000.0,104.0,-11.0,8.095544081243235,62.28020832767811,
2984,936.78,141.1518978764686,3.821345251929955,172.57379019689395,28.0,0.7012,207.0,39.0,139.0,831.0,24.0,237.0,87.0,258.0,3.923540848283429,118,3,55,57,256.0,-74.0,72.0,-5.0,147.0,6.0,-109.0,6521.0,92.0,83.0,8.668838489184976,62.28020832767811,
2985,921.3037,109.08949272873872,5.258569266443604,162.85371913133716,28.0,0.7089,207.0,39.0,139.0,831.0,24.0,237.0,87.0,258.0,7.277484019312245,127,5,56,57,256.0,-74.0,72.0,-5.0,147.0,6.0,-109.0,6521.0,92.0,83.0,8.673317351746958,62.28020832767811,
2986,895.35333,83.51487794011338,4.930994990556912,163.89017924671708,28.0,0.69365,206.0,39.0,139.0,829.0,24.0,237.0,87.0,258.0,5.6121722278109845,122,5,55,57,257.0,-73.0,73.0,-4.0,148.0,7.0,-109.0,6536.0,93.0,84.0,8.677796214309009,62.28020832767811,
2987,288.86234,313.2305613241145,99.08630718911643,253.802598400559,28.0,0.8633,375.0,53.0,178.0,1207.0,32.0,225.0,155.0,421.0,53.24081961791826,90,24,46,59,192.0,-14.0,55.0,66.0,152.0,46.0,-40.0,5008.0,112.0,19.0,7.2574945722395094,62.27812499434497,
2988,452.27643,333.58507600963975,106.02070750468943,235.37183666414893,29.0,0.8485,391.0,56.0,188.0,1256.0,31.0,239.0,161.0,434.0,47.674402420907505,107,31,53,57,193.0,-23.0,56.0,58.0,144.0,38.0,-49.0,5020.0,104.0,11.0,7.261973124891102,62.27812499434497,
2989,562.6216,274.0835134187567,77.47827469866064,219.30589243829922,29.0,0.8717,391.0,56.0,188.0,1256.0,31.0,239.0,161.0,434.0,37.211710027520255,116,16,52,62,193.0,-23.0,56.0,58.0,144.0,38.0,-49.0,5020.0,104.0,11.0,7.266451677542695,62.27812499434497,
2990,562.0132,56.49743869797203,34.61865185663782,144.3287259362105,29.0,0.8606,387.0,55.0,185.0,1240.0,31.0,235.0,159.0,428.0,20.78353626004608,125,13,53,63,193.0,-21.0,56.0,59.0,146.0,39.0,-47.0,5015.0,105.0,12.0,7.270930230194215,62.27812499434497,
2991,563.98334,219.63064014788708,43.09854659172181,202.30248878541954,29.0,0.8487,368.0,52.0,173.0,1182.0,32.0,221.0,152.0,412.0,28.380355196061966,120,15,50,62,193.0,-14.0,56.0,68.0,153.0,46.0,-40.0,5045.0,113.0,19.0,7.275408782845807,62.27812499434497,
2992,563.4497,80.55141044100621,50.68717728935077,142.2917196362675,29.0,0.8549,368.0,52.0,173.0,1182.0,32.0,221.0,152.0,412.0,28.852352175199176,119,14,48,63,193.0,-14.0,56.0,68.0,153.0,46.0,-40.0,5045.0,113.0,19.0,7.2798873354974,62.27812499434497,
2993,420.57715,85.1613208454323,69.39995893786374,114.63638100377283,29.0,0.8577,353.0,50.0,167.0,1145.0,32.0,215.0,146.0,400.0,44.58568592460858,124,21,53,61,193.0,-11.0,56.0,72.0,157.0,50.0,-36.0,5055.0,117.0,23.0,7.284365888148991,62.27812499434497,
2994,428.84738,276.8382443472967,74.86213251368191,209.92103040006666,29.0,0.8577,353.0,50.0,167.0,1145.0,32.0,215.0,146.0,400.0,39.51743097789338,101,25,44,63,193.0,-11.0,56.0,72.0,157.0,50.0,-36.0,5055.0,117.0,23.0,7.288844440800584,62.27812499434497,
2995,439.01453,51.648391669624985,83.49537176020229,160.87236276089672,28.0,0.8373,342.0,49.0,162.0,1114.0,32.0,209.0,142.0,391.0,40.72872962264828,95,8,50,61,194.0,-8.0,56.0,75.0,161.0,54.0,-33.0,5065.0,121.0,26.0,7.293322993452176,62.27812499434497,
2996,359.06085,66.0792310371497,80.7776169332358,128.68720459101505,28.0,0.8116,342.0,49.0,162.0,1114.0,32.0,209.0,142.0,391.0,42.07552377874676,109,6,54,63,194.0,-8.0,56.0,75.0,161.0,54.0,-33.0,5065.0,121.0,26.0,7.297801546103767,62.27812499434497,
2997,315.84882,163.6326994136749,90.62356124274964,182.38790836873886,28.0,0.833,350.0,50.0,166.0,1136.0,32.0,214.0,145.0,397.0,44.0121026782876,92,11,55,59,194.0,-12.0,56.0,71.0,157.0,50.0,-37.0,5068.0,116.0,22.0,7.30228009875536,62.27812499434497,
2998,340.45166,209.3630837659765,86.67549262740606,186.73126322763292,28.0,0.847,350.0,50.0,166.0,1136.0,32.0,214.0,145.0,397.0,40.25231329774048,92,10,53,59,194.0,-12.0,56.0,71.0,157.0,50.0,-37.0,5068.0,116.0,22.0,7.306758651406953,62.27812499434497,
2999,354.29935,237.28291359709806,83.18816067276387,192.08298267654445,28.0,0.8533,364.0,52.0,172.0,1170.0,31.0,221.0,150.0,406.0,38.80821878882319,111,13,47,59,195.0,-17.0,56.0,65.0,152.0,44.0,-43.0,5081.0,111.0,16.0,7.311237204058472,62.27812499434497,
3000,381.0721,334.2169235698791,70.68424081001122,207.37173798330883,28.0,0.8563,364.0,52.0,172.0,1170.0,31.0,221.0,150.0,406.0,33.06648401659856,110,12,59,61,195.0,-17.0,56.0,65.0,152.0,44.0,-43.0,5081.0,111.0,16.0,7.315715756710064,62.27812499434497,
3001,440.9495,223.46840656099064,49.29658386831419,206.16714811255892,28.0,0.841,331.0,47.0,156.0,1082.0,32.0,203.0,138.0,381.0,27.403575064540707,115,10,58,59,195.0,-7.0,56.0,77.0,163.0,55.0,-32.0,5110.0,123.0,28.0,7.320194309361656,62.27812499434497,
3002,405.91385,63.44616108345592,33.96991229627577,104.99201988844248,28.0,0.8587,331.0,47.0,156.0,1082.0,32.0,203.0,138.0,381.0,28.334752398670936,116,11,57,59,195.0,-7.0,56.0,77.0,163.0,55.0,-32.0,5110.0,123.0,28.0,7.324672862013248,62.27812499434497,
3003,249.0908,68.47232628923379,46.869572170900504,81.76474915105553,28.0,0.8991,304.0,44.0,145.0,1018.0,34.0,192.0,127.0,362.0,37.77121500556376,109,11,62,61,194.0,4.0,56.0,89.0,173.0,66.0,-21.0,5136.0,134.0,37.0,7.329151414664841,62.27812499434497,
3004,90.28745,58.64912726876921,50.972644184745896,86.10762711098018,28.0,0.864,303.0,44.0,145.0,1015.0,33.0,192.0,127.0,361.0,39.41278881126184,90,7,65,63,195.0,4.0,56.0,89.0,173.0,67.0,-22.0,5142.0,134.0,38.0,7.3336299673164325,62.27812499434497,
3005,767.0605,237.34394691567613,83.83670360167858,251.93765975258518,28.0,0.663,409.0,68.0,223.0,1369.0,26.0,293.0,165.0,447.0,44.74132293393845,124,2,57,52,199.0,-57.0,57.0,22.0,114.0,2.0,-85.0,5056.0,70.0,-24.0,7.391851151786986,62.27812499434497,
3006,852.7589,78.74176344077226,16.172280212014957,132.24243932142528,28.0,0.791,245.0,40.0,138.0,864.0,26.0,208.0,100.0,278.0,16.63250375148915,110,2,51,59,228.0,-54.0,65.0,45.0,144.0,17.0,-84.0,5838.0,95.0,-16.0,7.98749865444766,62.27812499434497,
3007,794.4787,100.5873608673929,10.855844678528834,142.73283457165098,28.0,0.7967,239.0,39.0,134.0,843.0,26.0,202.0,98.0,272.0,12.699087606698523,111,6,50,57,228.0,-52.0,66.0,47.0,146.0,19.0,-82.0,5832.0,97.0,-14.0,7.991977207099251,62.27812499434497,
3008,761.6787,126.71420548995742,7.037794488023399,166.28874127786708,28.0,0.8052,239.0,39.0,134.0,843.0,26.0,202.0,98.0,272.0,5.635840034584075,106,5,51,59,228.0,-52.0,66.0,47.0,146.0,19.0,-82.0,5832.0,97.0,-14.0,7.996455759750844,62.27812499434497,
3009,730.9703,155.8107481141606,8.004623831049473,174.69895556847905,28.0,0.7818,237.0,38.0,133.0,836.0,26.0,202.0,97.0,269.0,4.947513447055571,106,5,55,58,229.0,-51.0,66.0,48.0,147.0,20.0,-82.0,5851.0,98.0,-14.0,8.00541286505403,62.27812499434497,
3010,723.31116,176.99524482879318,10.346346672009583,180.0273295028463,28.0,0.7802,236.0,38.0,133.0,835.0,27.0,202.0,97.0,269.0,5.896121195482342,114,5,53,57,229.0,-52.0,66.0,47.0,146.0,19.0,-83.0,5842.0,97.0,-15.0,8.01436997035714,62.27812499434497,
3011,722.86176,189.0939601795333,12.050819270783247,183.84825251954305,28.0,0.793,237.0,38.0,134.0,841.0,26.0,205.0,97.0,270.0,6.989803872584716,112,5,56,57,229.0,-53.0,66.0,46.0,145.0,18.0,-84.0,5865.0,96.0,-16.0,8.018848523008732,62.27812499434497,
3012,729.11017,196.7015620686149,15.229671555181941,188.6379047537006,28.0,0.8102,237.0,38.0,134.0,841.0,26.0,205.0,97.0,270.0,9.05168755363404,114,5,58,59,229.0,-53.0,66.0,46.0,145.0,18.0,-84.0,5865.0,96.0,-16.0,8.023327075660324,62.27812499434497,
3013,739.42377,197.10606050262942,17.29206879855118,189.37201718929336,28.0,0.8126,238.0,39.0,137.0,849.0,26.0,208.0,97.0,271.0,10.458810520789935,125,5,58,59,229.0,-54.0,66.0,44.0,144.0,17.0,-85.0,5858.0,95.0,-16.0,8.027805628311917,62.27812499434497,
3014,752.7216,201.87833715246003,17.89098324615721,192.56588436351765,28.0,0.8238,238.0,39.0,137.0,849.0,26.0,208.0,97.0,271.0,10.705774812302632,129,4,54,61,229.0,-54.0,66.0,44.0,144.0,17.0,-85.0,5858.0,95.0,-16.0,8.03228418096351,62.27812499434497,
3015,767.6839,199.91879372198974,20.17348091656752,192.96556275677702,28.0,0.8387,244.0,40.0,142.0,871.0,25.0,214.0,99.0,276.0,12.138747434457601,119,6,55,57,229.0,-57.0,66.0,41.0,141.0,14.0,-88.0,5846.0,92.0,-20.0,8.0367627336151,62.27812499434497,
3016,788.1869,207.38153200503126,23.071454255126273,200.75451879196265,28.0,0.84635,244.0,40.0,142.0,871.0,25.0,214.0,99.0,276.0,14.397369624211487,121,6,58,57,229.0,-57.0,66.0,41.0,141.0,14.0,-88.0,5846.0,92.0,-20.0,8.041241286266693,62.27812499434497,
3017,819.4981,213.88196852929136,27.272055489545256,210.36819594909588,28.0,0.85,252.0,42.0,149.0,905.0,25.0,225.0,102.0,285.0,17.757027428743747,114,4,56,59,228.0,-62.0,66.0,35.0,136.0,9.0,-92.0,5811.0,86.0,-24.0,8.045719838918286,62.27812499434497,
3018,856.90027,209.14220192293666,32.52645305054989,210.52559528814297,29.0,0.829,269.0,47.0,165.0,973.0,23.0,243.0,108.0,302.0,20.264978383529662,119,6,56,58,227.0,-68.0,66.0,27.0,128.0,2.0,-99.0,5753.0,78.0,-30.0,8.050198391569804,62.27812499434497,
3019,900.0242,210.6962946393074,38.04802321480913,216.3623709263749,29.0,0.8175,269.0,47.0,165.0,973.0,23.0,243.0,108.0,302.0,23.073222314664367,121,8,55,56,227.0,-68.0,66.0,27.0,128.0,2.0,-99.0,5753.0,78.0,-30.0,8.054676944221397,62.27812499434497,
3020,958.17566,214.610774767233,49.061438368912064,231.66045265272152,28.0,0.7702,283.0,51.0,178.0,1028.0,23.0,258.0,113.0,316.0,30.177461262930702,132,5,53,55,226.0,-74.0,65.0,20.0,121.0,-5.0,-105.0,5718.0,71.0,-37.0,8.059155496872988,62.27812499434497,
3021,1048.3802,216.52295449216567,59.74009071470346,241.30927289452583,28.0,0.7066,283.0,51.0,178.0,1028.0,23.0,258.0,113.0,316.0,35.95955929000595,135,4,52,57,226.0,-74.0,65.0,20.0,121.0,-5.0,-105.0,5718.0,71.0,-37.0,8.063634049524582,62.27812499434497,
3022,953.46014,93.66016798488113,4.843678400373329,166.05020256932926,28.0,0.6922,210.0,39.0,141.0,841.0,24.0,240.0,88.0,261.0,5.065765153584162,109,5,53,55,255.0,-76.0,72.0,-7.0,145.0,4.0,-110.0,6520.0,91.0,81.0,8.663760104836847,62.27812499434497,
3023,923.7064,104.99952310159973,4.340177920341916,167.1463665072486,28.0,0.7208,207.0,39.0,139.0,831.0,24.0,237.0,87.0,258.0,5.173801567883105,113,4,54,56,256.0,-74.0,72.0,-5.0,147.0,6.0,-109.0,6521.0,92.0,83.0,8.67271721013996,62.27812499434497,
3024,902.1221,94.78415933168574,5.429215442794336,165.38826538191861,28.0,0.7281,206.0,39.0,139.0,829.0,24.0,237.0,87.0,258.0,5.398112622941543,120,6,55,58,257.0,-73.0,73.0,-4.0,148.0,7.0,-109.0,6536.0,93.0,84.0,8.67719576279155,62.27812499434497,
3025,886.1929,74.47177042835887,3.806031767441067,171.28579604086053,28.0,0.7043,206.0,39.0,139.0,829.0,24.0,237.0,87.0,258.0,3.18379415618624,119,9,56,55,257.0,-73.0,73.0,-4.0,148.0,7.0,-109.0,6536.0,93.0,84.0,8.681674315443145,62.27812499434497,
3026,174.97786,254.41330779764647,71.75044869587367,223.01085074469447,28.0,0.836,375.0,53.0,178.0,1207.0,32.0,225.0,155.0,421.0,51.46294943704961,109,24,54,58,192.0,-14.0,55.0,66.0,152.0,46.0,-40.0,5008.0,112.0,19.0,7.252514198637131,62.27604166101182,
3027,396.47537,286.17677287861966,69.60838949322077,255.0,28.0,0.8455,375.0,53.0,178.0,1207.0,32.0,225.0,155.0,421.0,50.11430802723041,105,21,48,61,192.0,-14.0,55.0,66.0,152.0,46.0,-40.0,5008.0,112.0,19.0,7.256992441427068,62.27604166101182,
3028,610.2686,317.91901798007973,54.479076744051,232.41872791746943,29.0,0.8531,391.0,56.0,188.0,1256.0,31.0,239.0,161.0,434.0,31.418559515458668,107,27,53,63,193.0,-23.0,56.0,58.0,144.0,38.0,-49.0,5020.0,104.0,11.0,7.261470684217006,62.27604166101182,
3029,657.5563,220.07409905297519,30.201465281370485,191.54702506736157,29.0,0.83885,391.0,56.0,188.0,1256.0,31.0,239.0,161.0,434.0,15.795651303799135,101,13,52,58,193.0,-23.0,56.0,58.0,144.0,38.0,-49.0,5020.0,104.0,11.0,7.265948927006942,62.27604166101182,
3030,637.70264,67.28773722056788,35.33599634493433,144.36350412822196,29.0,0.8415,387.0,55.0,185.0,1240.0,31.0,235.0,159.0,428.0,24.50353703962854,107,12,43,60,193.0,-21.0,56.0,59.0,146.0,39.0,-47.0,5015.0,105.0,12.0,7.270427169796807,62.27604166101182,
3031,591.4366,158.11834600272292,25.325289602953397,172.99770635329347,29.0,0.8316,387.0,55.0,185.0,1240.0,31.0,235.0,159.0,428.0,17.226423727746788,104,14,46,61,193.0,-21.0,56.0,59.0,146.0,39.0,-47.0,5015.0,105.0,12.0,7.274905412586745,62.27604166101182,
3032,608.12195,176.98308171409744,15.80659406595511,193.41478846807084,29.0,0.8213,368.0,52.0,173.0,1182.0,32.0,221.0,152.0,412.0,11.560501561752138,129,8,46,60,193.0,-14.0,56.0,68.0,153.0,46.0,-40.0,5045.0,113.0,19.0,7.27938365537668,62.27604166101182,
3033,569.79767,45.494670134060755,49.36433171559378,129.31856737455766,29.0,0.85235,353.0,50.0,167.0,1145.0,32.0,215.0,146.0,400.0,28.907724353795604,117,15,51,59,193.0,-11.0,56.0,72.0,157.0,50.0,-36.0,5055.0,117.0,23.0,7.2838618981666166,62.27604166101182,
3034,523.4587,164.9545030406198,46.842839043495694,189.76677075492105,29.0,0.8596,353.0,50.0,167.0,1145.0,32.0,215.0,146.0,400.0,34.1846382326036,118,13,50,60,193.0,-11.0,56.0,72.0,157.0,50.0,-36.0,5055.0,117.0,23.0,7.288340140956555,62.27604166101182,
3035,580.77936,165.24081976014023,50.77869602222354,179.84951417129392,28.0,0.8373,342.0,49.0,162.0,1114.0,32.0,209.0,142.0,391.0,28.844819513362797,112,7,51,61,194.0,-8.0,56.0,75.0,161.0,54.0,-33.0,5065.0,121.0,26.0,7.292818383746491,62.27604166101182,
3036,519.7937,196.43674669939986,70.93610601704502,152.65778724939472,28.0,0.82355,342.0,49.0,162.0,1114.0,32.0,209.0,142.0,391.0,39.51373131988987,106,8,52,62,194.0,-8.0,56.0,75.0,161.0,54.0,-33.0,5065.0,121.0,26.0,7.297296626536429,62.27604166101182,
3037,531.4446,121.4983842745065,77.14274553505382,173.01061024647763,28.0,0.80355,350.0,50.0,166.0,1136.0,32.0,214.0,145.0,397.0,36.50291789094296,118,8,53,59,194.0,-12.0,56.0,71.0,157.0,50.0,-37.0,5068.0,116.0,22.0,7.306253112116301,62.27604166101182,
3038,524.6295,145.3560081494049,71.03698458348208,179.0225787148184,28.0,0.84715,364.0,52.0,172.0,1170.0,31.0,221.0,150.0,406.0,35.49114375258684,118,9,52,63,195.0,-17.0,56.0,65.0,152.0,44.0,-43.0,5081.0,111.0,16.0,7.310731354906166,62.27604166101182,
3039,523.36127,166.38867545300448,65.24518057115664,179.76240029531,28.0,0.8547,364.0,52.0,172.0,1170.0,31.0,221.0,150.0,406.0,35.542898329660964,119,10,51,60,195.0,-17.0,56.0,65.0,152.0,44.0,-43.0,5081.0,111.0,16.0,7.315209597696104,62.27604166101182,
3040,521.7869,136.55865922848352,37.635324870092404,170.43512896126447,28.0,0.8672,331.0,47.0,156.0,1082.0,32.0,203.0,138.0,381.0,23.002791621905683,120,9,56,57,195.0,-7.0,56.0,77.0,163.0,55.0,-32.0,5110.0,123.0,28.0,7.31968784048604,62.27604166101182,
3041,455.68927,75.04616292676275,27.864225462919144,103.41558189906307,28.0,0.8789,331.0,47.0,156.0,1082.0,32.0,203.0,138.0,381.0,26.983645189323102,120,11,49,58,195.0,-7.0,56.0,77.0,163.0,55.0,-32.0,5110.0,123.0,28.0,7.324166083275978,62.27604166101182,
3042,311.00623,70.7082425573344,40.31886246448886,80.85816215834744,28.0,0.8987,304.0,44.0,145.0,1018.0,34.0,192.0,127.0,362.0,36.956497867895735,129,12,54,56,194.0,4.0,56.0,89.0,173.0,66.0,-21.0,5136.0,134.0,37.0,7.328644326065914,62.27604166101182,
3043,173.93076,60.911998589827405,36.848707813017974,114.35740251561728,28.0,0.893,304.0,44.0,145.0,1018.0,34.0,192.0,127.0,362.0,26.038529047807565,129,6,67,58,194.0,4.0,56.0,89.0,173.0,66.0,-21.0,5136.0,134.0,37.0,7.333122568855851,62.27604166101182,
3044,80.551796,46.332123270209536,45.19482922919703,115.04430837551155,28.0,0.8863,303.0,44.0,145.0,1015.0,33.0,192.0,127.0,361.0,30.504662050850182,108,10,59,65,195.0,4.0,56.0,89.0,173.0,67.0,-22.0,5142.0,134.0,38.0,7.337600811645788,62.27604166101182,
3045,875.885,240.4801551723083,70.7848486852004,254.69551850167713,28.0,0.68135,409.0,68.0,223.0,1369.0,26.0,293.0,165.0,447.0,48.14000327476366,125,3,57,52,199.0,-57.0,57.0,22.0,114.0,2.0,-85.0,5056.0,70.0,-24.0,7.395817967914823,62.27604166101182,
3046,962.6287,199.0864961027993,25.03102050701836,196.10687065130585,28.0,0.7595,342.0,61.0,200.0,1189.0,24.0,278.0,137.0,376.0,14.625547410930242,123,4,55,50,212.0,-70.0,61.0,16.0,112.0,-6.0,-100.0,5363.0,66.0,-35.0,7.7630338766889935,62.27604166101182,
3047,978.8865,178.71037883475228,34.38193446579962,179.7593545902562,28.0,0.7874,317.0,55.0,183.0,1102.0,25.0,258.0,128.0,351.0,19.619942425846364,126,19,55,51,216.0,-64.0,62.0,24.0,122.0,1.0,-94.0,5482.0,75.0,-28.0,7.798859819008417,62.27604166101182,
3048,993.7254,185.21601903289334,35.42749372665077,186.0197927004527,28.0,0.7874,317.0,56.0,184.0,1105.0,24.0,259.0,128.0,351.0,20.00252483734831,128,9,54,52,216.0,-65.0,62.0,23.0,121.0,0.0,-95.0,5468.0,74.0,-29.0,7.8078163045882905,62.27604166101182,
3049,981.0024,233.64643650954324,14.362840222487309,208.6298694325114,28.0,0.7801,324.0,58.0,193.0,1139.0,24.0,271.0,130.0,358.0,11.4223855956318,126,10,52,53,216.0,-71.0,62.0,17.0,115.0,-6.0,-101.0,5490.0,68.0,-35.0,7.83468576132784,62.27604166101182,
3050,889.6893,65.74260117164617,24.78211613185155,118.94407375636239,28.0,0.7886,245.0,40.0,138.0,864.0,26.0,208.0,100.0,278.0,22.06177449278933,114,4,52,55,228.0,-54.0,65.0,45.0,144.0,17.0,-84.0,5838.0,95.0,-16.0,7.986946016185404,62.27604166101182,
3051,808.25305,73.26520689018807,16.435957558480787,127.95525399490045,28.0,0.8215,245.0,40.0,138.0,864.0,26.0,208.0,100.0,278.0,17.971215925837903,119,5,51,58,228.0,-54.0,65.0,45.0,144.0,17.0,-84.0,5838.0,95.0,-16.0,7.99142425897534,62.27604166101182,
3052,754.676,105.05113630496561,8.204111737752344,155.31147143206974,28.0,0.8056,239.0,39.0,134.0,843.0,26.0,202.0,98.0,272.0,8.724672824886778,112,5,54,58,228.0,-52.0,66.0,47.0,146.0,19.0,-82.0,5832.0,97.0,-14.0,7.9959025017652765,62.27604166101182,
3053,736.3534,135.13750838384624,6.033256372936751,169.6893046205355,28.0,0.7757,237.0,38.0,133.0,836.0,26.0,202.0,97.0,269.0,4.774642839178214,112,5,54,57,229.0,-51.0,66.0,48.0,147.0,20.0,-82.0,5851.0,98.0,-14.0,8.000380744555212,62.27604166101182,
3054,715.95056,151.47962135152613,2.2143147415928826,178.58970294988063,28.0,0.6922,236.0,38.0,133.0,835.0,27.0,202.0,97.0,269.0,1.2843486367891992,113,9,52,55,229.0,-52.0,66.0,47.0,146.0,19.0,-83.0,5842.0,97.0,-15.0,8.009337230135088,62.27604166101182,
3055,710.5281,129.49630419302102,3.0076303281485304,181.53441524879017,28.0,0.6409,237.0,38.0,134.0,841.0,26.0,205.0,97.0,270.0,1.2733831084830123,121,3,57,57,229.0,-53.0,66.0,46.0,145.0,18.0,-84.0,5865.0,96.0,-16.0,8.022771958504826,62.27604166101182,
3056,713.6681,216.42416904131258,5.5260506475112114,184.215050925888,28.0,0.7052,238.0,39.0,137.0,849.0,26.0,208.0,97.0,271.0,3.154148765992814,130,4,57,59,229.0,-54.0,66.0,44.0,144.0,17.0,-85.0,5858.0,95.0,-16.0,8.027250201294763,62.27604166101182,
3057,720.4292,205.5653368882127,9.038828868332235,187.78353786239296,28.0,0.7747,238.0,39.0,137.0,849.0,26.0,208.0,97.0,271.0,5.9645894604552625,130,10,57,59,229.0,-54.0,66.0,44.0,144.0,17.0,-85.0,5858.0,95.0,-16.0,8.031728444084699,62.27604166101182,
3058,731.4729,207.39471947837953,11.250042601616327,190.2144794433458,28.0,0.8063,244.0,40.0,142.0,871.0,25.0,214.0,99.0,276.0,7.029991041970164,127,6,59,58,229.0,-57.0,66.0,41.0,141.0,14.0,-88.0,5846.0,92.0,-20.0,8.036206686874637,62.27604166101182,
3059,742.4686,198.70276793854867,15.44924098913704,189.8769388082254,28.0,0.82545,244.0,40.0,142.0,871.0,25.0,214.0,99.0,276.0,9.259439580298295,126,5,57,58,229.0,-57.0,66.0,41.0,141.0,14.0,-88.0,5846.0,92.0,-20.0,8.040684929664573,62.27604166101182,
3060,757.8355,204.12178084022602,21.92718569570151,197.69570612039817,28.0,0.82135,252.0,42.0,149.0,905.0,25.0,225.0,102.0,285.0,13.505207841956853,119,5,58,57,228.0,-62.0,66.0,35.0,136.0,9.0,-92.0,5811.0,86.0,-24.0,8.04516317245451,62.27604166101182,
3061,781.1427,204.04571289287617,27.486624144462205,201.43226780554323,28.0,0.83105,252.0,42.0,149.0,905.0,25.0,225.0,102.0,285.0,16.583843150521684,121,5,56,57,228.0,-62.0,66.0,35.0,136.0,9.0,-92.0,5811.0,86.0,-24.0,8.049641415244375,62.27604166101182,
3062,812.54803,206.747274330353,33.835416755860805,209.21957217745125,29.0,0.8421,269.0,47.0,165.0,973.0,23.0,243.0,108.0,302.0,20.82370677295985,127,4,55,57,227.0,-68.0,66.0,27.0,128.0,2.0,-99.0,5753.0,78.0,-30.0,8.054119658034312,62.27604166101182,
3063,849.7039,205.60326364561558,40.19267640933382,211.73583234126872,28.0,0.81755,283.0,51.0,178.0,1028.0,23.0,258.0,113.0,316.0,23.70893780383129,118,7,54,55,226.0,-74.0,65.0,20.0,121.0,-5.0,-105.0,5718.0,71.0,-37.0,8.058597900824248,62.27604166101182,
3064,900.7613,206.1925298812135,55.64917879396769,221.353368579835,28.0,0.7907,283.0,51.0,178.0,1028.0,23.0,258.0,113.0,316.0,31.001682212345628,109,6,56,57,226.0,-74.0,65.0,20.0,121.0,-5.0,-105.0,5718.0,71.0,-37.0,8.063076143614186,62.27604166101182,
3065,966.4318,205.78199341271517,69.45111121264804,228.54457982165619,28.0,0.74,266.0,47.0,165.0,968.0,24.0,243.0,107.0,300.0,38.01870563269211,130,5,52,60,228.0,-68.0,66.0,27.0,128.0,1.0,-100.0,5781.0,79.0,-31.0,8.067554386404122,62.27604166101182,
3066,1008.7599,90.45775985733725,8.464438458572374,149.29972312378004,28.0,0.6893,211.0,40.0,143.0,848.0,24.0,242.0,89.0,264.0,10.278694475334369,113,5,50,56,253.0,-77.0,72.0,-9.0,142.0,2.0,-111.0,6467.0,88.0,79.0,8.654204191884766,62.27604166101182,
3067,954.4542,118.21077517825009,4.118038576247362,170.11668947525476,28.0,0.7452,210.0,39.0,141.0,841.0,24.0,240.0,88.0,261.0,4.927655272683988,111,5,54,55,255.0,-76.0,72.0,-7.0,145.0,4.0,-110.0,6520.0,91.0,81.0,8.66316067746464,62.27604166101182,
3068,941.6793,111.27997650363251,3.531634684741061,170.4369556308436,28.0,0.7163,207.0,39.0,139.0,831.0,24.0,237.0,87.0,258.0,3.9114814271724105,113,6,55,54,256.0,-74.0,72.0,-5.0,147.0,6.0,-109.0,6521.0,92.0,83.0,8.667638920254577,62.27604166101182,
3069,925.83386,87.17127613678169,4.191308984501195,162.60663671144704,28.0,0.71595,207.0,39.0,139.0,831.0,24.0,237.0,87.0,258.0,5.8939215527682585,118,6,56,57,256.0,-74.0,72.0,-5.0,147.0,6.0,-109.0,6521.0,92.0,83.0,8.672117163044442,62.27604166101182,
3070,910.30707,132.8672464543625,4.151749026959377,176.16059572108844,28.0,0.71145,206.0,39.0,139.0,829.0,24.0,237.0,87.0,258.0,3.2867589991501456,119,5,55,57,257.0,-73.0,73.0,-4.0,148.0,7.0,-109.0,6536.0,93.0,84.0,8.676595405834378,62.27604166101182,
3071,887.24347,190.52093428361383,3.550509239105552,178.40394725837075,28.0,0.6813,204.0,38.0,137.0,822.0,24.0,235.0,87.0,257.0,2.443285648468363,117,6,59,57,258.0,-73.0,73.0,-3.0,150.0,8.0,-108.0,6585.0,95.0,86.0,8.685551891414253,62.27604166101182,
3072,450.20856,273.4177471583957,72.35390262149956,246.627923504359,29.0,0.8394,408.0,61.0,202.0,1319.0,30.0,258.0,167.0,449.0,53.83652476192454,102,20,46,61,193.0,-33.0,56.0,46.0,134.0,27.0,-59.0,4995.0,93.0,0.0,7.256490389685891,62.27395832767866,
3073,651.59155,261.3460116460803,21.113951955774066,211.59413035747593,28.0,0.8214,406.0,61.0,201.0,1312.0,29.0,257.0,166.0,446.0,13.975339373007683,102,26,51,60,194.0,-32.0,56.0,46.0,135.0,27.0,-59.0,4982.0,93.0,1.0,7.260968322662968,62.27395832767866,
3074,697.6024,295.4281105253405,15.626569734422912,212.75840315075408,28.0,0.82725,406.0,61.0,201.0,1312.0,29.0,257.0,166.0,446.0,13.307391592494334,107,16,45,59,194.0,-32.0,56.0,46.0,135.0,27.0,-59.0,4982.0,93.0,1.0,7.265446255640045,62.27395832767866,
3075,709.6048,63.72481339420571,17.529524487341465,167.92808134763882,28.0,0.82335,411.0,62.0,206.0,1335.0,29.0,266.0,168.0,452.0,9.281285730031504,102,15,52,59,195.0,-38.0,56.0,41.0,130.0,22.0,-65.0,5031.0,89.0,-5.0,7.269924188617048,62.27395832767866,
3076,674.16296,113.20242653841801,40.75015816578108,156.67322104833727,28.0,0.8287,411.0,62.0,206.0,1335.0,29.0,266.0,168.0,452.0,27.318737185709598,104,14,53,60,195.0,-38.0,56.0,41.0,130.0,22.0,-65.0,5031.0,89.0,-5.0,7.2744021215941235,62.27395832767866,
3077,646.00433,88.43297734659623,49.388940196224176,163.72165993469454,28.0,0.8055,404.0,61.0,202.0,1312.0,29.0,259.0,165.0,445.0,31.364695405377457,114,14,52,58,194.0,-36.0,56.0,44.0,132.0,24.0,-62.0,5042.0,92.0,-2.0,7.278880054571199,62.27395832767866,
3078,656.5698,184.0580222092993,44.18564939472493,182.96334929146755,28.0,0.842,407.0,62.0,206.0,1326.0,29.0,265.0,166.0,448.0,28.29456587437888,114,15,50,54,194.0,-38.0,56.0,41.0,129.0,21.0,-65.0,5009.0,88.0,-6.0,7.283357987548276,62.27395832767866,
3079,613.6688,168.51374022665553,41.015026737845766,172.72620442936577,28.0,0.85795,407.0,62.0,206.0,1326.0,29.0,265.0,166.0,448.0,29.5892082980046,118,15,50,55,194.0,-38.0,56.0,41.0,129.0,21.0,-65.0,5009.0,88.0,-6.0,7.287835920525351,62.27395832767866,
3080,677.9362,215.79292594130186,33.90088273512746,200.69160796782066,28.0,0.8368,414.0,65.0,213.0,1356.0,28.0,276.0,168.0,453.0,23.363966769740482,107,9,53,61,194.0,-44.0,56.0,35.0,123.0,15.0,-71.0,5004.0,82.0,-12.0,7.292313853502427,62.27395832767866,
3081,690.355,283.4367009479996,67.25202518627249,209.5374965722734,28.0,0.8306,414.0,65.0,213.0,1356.0,28.0,276.0,168.0,453.0,37.33999250901355,113,7,52,59,194.0,-44.0,56.0,35.0,123.0,15.0,-71.0,5004.0,82.0,-12.0,7.2967917864795035,62.27395832767866,
3082,672.0823,67.77484178346786,57.20490075148724,158.1801226480083,29.0,0.8054,392.0,59.0,195.0,1270.0,29.0,250.0,160.0,431.0,31.08559171797602,122,4,52,60,195.0,-33.0,57.0,47.0,135.0,27.0,-60.0,5055.0,94.0,0.0,7.314703518387735,62.27395832767866,
3083,602.11993,64.20918685213441,32.414909405741845,112.52794790553784,29.0,0.85135,377.0,55.0,183.0,1217.0,30.0,235.0,155.0,418.0,26.847872274733472,126,0,56,60,196.0,-25.0,57.0,56.0,144.0,35.0,-52.0,5088.0,103.0,8.0,7.31918145136481,62.27395832767866,
3084,505.32352,64.57535373936673,32.33924581201218,120.28336466329893,29.0,0.86665,377.0,55.0,183.0,1217.0,30.0,235.0,155.0,418.0,27.568850113467626,121,6,55,60,196.0,-25.0,57.0,56.0,144.0,35.0,-52.0,5088.0,103.0,8.0,7.323659384341887,62.27395832767866,
3085,404.1136,58.67097761482606,48.57958156629549,97.795598908324,29.0,0.8545,350.0,50.0,165.0,1129.0,32.0,213.0,145.0,394.0,34.67691453612279,140,10,49,57,196.0,-14.0,57.0,69.0,157.0,48.0,-39.0,5127.0,116.0,20.0,7.328137317318962,62.27395832767866,
3086,266.58725,44.70763687606292,55.03521352576495,106.64616735016892,29.0,0.8652,350.0,50.0,165.0,1129.0,32.0,213.0,145.0,394.0,37.0876923179157,129,13,57,57,196.0,-14.0,57.0,69.0,157.0,48.0,-39.0,5127.0,116.0,20.0,7.332615250296038,62.27395832767866,
3087,171.01897,39.409648624419695,42.99473466591652,128.81091641016607,28.0,0.8739,322.0,46.0,152.0,1056.0,32.0,199.0,134.0,372.0,27.47565082193531,130,9,60,62,195.0,-5.0,56.0,79.0,165.0,57.0,-30.0,5106.0,124.0,29.0,7.337093183273113,62.27395832767866,
3088,91.6414,51.590204322718506,39.42085443457655,117.46236814223253,28.0,0.8586,322.0,46.0,152.0,1056.0,32.0,199.0,134.0,372.0,27.217600397521206,130,8,69,62,195.0,-5.0,56.0,79.0,165.0,57.0,-30.0,5106.0,124.0,29.0,7.34157111625019,62.27395832767866,
3089,783.4798,187.68203496894466,26.321300098646432,183.75660302128716,28.0,0.7379,334.0,53.0,172.0,1108.0,28.0,236.0,136.0,368.0,13.462149796646806,119,11,63,55,207.0,-44.0,60.0,42.0,135.0,20.0,-72.0,5303.0,90.0,-9.0,7.565467765103553,62.27395832767866,
3090,928.184,190.78267155351128,21.88852521755474,187.6326639230781,29.0,0.81135,295.0,49.0,161.0,1009.0,26.0,230.0,120.0,328.0,12.456561744511387,141,17,54,53,216.0,-53.0,63.0,38.0,134.0,14.0,-82.0,5531.0,87.0,-17.0,7.766974749071608,62.27395832767866,
3091,939.30804,189.83145974557112,30.31421735201359,188.73882821639603,29.0,0.7984,295.0,49.0,161.0,1009.0,26.0,230.0,120.0,328.0,16.17717122367127,133,19,55,53,216.0,-53.0,63.0,38.0,134.0,14.0,-82.0,5531.0,87.0,-17.0,7.771452682048683,62.27395832767866,
3092,946.2666,176.6725670744111,38.83451955801913,177.30140353305538,29.0,0.757,292.0,49.0,160.0,1004.0,26.0,229.0,119.0,326.0,18.934853920468317,127,10,56,53,216.0,-53.0,63.0,38.0,134.0,14.0,-82.0,5528.0,87.0,-17.0,7.775930615025688,62.27395832767866,
3093,939.8248,171.358283264928,32.55533978999918,172.21969446016743,29.0,0.7122,292.0,49.0,160.0,1004.0,26.0,229.0,119.0,326.0,16.86428578154907,121,10,55,48,216.0,-53.0,63.0,38.0,134.0,14.0,-82.0,5528.0,87.0,-17.0,7.780408548002764,62.27395832767866,
3094,933.9563,178.4298191234223,26.90099356454803,178.88075298903547,28.0,0.781,289.0,48.0,158.0,993.0,26.0,227.0,118.0,323.0,14.241842075714827,127,9,54,51,218.0,-53.0,63.0,38.0,135.0,14.0,-83.0,5574.0,88.0,-17.0,7.784886480979838,62.27395832767866,
3095,929.8368,174.24057186038286,24.587052086171536,175.85258456183774,28.0,0.8151,289.0,48.0,158.0,993.0,26.0,227.0,118.0,323.0,13.918360362404856,128,9,54,51,218.0,-53.0,63.0,38.0,135.0,14.0,-83.0,5574.0,88.0,-17.0,7.789364413956914,62.27395832767866,
3096,923.1219,173.4583428854578,22.62594711475576,175.93774833983855,28.0,0.8087,288.0,48.0,158.0,989.0,26.0,227.0,117.0,321.0,13.070485318926393,124,10,51,53,218.0,-54.0,63.0,38.0,135.0,14.0,-83.0,5581.0,88.0,-17.0,7.79384234693399,62.27395832767866,
3097,915.91296,181.65444964112098,20.828123913849748,180.6871329483051,28.0,0.7958,288.0,48.0,158.0,989.0,26.0,227.0,117.0,321.0,12.245024168304623,125,8,54,51,218.0,-54.0,63.0,38.0,135.0,14.0,-83.0,5581.0,88.0,-17.0,7.798320279911068,62.27395832767866,
3098,918.9561,185.056158738774,20.58760903751251,183.44980957024305,28.0,0.7936,285.0,47.0,156.0,980.0,26.0,225.0,116.0,319.0,11.506852744596193,132,7,56,52,219.0,-53.0,63.0,39.0,136.0,14.0,-83.0,5590.0,89.0,-17.0,7.802798212888144,62.27395832767866,
3099,922.2066,182.7454336598113,24.243993415403487,182.64785349831345,28.0,0.7999,285.0,47.0,156.0,980.0,26.0,225.0,116.0,319.0,13.693338651269405,130,7,54,53,219.0,-53.0,63.0,39.0,136.0,14.0,-83.0,5590.0,89.0,-17.0,7.807276145865218,62.27395832767866,
3100,930.0092,187.35899061402608,26.11541886479883,186.8973133414374,28.0,0.8067,283.0,47.0,156.0,976.0,26.0,225.0,115.0,316.0,15.913147178447504,123,6,51,51,218.0,-53.0,63.0,39.0,135.0,14.0,-83.0,5557.0,88.0,-17.0,7.811754078842294,62.27395832767866,
3101,943.77673,193.4038160868555,25.530310927855055,191.37755699885875,28.0,0.7892,283.0,47.0,156.0,976.0,26.0,225.0,115.0,316.0,15.214723512209309,125,5,51,49,218.0,-53.0,63.0,39.0,135.0,14.0,-83.0,5557.0,88.0,-17.0,7.816232011819298,62.27395832767866,
3102,949.3891,173.77613657358845,23.12284653634392,176.19307070019494,28.0,0.77515,283.0,47.0,157.0,978.0,26.0,227.0,115.0,316.0,12.624664477817268,120,9,54,49,219.0,-54.0,63.0,38.0,135.0,13.0,-84.0,5613.0,88.0,-18.0,7.820709944796374,62.27395832767866,
3103,943.98206,218.96588344096304,14.5764164237144,201.1967613784286,28.0,0.7839,299.0,51.0,172.0,1044.0,25.0,246.0,121.0,333.0,10.470387896267336,132,6,54,56,218.0,-62.0,63.0,29.0,126.0,5.0,-92.0,5558.0,79.0,-25.0,7.834143743727602,62.27395832767866,
3104,988.83307,238.8851312376401,21.679958571032778,229.2028633972793,28.0,0.798,299.0,51.0,172.0,1044.0,25.0,246.0,121.0,333.0,18.48593849743188,121,5,54,55,218.0,-62.0,63.0,29.0,126.0,5.0,-92.0,5558.0,79.0,-25.0,7.838621676704678,62.27395832767866,
3105,829.94855,91.93832724722294,17.939761206588752,118.43833748287334,28.0,0.81035,238.0,38.0,133.0,841.0,26.0,202.0,97.0,271.0,20.21268259235106,119,5,51,55,228.0,-52.0,66.0,47.0,146.0,19.0,-82.0,5831.0,97.0,-14.0,7.990871397924969,62.27395832767866,
3106,759.87396,98.64718520134824,10.83588234917417,139.05270344354136,28.0,0.80965,235.0,38.0,131.0,830.0,27.0,199.0,96.0,268.0,13.62128935098832,103,6,53,57,228.0,-50.0,66.0,48.0,147.0,20.0,-81.0,5823.0,98.0,-13.0,7.995349330902045,62.27395832767866,
3107,726.44244,118.57639799959294,5.255830376188331,166.39759006883148,28.0,0.77085,235.0,38.0,131.0,830.0,27.0,199.0,96.0,268.0,5.116914919662156,111,4,56,58,228.0,-50.0,66.0,48.0,147.0,20.0,-81.0,5823.0,98.0,-13.0,7.999827263879121,62.27395832767866,
3108,712.4211,170.67600429774367,5.052286964880888,181.47113642626655,29.0,0.7646,230.0,37.0,130.0,816.0,26.0,199.0,94.0,262.0,2.561493621235699,123,4,56,57,231.0,-51.0,67.0,48.0,148.0,20.0,-83.0,5897.0,99.0,-14.0,8.035650727695657,62.27395832767866,
3109,714.937,189.86404310525043,7.563217574860949,183.1374435081689,29.0,0.7724,230.0,37.0,130.0,816.0,26.0,199.0,94.0,262.0,4.410520695981259,123,6,56,59,231.0,-51.0,67.0,48.0,148.0,20.0,-83.0,5897.0,99.0,-14.0,8.040128660672734,62.27395832767866,
3110,717.46,191.29106027854408,11.992819180801856,185.8749253273491,29.0,0.75205,227.0,37.0,130.0,813.0,26.0,199.0,93.0,261.0,7.541802735267729,123,4,58,58,231.0,-52.0,67.0,48.0,148.0,20.0,-83.0,5914.0,99.0,-14.0,8.044606593649808,62.27395832767866,
3111,729.8807,197.53547641892322,18.459726470184705,190.81856463735076,29.0,0.804,227.0,37.0,130.0,813.0,26.0,199.0,93.0,261.0,11.149319735994736,129,6,53,56,231.0,-52.0,67.0,48.0,148.0,20.0,-83.0,5914.0,99.0,-14.0,8.049084526626812,62.27395832767866,
3112,743.9105,202.3879648085264,24.258493527249033,197.12138786508967,28.0,0.8412,227.0,37.0,131.0,814.0,26.0,200.0,93.0,261.0,13.919677129905867,117,5,54,57,232.0,-52.0,67.0,47.0,148.0,19.0,-84.0,5905.0,98.0,-14.0,8.053562459603887,62.27395832767866,
3113,768.9742,201.92256286103833,29.393631450831503,200.26691542982684,28.0,0.8518,227.0,37.0,131.0,814.0,26.0,200.0,93.0,261.0,17.300365396611568,119,4,55,57,232.0,-52.0,67.0,47.0,148.0,19.0,-84.0,5905.0,98.0,-14.0,8.058040392580963,62.27395832767866,
3114,793.78766,199.85393390469272,36.319926274186365,202.9378236680847,28.0,0.8329,225.0,36.0,129.0,807.0,26.0,199.0,92.0,258.0,21.447635938170972,119,5,57,57,232.0,-52.0,66.0,48.0,148.0,20.0,-84.0,5934.0,99.0,-14.0,8.062518325558042,62.27395832767866,
3115,826.0378,200.30044045313136,46.68335579966137,208.29482147461908,28.0,0.7982,227.0,37.0,132.0,818.0,26.0,202.0,93.0,261.0,26.216330563590855,122,5,56,58,232.0,-54.0,66.0,46.0,147.0,18.0,-85.0,5937.0,97.0,-16.0,8.066996258535116,62.27395832767866,
3116,871.2916,201.07148794821236,61.59751905884088,216.90099083988528,28.0,0.7967,227.0,37.0,132.0,818.0,26.0,202.0,93.0,261.0,33.883449064575956,127,5,54,57,232.0,-54.0,66.0,46.0,147.0,18.0,-85.0,5937.0,97.0,-16.0,8.071474191512191,62.27395832767866,
3117,979.69946,80.74885715451919,7.309929615338826,155.08173428081864,28.0,0.7406,213.0,40.0,144.0,853.0,23.0,243.0,89.0,264.0,8.77332286838213,116,5,52,56,253.0,-78.0,72.0,-10.0,141.0,1.0,-112.0,6461.0,87.0,78.0,8.658083411508054,62.27395832767866,
3118,960.2399,110.06443219250518,4.410697427948639,171.0909491360684,28.0,0.7374,210.0,40.0,142.0,843.0,23.0,241.0,88.0,262.0,5.0097023942192385,116,5,55,57,255.0,-77.0,72.0,-8.0,144.0,3.0,-111.0,6510.0,89.0,80.0,8.662561344485129,62.27395832767866,
3119,944.56775,89.10818612343378,3.6765815372829467,166.76553975697806,28.0,0.7258,208.0,39.0,140.0,837.0,24.0,240.0,88.0,261.0,4.672860553881647,119,5,54,56,257.0,-76.0,72.0,-7.0,146.0,4.0,-111.0,6548.0,91.0,82.0,8.667039277462203,62.27395832767866,
3120,929.2433,74.80599613011228,4.362796418691225,168.5139604904667,28.0,0.7109,208.0,39.0,140.0,837.0,24.0,240.0,88.0,261.0,4.644120402854532,129,8,53,56,257.0,-76.0,72.0,-7.0,146.0,4.0,-111.0,6548.0,91.0,82.0,8.671517210439209,62.27395832767866,
3121,918.90814,81.35764216883926,3.987996681480069,173.6829065781018,28.0,0.70665,206.0,39.0,139.0,829.0,24.0,237.0,87.0,258.0,2.9529430613989405,132,5,53,56,257.0,-75.0,73.0,-6.0,147.0,5.0,-110.0,6563.0,92.0,83.0,8.675995143416285,62.27395832767866,
3122,906.83514,82.629067337149,3.6141819168181155,168.02974555180168,28.0,0.71555,206.0,39.0,139.0,829.0,24.0,237.0,87.0,258.0,4.122284433999987,119,8,56,56,257.0,-75.0,73.0,-6.0,147.0,5.0,-110.0,6563.0,92.0,83.0,8.68047307639336,62.27395832767866,
3123,892.1672,112.52650195193918,3.287636134606543,173.17311557708584,28.0,0.7168,205.0,39.0,139.0,827.0,24.0,237.0,87.0,258.0,2.8177678093219254,123,6,57,56,257.0,-74.0,73.0,-5.0,148.0,6.0,-109.0,6562.0,93.0,84.0,8.684951009370437,62.27395832767866,
3124,175.85364,321.91460440572126,137.8163602190252,253.28614498503188,29.0,0.8358,407.0,60.0,199.0,1312.0,30.0,254.0,167.0,449.0,60.405491974283294,91,35,49,55,192.0,-30.0,56.0,50.0,136.0,30.0,-56.0,5005.0,96.0,3.0,7.24703317057225,62.271874994345524,
3125,547.1973,232.3788818002025,68.25132178581045,204.99565177353045,29.0,0.8623,408.0,61.0,202.0,1319.0,30.0,258.0,167.0,449.0,41.231965022805205,105,31,47,60,193.0,-33.0,56.0,46.0,134.0,27.0,-59.0,4995.0,93.0,0.0,7.255988416998246,62.271874994345524,
3126,646.98145,283.85057948761636,18.112075790825433,217.81900616313166,28.0,0.8424,406.0,61.0,201.0,1312.0,29.0,257.0,166.0,446.0,16.061030482988883,108,18,51,59,194.0,-32.0,56.0,46.0,135.0,27.0,-59.0,4982.0,93.0,1.0,7.260466040211243,62.271874994345524,
3127,704.7239,250.42655351578614,11.594149683277097,217.97467787454525,28.0,0.82265,406.0,61.0,201.0,1312.0,29.0,257.0,166.0,446.0,13.573379118881563,102,9,45,57,194.0,-32.0,56.0,46.0,135.0,27.0,-59.0,4982.0,93.0,1.0,7.264943663424242,62.271874994345524,
3128,718.99243,116.90472323495314,2.276318425411876,174.9102818573858,28.0,0.7945,411.0,62.0,206.0,1335.0,29.0,266.0,168.0,452.0,1.9464905213022816,105,9,45,57,195.0,-38.0,56.0,41.0,130.0,22.0,-65.0,5031.0,89.0,-5.0,7.269421286637169,62.271874994345524,
3129,726.21704,256.44889317133885,16.782741864618597,210.92430718752206,28.0,0.7926,411.0,62.0,206.0,1335.0,29.0,266.0,168.0,452.0,11.841945801542051,111,15,52,59,195.0,-38.0,56.0,41.0,130.0,22.0,-65.0,5031.0,89.0,-5.0,7.273898909850168,62.271874994345524,
3130,703.3553,40.237987811817185,37.83282995023021,143.1117732026795,28.0,0.84245,407.0,62.0,206.0,1326.0,29.0,265.0,166.0,448.0,24.236224759574487,113,9,54,58,194.0,-38.0,56.0,41.0,129.0,21.0,-65.0,5009.0,88.0,-6.0,7.287331779489161,62.271874994345524,
3131,703.7601,245.66474357033414,23.99097512582571,210.33266002978144,28.0,0.8373,414.0,65.0,213.0,1356.0,28.0,276.0,168.0,453.0,17.16802106239747,110,8,53,61,194.0,-44.0,56.0,35.0,123.0,15.0,-71.0,5004.0,82.0,-12.0,7.29180940270216,62.271874994345524,
3132,789.1349,299.47713552653187,41.55109253238222,250.38596300182573,28.0,0.7735,414.0,65.0,213.0,1356.0,28.0,276.0,168.0,453.0,33.98468476697265,103,7,51,57,194.0,-44.0,56.0,35.0,123.0,15.0,-71.0,5004.0,82.0,-12.0,7.296287025915159,62.271874994345524,
3133,777.95886,86.11498979844497,34.733912278751575,99.57050688720373,29.0,0.77005,392.0,59.0,195.0,1270.0,29.0,250.0,160.0,431.0,31.454992908929405,115,5,54,61,195.0,-33.0,57.0,47.0,135.0,27.0,-60.0,5055.0,94.0,0.0,7.31419751876708,62.271874994345524,
3134,661.83954,50.356361526000434,39.590525664037344,127.31680903985931,29.0,0.7916,377.0,55.0,183.0,1217.0,30.0,235.0,155.0,418.0,29.087616318189337,114,4,52,60,196.0,-25.0,57.0,56.0,144.0,35.0,-52.0,5088.0,103.0,8.0,7.318675141980077,62.271874994345524,
3135,595.64044,33.468701656796256,50.08624080648056,134.11411686124183,29.0,0.84875,377.0,55.0,183.0,1217.0,30.0,235.0,155.0,418.0,28.4364585666214,118,7,55,58,196.0,-25.0,57.0,56.0,144.0,35.0,-52.0,5088.0,103.0,8.0,7.323152765193076,62.271874994345524,
3136,523.8235,38.94259294979301,52.072997324269224,120.4366211745972,29.0,0.8424,350.0,50.0,165.0,1129.0,32.0,213.0,145.0,394.0,31.781345767204527,129,16,51,59,196.0,-14.0,57.0,69.0,157.0,48.0,-39.0,5127.0,116.0,20.0,7.327630388406075,62.271874994345524,
3137,411.90268,44.90713518816607,59.35344252320978,108.02607497455153,29.0,0.85765,350.0,50.0,165.0,1129.0,32.0,213.0,145.0,394.0,34.75978900907744,128,15,54,57,196.0,-14.0,57.0,69.0,157.0,48.0,-39.0,5127.0,116.0,20.0,7.332108011619073,62.271874994345524,
3138,285.25787,53.43145560876714,53.07175202311112,95.93364149374607,28.0,0.87515,322.0,46.0,152.0,1056.0,32.0,199.0,134.0,372.0,35.895756718239596,139,0,57,58,195.0,-5.0,56.0,79.0,165.0,57.0,-30.0,5106.0,124.0,29.0,7.336585634832072,62.271874994345524,
3139,172.31122,44.12333068555688,41.36220120517773,121.87248141012141,28.0,0.89785,322.0,46.0,152.0,1056.0,32.0,199.0,134.0,372.0,27.873230951113822,124,0,61,61,195.0,-5.0,56.0,79.0,165.0,57.0,-30.0,5106.0,124.0,29.0,7.341063258045071,62.271874994345524,
3140,98.36424,37.948209796255135,44.214063534746764,127.46254395377726,29.0,0.90105,308.0,44.0,146.0,1023.0,33.0,193.0,129.0,363.0,28.580158459985764,96,13,60,61,196.0,0.0,57.0,84.0,170.0,62.0,-26.0,5125.0,130.0,34.0,7.345540881258068,62.271874994345524,
3141,750.98663,206.36674930855716,118.52812401268494,232.11603265529095,29.0,0.7369,395.0,64.0,211.0,1315.0,27.0,278.0,160.0,434.0,48.037930982710336,119,7,55,51,200.0,-52.0,58.0,28.0,120.0,8.0,-80.0,5099.0,77.0,-19.0,7.403749983026904,62.271874994345524,
3142,897.70624,236.91968711333297,68.10412429922941,246.40653253978948,29.0,0.7268,395.0,64.0,211.0,1315.0,27.0,278.0,160.0,434.0,44.782480456819606,116,13,53,49,200.0,-52.0,58.0,28.0,120.0,8.0,-80.0,5099.0,77.0,-19.0,7.408227606239903,62.271874994345524,
3143,733.9191,172.21221912543697,24.751504478616162,163.4445967971118,28.0,0.8364,341.0,54.0,176.0,1131.0,28.0,239.0,139.0,377.0,15.033712022379602,136,6,54,53,207.0,-44.0,60.0,42.0,135.0,20.0,-72.0,5307.0,90.0,-10.0,7.538078679416639,62.271874994345524,
3144,957.82635,135.95346108948203,11.39729780694848,164.4780101684203,28.0,0.77645,305.0,51.0,167.0,1042.0,26.0,236.0,124.0,339.0,7.5076019450589495,130,22,53,53,214.0,-54.0,62.0,36.0,131.0,12.0,-83.0,5473.0,85.0,-18.0,7.735094100788206,62.271874994345524,
3145,887.86005,179.06269846775712,12.83835055031015,180.039342002003,29.0,0.7661,295.0,50.0,162.0,1012.0,26.0,230.0,120.0,329.0,7.46447185332822,123,22,55,54,217.0,-53.0,63.0,38.0,134.0,14.0,-83.0,5515.0,87.0,-16.0,7.766437463279124,62.271874994345524,
3146,889.7006,185.5598787293257,14.917299462126463,182.45024752934006,29.0,0.7415,295.0,49.0,161.0,1009.0,26.0,230.0,120.0,328.0,8.717734759393315,124,23,57,50,216.0,-53.0,63.0,38.0,134.0,14.0,-82.0,5531.0,87.0,-17.0,7.7709150864921215,62.271874994345524,
3147,892.2848,179.621067786817,16.99530740989617,180.10753707713823,29.0,0.7469,292.0,49.0,160.0,1004.0,26.0,229.0,119.0,326.0,9.450983283397294,122,5,54,54,216.0,-53.0,63.0,38.0,134.0,14.0,-82.0,5528.0,87.0,-17.0,7.7753927097050495,62.271874994345524,
3148,891.84875,179.69341864234158,16.310126142185496,179.8626632974503,29.0,0.7832,292.0,49.0,160.0,1004.0,26.0,229.0,119.0,326.0,9.153989949476612,121,6,54,55,216.0,-53.0,63.0,38.0,134.0,14.0,-82.0,5528.0,87.0,-17.0,7.779870332918047,62.271874994345524,
3149,888.9048,165.0337635499158,16.491186876329554,172.05092130415613,28.0,0.806,289.0,48.0,158.0,993.0,26.0,227.0,118.0,323.0,10.04149236696689,121,10,53,55,218.0,-53.0,63.0,38.0,135.0,14.0,-83.0,5574.0,88.0,-17.0,7.784347956131044,62.271874994345524,
3150,883.0988,183.12094385112744,15.956864144174185,181.86593600651497,28.0,0.7859,289.0,48.0,158.0,993.0,26.0,227.0,118.0,323.0,9.059342147423925,123,9,55,52,218.0,-53.0,63.0,38.0,135.0,14.0,-83.0,5574.0,88.0,-17.0,7.788825579344043,62.271874994345524,
3151,882.15027,176.3119612852591,11.476040955182054,179.66906894654835,28.0,0.7523,288.0,48.0,158.0,989.0,26.0,227.0,117.0,321.0,6.192499493474459,117,10,55,54,218.0,-54.0,63.0,38.0,135.0,14.0,-83.0,5581.0,88.0,-17.0,7.797780825770041,62.271874994345524,
3152,880.7234,178.98946343509616,13.646985216395166,180.52745703184436,28.0,0.7601,285.0,47.0,156.0,980.0,26.0,225.0,116.0,319.0,8.051399752132529,129,10,56,51,219.0,-53.0,63.0,39.0,136.0,14.0,-83.0,5590.0,89.0,-17.0,7.802258448983038,62.271874994345524,
3153,878.8986,179.36942926459838,13.72124477410423,179.10708065054092,28.0,0.7699,285.0,47.0,156.0,980.0,26.0,225.0,116.0,319.0,8.164999914436995,127,12,55,53,219.0,-53.0,63.0,39.0,136.0,14.0,-83.0,5590.0,89.0,-17.0,7.8067360721960375,62.271874994345524,
3154,880.99426,190.80967084108366,13.957993862488012,184.65592818691414,28.0,0.782,283.0,47.0,156.0,976.0,26.0,225.0,115.0,316.0,7.346355272589487,125,16,54,55,218.0,-53.0,63.0,39.0,135.0,14.0,-83.0,5557.0,88.0,-17.0,7.811213695409035,62.271874994345524,
3155,885.80865,188.30648040395033,18.092342064933614,185.987275435856,28.0,0.772,283.0,47.0,156.0,976.0,26.0,225.0,115.0,316.0,9.764202822858664,130,9,52,51,218.0,-53.0,63.0,39.0,135.0,14.0,-83.0,5557.0,88.0,-17.0,7.815691318621961,62.271874994345524,
3156,898.1365,190.35913336936696,19.87026576529649,186.76481158370868,28.0,0.7839,283.0,47.0,157.0,978.0,26.0,227.0,115.0,316.0,12.24365221275423,125,8,53,51,219.0,-54.0,63.0,38.0,135.0,13.0,-84.0,5613.0,88.0,-18.0,7.820168941834959,62.271874994345524,
3157,906.3573,186.37786516216207,17.25557799035381,184.24792003242976,28.0,0.77325,283.0,47.0,157.0,978.0,26.0,227.0,115.0,316.0,10.476970658483049,131,8,53,54,219.0,-54.0,63.0,38.0,135.0,13.0,-84.0,5613.0,88.0,-18.0,7.824646565047957,62.271874994345524,
3158,909.7329,184.72471999911494,12.805061083136325,181.9454151017425,28.0,0.77375,286.0,48.0,160.0,993.0,26.0,231.0,116.0,320.0,7.471470471973293,136,3,61,52,220.0,-56.0,63.0,36.0,134.0,11.0,-86.0,5612.0,87.0,-20.0,7.829124188260957,62.271874994345524,
3159,915.8107,210.53439592630266,10.469489253955405,190.11560606184202,28.0,0.78175,299.0,51.0,172.0,1044.0,25.0,246.0,121.0,333.0,6.96909509865957,130,2,54,51,218.0,-62.0,63.0,29.0,126.0,5.0,-92.0,5558.0,79.0,-25.0,7.8336018114739545,62.271874994345524,
3160,944.56964,231.35828282089784,17.312593747305172,214.68709464142347,28.0,0.80045,299.0,51.0,172.0,1044.0,25.0,246.0,121.0,333.0,13.803980025066815,126,5,54,53,218.0,-62.0,63.0,29.0,126.0,5.0,-92.0,5558.0,79.0,-25.0,7.838079434686954,62.271874994345524,
3161,1013.52527,242.07684333949032,27.678434861645236,243.8226939593156,28.0,0.7806,314.0,55.0,185.0,1102.0,24.0,262.0,126.0,347.0,24.584021093829644,121,4,54,54,218.0,-68.0,63.0,21.0,119.0,-2.0,-99.0,5538.0,72.0,-32.0,7.842557057899951,62.271874994345524,
3162,756.9603,102.44041244415783,11.727534132886579,141.2367190702239,28.0,0.8082,235.0,38.0,131.0,830.0,27.0,199.0,96.0,268.0,13.008643782147416,107,5,56,54,228.0,-50.0,66.0,48.0,147.0,20.0,-81.0,5823.0,98.0,-13.0,7.994796247141608,62.271874994345524,
3163,715.04803,76.2197737051635,0.9884979667774246,177.90561154230403,28.0,0.6528,234.0,37.0,130.0,825.0,27.0,199.0,96.0,267.0,1.0327304637488501,109,5,56,55,228.0,-51.0,66.0,48.0,147.0,20.0,-81.0,5843.0,98.0,-14.0,8.003751493567606,62.271874994345524,
3164,712.33746,89.62059776887274,0.7887589759552546,178.43708533777874,28.0,0.5949,234.0,37.0,130.0,825.0,27.0,199.0,96.0,267.0,0.8138694211660413,118,5,57,55,228.0,-51.0,66.0,48.0,147.0,20.0,-81.0,5843.0,98.0,-14.0,8.008229116780603,62.271874994345524,
3165,719.3046,188.0915749896225,8.486886980582454,184.78293217009946,29.0,0.6902,230.0,37.0,130.0,816.0,26.0,199.0,94.0,262.0,6.582095628527116,130,6,53,57,231.0,-51.0,67.0,48.0,148.0,20.0,-83.0,5897.0,99.0,-14.0,8.035094856058523,62.271874994345524,
3166,713.6668,75.42003013805902,6.644804542042608,171.89601969936635,29.0,0.747,230.0,37.0,130.0,816.0,26.0,199.0,94.0,262.0,5.255474566458628,127,5,55,58,231.0,-51.0,67.0,48.0,148.0,20.0,-83.0,5897.0,99.0,-14.0,8.03957247927152,62.271874994345524,
3167,703.3702,117.31883561001229,5.746329443779233,172.70652778678723,29.0,0.71285,227.0,37.0,130.0,813.0,26.0,199.0,93.0,261.0,3.5801503870646703,126,4,55,57,231.0,-52.0,67.0,48.0,148.0,20.0,-83.0,5914.0,99.0,-14.0,8.044050102484519,62.271874994345524,
3168,695.7585,139.57545827959555,9.236840102414263,177.99019465954896,29.0,0.71285,227.0,37.0,130.0,813.0,26.0,199.0,93.0,261.0,3.4428841707449784,121,4,56,56,231.0,-52.0,67.0,48.0,148.0,20.0,-83.0,5914.0,99.0,-14.0,8.048527725697445,62.271874994345524,
3169,696.9236,176.00934601011994,12.368085813239292,182.90269840067455,28.0,0.7736,227.0,37.0,131.0,814.0,26.0,200.0,93.0,261.0,7.611713373357592,119,5,56,54,232.0,-52.0,67.0,47.0,148.0,19.0,-84.0,5905.0,98.0,-14.0,8.053005348910443,62.271874994345524,
3170,706.2597,188.5753988899708,19.071498808014262,194.23679219707134,28.0,0.7883,227.0,37.0,131.0,814.0,26.0,200.0,93.0,261.0,12.626254991526315,117,5,56,57,232.0,-52.0,67.0,47.0,148.0,19.0,-84.0,5905.0,98.0,-14.0,8.057482972123442,62.271874994345524,
3171,722.4821,192.6396611764649,24.05437893929474,190.08748168823735,28.0,0.7944,225.0,36.0,129.0,807.0,26.0,199.0,92.0,258.0,13.929987482476893,112,4,53,56,232.0,-52.0,66.0,48.0,148.0,20.0,-84.0,5934.0,99.0,-14.0,8.06196059533644,62.271874994345524,
3172,991.0092,104.94759510017045,7.934457951537958,161.9826434322996,28.0,0.7402,213.0,40.0,144.0,853.0,23.0,243.0,89.0,264.0,8.824212903580797,117,4,53,55,253.0,-78.0,72.0,-10.0,141.0,1.0,-112.0,6461.0,87.0,78.0,8.657484482664143,62.271874994345524,
3173,969.43866,56.72652726599967,7.206832586430458,165.71009067820225,28.0,0.7347,210.0,40.0,142.0,843.0,23.0,241.0,88.0,262.0,6.002777702375267,117,3,53,57,255.0,-77.0,72.0,-8.0,144.0,3.0,-111.0,6510.0,89.0,80.0,8.66196210587714,62.271874994345524,
3174,951.2888,49.832876727945184,5.549088450145971,169.18040835991658,28.0,0.6975,210.0,40.0,142.0,843.0,23.0,241.0,88.0,262.0,4.653846426647357,118,3,56,59,255.0,-77.0,72.0,-8.0,144.0,3.0,-111.0,6510.0,89.0,80.0,8.666439729090138,62.271874994345524,
3175,939.31665,57.46734895343725,4.699534836376657,172.15830085377087,28.0,0.68785,208.0,39.0,140.0,837.0,24.0,240.0,88.0,261.0,3.699339687104272,136,3,53,56,257.0,-76.0,72.0,-7.0,146.0,4.0,-111.0,6548.0,91.0,82.0,8.670917352303066,62.271874994345524,
3176,928.88617,66.68517090603056,4.9994150264264645,169.90636338617944,28.0,0.70315,206.0,39.0,139.0,829.0,24.0,237.0,87.0,258.0,4.2592611513752425,131,3,55,55,257.0,-75.0,73.0,-6.0,147.0,5.0,-110.0,6563.0,92.0,83.0,8.675394975516063,62.271874994345524,
3177,913.0616,88.1165273021075,5.6915212149128775,171.03320637105162,28.0,0.72275,206.0,39.0,139.0,829.0,24.0,237.0,87.0,258.0,4.555185508965129,123,6,54,56,257.0,-75.0,73.0,-6.0,147.0,5.0,-110.0,6563.0,92.0,83.0,8.679872598729064,62.271874994345524,
3178,901.1694,65.44566749296217,5.181306497187925,169.3938995617097,28.0,0.7303,205.0,39.0,139.0,827.0,24.0,237.0,87.0,258.0,4.146345511554209,123,7,56,56,257.0,-74.0,73.0,-5.0,148.0,6.0,-109.0,6562.0,93.0,84.0,8.684350221942061,62.271874994345524,
3179,885.3767,58.81514556392782,6.2850125764765,166.90894628381477,28.0,0.7345,205.0,39.0,139.0,827.0,24.0,237.0,87.0,258.0,5.512902100444521,116,8,53,56,257.0,-74.0,73.0,-5.0,148.0,6.0,-109.0,6562.0,93.0,84.0,8.68882784515506,62.271874994345524,
3180,103.87236,284.75141084473967,72.10947076744503,250.8814592462315,29.0,0.8165,407.0,60.0,199.0,1312.0,30.0,254.0,167.0,449.0,51.138774421037645,90,27,50,56,192.0,-30.0,56.0,50.0,136.0,30.0,-56.0,5005.0,96.0,3.0,7.242054582853313,62.269791661012384,
3181,688.9643,253.14466705788865,77.29880869455177,217.4319165276552,29.0,0.8307,408.0,61.0,202.0,1319.0,30.0,258.0,167.0,449.0,37.51321919402332,88,32,50,57,193.0,-33.0,56.0,46.0,134.0,27.0,-59.0,4995.0,93.0,0.0,7.2510092098487,62.269791661012384,
3182,696.2136,119.52000851129871,57.28300295415794,166.2113564414871,29.0,0.8511,408.0,61.0,202.0,1319.0,30.0,258.0,167.0,449.0,33.478557804774944,97,18,49,58,193.0,-33.0,56.0,46.0,134.0,27.0,-59.0,4995.0,93.0,0.0,7.255486523346394,62.269791661012384,
3183,688.4136,207.21237839020978,29.05390381137194,190.33882219999876,28.0,0.8313,406.0,61.0,201.0,1312.0,29.0,257.0,166.0,446.0,18.79869471663204,105,15,44,59,194.0,-32.0,56.0,46.0,135.0,27.0,-59.0,4982.0,93.0,1.0,7.259963836844086,62.269791661012384,
3184,717.59674,300.0184177814072,20.617704616351556,201.2058709838367,28.0,0.8239,406.0,61.0,201.0,1312.0,29.0,257.0,166.0,446.0,14.870488845827058,103,10,45,57,194.0,-32.0,56.0,46.0,135.0,27.0,-59.0,4982.0,93.0,1.0,7.2644411503417805,62.269791661012384,
3185,753.0904,305.88288878297465,25.73534943514733,233.24564728488483,28.0,0.8284,411.0,62.0,206.0,1335.0,29.0,266.0,168.0,452.0,22.56512689436464,104,11,49,57,195.0,-38.0,56.0,41.0,130.0,22.0,-65.0,5031.0,89.0,-5.0,7.273395777337094,62.269791661012384,
3186,789.0168,39.112027696996385,36.741131033832616,131.7939685115572,28.0,0.7748,407.0,62.0,206.0,1326.0,29.0,265.0,166.0,448.0,24.401736539378902,104,10,55,58,194.0,-38.0,56.0,41.0,129.0,21.0,-65.0,5009.0,88.0,-6.0,7.286827717830174,62.269791661012384,
3187,763.1889,181.82613346473377,30.399129735891805,194.7348842229588,28.0,0.80155,407.0,62.0,206.0,1326.0,29.0,265.0,166.0,448.0,18.4168659599485,116,13,50,57,194.0,-38.0,56.0,41.0,129.0,21.0,-65.0,5009.0,88.0,-6.0,7.291305031327868,62.269791661012384,
3188,837.7788,299.06970105248087,36.928652397518576,249.6597885371543,28.0,0.7924,414.0,65.0,213.0,1356.0,28.0,276.0,168.0,453.0,31.316934212235537,117,6,51,58,194.0,-44.0,56.0,35.0,123.0,15.0,-71.0,5004.0,82.0,-12.0,7.295782344825561,62.269791661012384,
3189,663.72736,34.06573189841552,84.80653860133745,115.20193663570706,29.0,0.77795,350.0,50.0,165.0,1129.0,32.0,213.0,145.0,394.0,41.78505274890264,122,14,54,54,196.0,-14.0,57.0,69.0,157.0,48.0,-39.0,5127.0,116.0,20.0,7.327123539309342,62.269791661012384,
3190,554.1575,36.634801301519666,67.47143144313793,114.28043088542965,29.0,0.8444,350.0,50.0,165.0,1129.0,32.0,213.0,145.0,394.0,38.19796795324401,117,14,51,57,196.0,-14.0,57.0,69.0,157.0,48.0,-39.0,5127.0,116.0,20.0,7.331600852807035,62.269791661012384,
3191,421.22464,46.90072483243776,70.00340092407542,92.80016275981353,28.0,0.8491,322.0,46.0,152.0,1056.0,32.0,199.0,134.0,372.0,42.0919052978581,138,9,54,54,195.0,-5.0,56.0,79.0,165.0,57.0,-30.0,5106.0,124.0,29.0,7.33607816630473,62.269791661012384,
3192,294.37985,33.14095753392324,66.71817241960206,121.91360016553588,28.0,0.8674,322.0,46.0,152.0,1056.0,32.0,199.0,134.0,372.0,37.23309004290825,123,1,54,58,195.0,-5.0,56.0,79.0,165.0,57.0,-30.0,5106.0,124.0,29.0,7.340555479802422,62.269791661012384,
3193,213.82275,42.04338692402139,70.59171406804785,142.43985196322726,29.0,0.91035,308.0,44.0,146.0,1023.0,33.0,193.0,129.0,363.0,35.43877271980589,89,4,53,61,196.0,0.0,57.0,84.0,170.0,62.0,-26.0,5125.0,130.0,34.0,7.345032793300116,62.269791661012384,
3194,174.32675,46.85126705286027,88.25152946645332,153.3327591365695,29.0,0.877,308.0,44.0,146.0,1023.0,33.0,193.0,129.0,363.0,41.143864846386464,87,10,54,66,196.0,0.0,57.0,84.0,170.0,62.0,-26.0,5125.0,130.0,34.0,7.349510106797737,62.269791661012384,
3195,145.88199,210.54918147386746,101.31906380035278,181.16400888884752,28.0,0.8435,300.0,44.0,143.0,1003.0,33.0,189.0,126.0,357.0,48.75472745585099,92,9,52,65,197.0,3.0,57.0,89.0,174.0,66.0,-23.0,5162.0,134.0,37.0,7.35398742029543,62.269791661012384,
3196,133.69266,93.44458531457553,78.36232784427234,155.5347376111652,28.0,0.8075,299.0,43.0,142.0,1000.0,33.0,189.0,125.0,355.0,42.57977333825592,90,25,59,66,197.0,3.0,57.0,89.0,174.0,66.0,-23.0,5162.0,134.0,37.0,7.358464733793124,62.269791661012384,
3197,890.2518,212.3084141895682,11.924417826386891,194.17923458755033,28.0,0.7649,286.0,48.0,160.0,993.0,26.0,231.0,116.0,320.0,8.337744851023745,132,6,57,52,220.0,-56.0,63.0,36.0,134.0,11.0,-86.0,5612.0,87.0,-20.0,7.833059964547751,62.269791661012384,
3198,912.1223,225.41345987610643,12.50037268861289,199.79046484013296,28.0,0.7746,299.0,51.0,172.0,1044.0,25.0,246.0,121.0,333.0,8.625996964918013,124,6,53,54,218.0,-62.0,63.0,29.0,126.0,5.0,-92.0,5558.0,79.0,-25.0,7.8375372780454455,62.269791661012384,
3199,955.3517,231.98301218147125,24.462109833543238,225.9607984931869,28.0,0.8067,314.0,55.0,185.0,1102.0,24.0,262.0,126.0,347.0,18.82516183505073,124,7,54,55,218.0,-68.0,63.0,21.0,119.0,-2.0,-99.0,5538.0,72.0,-32.0,7.842014591543139,62.269791661012384,
3200,824.271,95.80153574862817,22.57028317964098,106.54511863863691,28.0,0.7935,238.0,38.0,133.0,841.0,26.0,202.0,97.0,271.0,24.71273787594084,107,6,52,55,228.0,-52.0,66.0,47.0,146.0,19.0,-82.0,5831.0,97.0,-14.0,7.98976593696673,62.269791661012384,
3201,749.8729,104.38212649313805,11.424313844414046,142.97126937688702,28.0,0.7994,235.0,38.0,131.0,830.0,27.0,199.0,96.0,268.0,12.37290110321767,104,6,53,53,228.0,-50.0,66.0,48.0,147.0,20.0,-81.0,5823.0,98.0,-13.0,7.9942432504644225,62.269791661012384,
3202,721.674,101.62406110771842,3.1731102124487616,171.3542443122026,28.0,0.74,235.0,38.0,131.0,830.0,27.0,199.0,96.0,268.0,3.1245346831414333,102,6,52,55,228.0,-50.0,66.0,48.0,147.0,20.0,-81.0,5823.0,98.0,-13.0,7.998720563962115,62.269791661012384,
3203,717.8245,39.179847172671536,1.3804272318805464,178.7534318630293,28.0,0.6558,234.0,37.0,130.0,825.0,27.0,199.0,96.0,267.0,0.8817949688634066,111,8,55,55,228.0,-51.0,66.0,48.0,147.0,20.0,-81.0,5843.0,98.0,-14.0,8.003197877459812,62.269791661012384,
3204,715.3191,30.01605225565802,1.7832097111909482,178.36268486197955,28.0,0.58675,234.0,37.0,130.0,825.0,27.0,199.0,96.0,267.0,1.0,117,6,61,56,228.0,-51.0,66.0,48.0,147.0,20.0,-81.0,5843.0,98.0,-14.0,8.007675190957503,62.269791661012384,
3205,712.5519,62.98096580155448,0.7179037163654318,179.99940697033497,28.0,0.6117,231.0,37.0,130.0,821.0,27.0,199.0,95.0,265.0,0.13235066446074964,123,7,56,56,230.0,-51.0,66.0,48.0,148.0,20.0,-82.0,5894.0,99.0,-14.0,8.021107131450512,62.269791661012384,
3206,722.57855,296.65192317928165,12.048724695350158,198.4536600162804,28.0,0.70195,230.0,37.0,131.0,821.0,26.0,200.0,94.0,264.0,8.66358754511809,112,8,57,57,230.0,-52.0,66.0,48.0,147.0,20.0,-83.0,5896.0,98.0,-15.0,8.030061758445896,62.269791661012384,
3207,742.23126,97.0683149815758,11.198579792198476,181.6696201745016,29.0,0.7757,230.0,37.0,130.0,816.0,26.0,199.0,94.0,262.0,6.975558333731739,112,4,56,57,231.0,-51.0,67.0,48.0,148.0,20.0,-83.0,5897.0,99.0,-14.0,8.034539071943591,62.269791661012384,
3208,732.5124,37.44889110223709,8.74447586275294,170.9500568678041,29.0,0.7851,230.0,37.0,130.0,816.0,26.0,199.0,94.0,262.0,5.023719471929028,131,5,57,58,231.0,-51.0,67.0,48.0,148.0,20.0,-83.0,5897.0,99.0,-14.0,8.039016385441286,62.269791661012384,
3209,720.5784,52.04222095590452,10.629630037327301,171.05790002631252,29.0,0.7564,227.0,37.0,130.0,813.0,26.0,199.0,93.0,261.0,7.742068144026691,128,6,56,58,231.0,-52.0,67.0,48.0,148.0,20.0,-83.0,5914.0,99.0,-14.0,8.043493698938978,62.269791661012384,
3210,713.52966,180.95540636988434,12.560739614138248,180.31224835693698,29.0,0.7577,227.0,37.0,130.0,813.0,26.0,199.0,93.0,261.0,9.645169804050843,127,7,55,58,231.0,-52.0,67.0,48.0,148.0,20.0,-83.0,5914.0,99.0,-14.0,8.0479710124366,62.269791661012384,
3211,710.4704,84.6705001791623,12.28695093156389,175.13702498211586,28.0,0.763,227.0,37.0,131.0,814.0,26.0,200.0,93.0,261.0,8.377903070382914,119,8,53,56,232.0,-52.0,67.0,47.0,148.0,19.0,-84.0,5905.0,98.0,-14.0,8.052448325934291,62.269791661012384,
3212,700.3894,48.93083094503518,13.666126291192233,171.3304051668232,28.0,0.7699,227.0,37.0,131.0,814.0,26.0,200.0,93.0,261.0,8.968233686464949,119,6,54,57,232.0,-52.0,67.0,47.0,148.0,19.0,-84.0,5905.0,98.0,-14.0,8.056925639431984,62.269791661012384,
3213,1024.4202,157.1065743403232,7.368262306808784,170.70171334548678,28.0,0.70885,213.0,40.0,144.0,853.0,23.0,243.0,89.0,264.0,6.723631242687723,125,5,54,55,253.0,-78.0,72.0,-10.0,141.0,1.0,-112.0,6461.0,87.0,78.0,8.652408334624118,62.269791661012384,
3214,1008.94525,53.95482886519451,7.703813771540213,163.65941255899867,28.0,0.71915,213.0,40.0,144.0,853.0,23.0,243.0,89.0,264.0,6.651021063439377,122,5,53,57,253.0,-78.0,72.0,-10.0,141.0,1.0,-112.0,6461.0,87.0,78.0,8.65688564812181,62.269791661012384,
3215,989.0274,49.921609977377095,8.287614957524069,164.9660981370536,28.0,0.7461,210.0,40.0,142.0,843.0,23.0,241.0,88.0,262.0,6.455770084525641,126,4,56,56,255.0,-77.0,72.0,-8.0,144.0,3.0,-111.0,6510.0,89.0,80.0,8.661362961619504,62.269791661012384,
3216,952.05225,50.332733945109524,6.588087148183092,171.0218354469354,28.0,0.69865,208.0,39.0,140.0,837.0,24.0,240.0,88.0,261.0,4.9882400327020395,127,5,55,57,257.0,-76.0,72.0,-7.0,146.0,4.0,-111.0,6548.0,91.0,82.0,8.670317588614818,62.269791661012384,
3217,940.69147,62.552344418690964,7.25599833577332,170.2788157770133,28.0,0.7062,208.0,39.0,140.0,837.0,24.0,240.0,88.0,261.0,5.211061739486468,125,4,57,56,257.0,-76.0,72.0,-7.0,146.0,4.0,-111.0,6548.0,91.0,82.0,8.674794902112511,62.269791661012384,
3218,930.9728,102.9751685495138,8.005246967253628,174.02596181180607,28.0,0.7082,206.0,39.0,139.0,829.0,24.0,237.0,87.0,258.0,5.345542110193196,124,7,57,57,257.0,-75.0,73.0,-6.0,147.0,5.0,-110.0,6563.0,92.0,83.0,8.679272215610206,62.269791661012384,
3219,915.0513,71.16580612117616,8.091690057151531,166.74019473527304,28.0,0.7202,205.0,39.0,139.0,827.0,24.0,237.0,87.0,258.0,6.911748664563405,125,5,57,56,257.0,-74.0,73.0,-5.0,148.0,6.0,-109.0,6562.0,93.0,84.0,8.6837495291079,62.269791661012384,
3220,903.51697,72.26501387282929,7.602434960533875,169.94301721846716,28.0,0.731,205.0,39.0,139.0,827.0,24.0,237.0,87.0,258.0,5.60399091436796,125,6,56,56,257.0,-74.0,73.0,-5.0,148.0,6.0,-109.0,6562.0,93.0,84.0,8.68822684260559,62.269791661012384,
3221,891.5389,69.10454093651484,6.813265106323203,174.6818169094528,28.0,0.7059,203.0,38.0,137.0,823.0,24.0,237.0,87.0,258.0,4.724173763041272,119,6,54,56,258.0,-74.0,73.0,-4.0,149.0,7.0,-109.0,6589.0,94.0,85.0,8.692704156103284,62.269791661012384,
3222,754.7966,159.25905721159103,29.702166595408162,177.0940853601494,28.0,0.8203,406.0,61.0,201.0,1312.0,29.0,257.0,166.0,446.0,16.73721558139009,98,9,52,58,194.0,-32.0,56.0,46.0,135.0,27.0,-59.0,4982.0,93.0,1.0,7.259461712543758,62.26770832767923,
3223,769.39825,279.194528428881,24.3764871087843,192.53870029317986,28.0,0.8207,406.0,61.0,201.0,1312.0,29.0,257.0,166.0,446.0,13.604877321274897,107,8,52,57,194.0,-32.0,56.0,46.0,135.0,27.0,-59.0,4982.0,93.0,1.0,7.263938716374907,62.26770832767923,
3224,765.22375,70.48299113059127,24.08829822897581,166.0758972940219,28.0,0.8415,411.0,62.0,206.0,1335.0,29.0,266.0,168.0,452.0,14.482047235358712,104,11,53,58,195.0,-38.0,56.0,41.0,130.0,22.0,-65.0,5031.0,89.0,-5.0,7.268415720205985,62.26770832767923,
3225,796.4922,304.09828458017427,38.75618908554067,239.977315854586,28.0,0.8136,411.0,62.0,206.0,1335.0,29.0,266.0,168.0,452.0,27.097947292292638,98,12,51,55,195.0,-38.0,56.0,41.0,130.0,22.0,-65.0,5031.0,89.0,-5.0,7.272892724037136,62.26770832767923,
3226,891.2789,315.2848575864364,38.946003626385945,233.99912525483356,28.0,0.6762,404.0,61.0,202.0,1312.0,29.0,259.0,165.0,445.0,28.02980154559862,99,6,53,53,194.0,-36.0,56.0,44.0,132.0,24.0,-62.0,5042.0,92.0,-2.0,7.277369727868286,62.26770832767923,
3227,483.7826,25.849979891405773,85.47907061002098,126.6969450370389,28.0,0.7953,322.0,46.0,152.0,1056.0,32.0,199.0,134.0,372.0,43.19733455862088,124,7,59,59,195.0,-5.0,56.0,79.0,165.0,57.0,-30.0,5106.0,124.0,29.0,7.340047781504311,62.26770832767923,
3228,424.908,89.42481133781648,87.46135231607526,163.13986529859653,29.0,0.877,308.0,44.0,146.0,1023.0,33.0,193.0,129.0,363.0,43.5166496509818,134,8,52,57,196.0,0.0,57.0,84.0,170.0,62.0,-26.0,5125.0,130.0,34.0,7.3445247853354605,62.26770832767923,
3229,397.42175,65.13108890144434,74.99041770582458,157.24592215829418,29.0,0.86945,308.0,44.0,146.0,1023.0,33.0,193.0,129.0,363.0,35.883998403127094,137,5,55,59,196.0,0.0,57.0,84.0,170.0,62.0,-26.0,5125.0,130.0,34.0,7.349001789166538,62.26770832767923,
3230,362.235,71.76775418290248,58.05789780912211,147.7239695081928,28.0,0.87805,300.0,44.0,143.0,1003.0,33.0,189.0,126.0,357.0,28.412251085849082,134,6,59,61,197.0,3.0,57.0,89.0,174.0,66.0,-23.0,5162.0,134.0,37.0,7.353478792997688,62.26770832767923,
3231,276.6837,59.480405510820596,40.641745497496046,108.76268196856795,28.0,0.8611,300.0,44.0,143.0,1003.0,33.0,189.0,126.0,357.0,28.222941055990827,101,2,52,62,197.0,3.0,57.0,89.0,174.0,66.0,-23.0,5162.0,134.0,37.0,7.357955796828837,62.26770832767923,
3232,176.82806,80.16136062250631,36.60668869053771,100.8588594667344,28.0,0.8304,299.0,43.0,142.0,1000.0,33.0,189.0,125.0,355.0,27.89988497497941,122,17,56,62,197.0,3.0,57.0,89.0,174.0,66.0,-23.0,5162.0,134.0,37.0,7.362432800659987,62.26770832767923,
3233,736.7649,302.42712386271916,27.424978706148604,231.19952721484813,28.0,0.7806,341.0,54.0,176.0,1131.0,28.0,239.0,139.0,377.0,21.333378522984066,136,9,52,55,207.0,-44.0,60.0,42.0,135.0,20.0,-72.0,5307.0,90.0,-10.0,7.537035950074543,62.26770832767923,
3234,863.32,90.83904968056841,11.796300251732806,178.67105061892246,28.0,0.7194,289.0,48.0,158.0,993.0,26.0,227.0,118.0,323.0,5.564544620972803,142,7,55,54,218.0,-53.0,63.0,38.0,135.0,14.0,-83.0,5574.0,88.0,-17.0,7.787748164618427,62.26770832767923,
3235,884.4468,215.25315731494865,12.584965780583664,196.2677566282489,28.0,0.7684,299.0,51.0,172.0,1044.0,25.0,246.0,121.0,333.0,8.97753630356329,136,7,55,54,218.0,-62.0,63.0,29.0,126.0,5.0,-92.0,5558.0,79.0,-25.0,7.836995206761004,62.26770832767923,
3236,907.0703,215.76874608521206,17.084805256460516,199.91260321369055,28.0,0.7982,299.0,51.0,172.0,1044.0,25.0,246.0,121.0,333.0,10.996327020945884,129,8,53,55,218.0,-62.0,63.0,29.0,126.0,5.0,-92.0,5558.0,79.0,-25.0,7.841472210592153,62.26770832767923,
3237,938.02924,210.98453445377956,28.320026140083527,207.30048305191207,28.0,0.8107,314.0,55.0,185.0,1102.0,24.0,262.0,126.0,347.0,17.17816647187635,123,14,53,57,218.0,-68.0,63.0,21.0,119.0,-2.0,-99.0,5538.0,72.0,-32.0,7.845949214423301,62.26770832767923,
3238,981.3407,215.06530045018957,33.34309395368384,216.45488121375072,29.0,0.8042,326.0,59.0,197.0,1151.0,23.0,276.0,130.0,359.0,20.59634029901146,122,15,52,55,216.0,-73.0,63.0,15.0,113.0,-8.0,-103.0,5508.0,66.0,-38.0,7.850426218254452,62.26770832767923,
3239,1041.1707,224.47907331665454,34.80887917670428,231.15548951010337,29.0,0.7955,326.0,59.0,197.0,1151.0,23.0,276.0,130.0,359.0,23.81238637088295,128,6,53,53,216.0,-73.0,63.0,15.0,113.0,-8.0,-103.0,5508.0,66.0,-38.0,7.85490322208553,62.26770832767923,
3240,830.45306,90.16918294229563,21.85285282959323,106.77948037087292,28.0,0.8071,238.0,38.0,133.0,841.0,26.0,202.0,97.0,271.0,24.37983617307715,107,3,55,54,228.0,-52.0,66.0,47.0,146.0,19.0,-82.0,5831.0,97.0,-14.0,7.989213337019808,62.26770832767923,
3241,749.3784,93.00021848135799,11.875713779957607,139.07411244815836,28.0,0.8007,235.0,38.0,131.0,830.0,27.0,199.0,96.0,268.0,13.559311269773769,102,5,53,56,228.0,-50.0,66.0,48.0,147.0,20.0,-81.0,5823.0,98.0,-13.0,7.993690340850959,62.26770832767923,
3242,721.53204,103.64671148621957,2.012633375820863,174.05877041832616,28.0,0.7721,235.0,38.0,131.0,830.0,27.0,199.0,96.0,268.0,2.0473864108455,108,6,53,56,228.0,-50.0,66.0,48.0,147.0,20.0,-81.0,5823.0,98.0,-13.0,7.998167344682107,62.26770832767923,
3243,719.87823,88.83964895001242,0.38968255090925696,179.9064934258345,28.0,0.7035,234.0,37.0,130.0,825.0,27.0,199.0,96.0,267.0,0.0965667466964824,113,8,55,55,228.0,-51.0,66.0,48.0,147.0,20.0,-81.0,5843.0,98.0,-14.0,8.002644348513257,62.26770832767923,
3244,719.24835,50.06849438093606,1.0625979940682002,179.69863861119106,28.0,0.6119,234.0,37.0,130.0,825.0,27.0,199.0,96.0,267.0,0.5718651529491207,123,5,58,57,228.0,-51.0,66.0,48.0,147.0,20.0,-81.0,5843.0,98.0,-14.0,8.00712135234441,62.26770832767923,
3245,717.40625,72.28889306874838,1.3611725428990986,177.32283403615344,28.0,0.5722,232.0,37.0,130.0,822.0,27.0,199.0,95.0,265.0,1.1064485562243955,116,4,58,56,229.0,-51.0,66.0,48.0,147.0,20.0,-82.0,5859.0,98.0,-14.0,8.011598356175487,62.26770832767923,
3246,715.1653,239.17847682187892,2.3838279042893933,181.49499032831298,28.0,0.6504,232.0,37.0,130.0,822.0,27.0,199.0,95.0,265.0,1.2168334717601073,127,6,56,57,229.0,-51.0,66.0,48.0,147.0,20.0,-82.0,5859.0,98.0,-14.0,8.016075360006635,62.26770832767923,
3247,719.21075,239.1243417738251,9.689623953400186,185.43034453619293,28.0,0.7118,231.0,37.0,130.0,821.0,27.0,199.0,95.0,265.0,5.162611838365507,117,7,57,56,230.0,-51.0,66.0,48.0,148.0,20.0,-82.0,5894.0,99.0,-14.0,8.020552363837785,62.26770832767923,
3248,731.42816,325.33681244198846,20.0716807918676,196.91273417618683,28.0,0.7744,230.0,37.0,131.0,821.0,26.0,200.0,94.0,264.0,11.811023559693657,107,6,56,56,230.0,-52.0,66.0,48.0,147.0,20.0,-83.0,5896.0,98.0,-15.0,8.025029367668935,62.26770832767923,
3249,761.7678,319.76096949240673,27.853599798816077,205.7294238888219,28.0,0.79745,230.0,37.0,131.0,821.0,26.0,200.0,94.0,264.0,17.500482645891918,106,7,57,55,230.0,-52.0,66.0,48.0,147.0,20.0,-83.0,5896.0,98.0,-15.0,8.029506371500084,62.26770832767923,
3250,773.53,74.14482298123254,19.59867518025268,172.96531160587188,29.0,0.8038,230.0,37.0,130.0,816.0,26.0,199.0,94.0,262.0,11.150258764214826,113,4,58,56,231.0,-51.0,67.0,48.0,148.0,20.0,-83.0,5897.0,99.0,-14.0,8.033983375331236,62.26770832767923,
3251,759.4408,27.497676759902074,16.602197081246814,170.87455259614808,29.0,0.8064,230.0,37.0,130.0,816.0,26.0,199.0,94.0,262.0,9.347378664952787,123,8,56,56,231.0,-51.0,67.0,48.0,148.0,20.0,-83.0,5897.0,99.0,-14.0,8.038460379162384,62.26770832767923,
3252,748.62213,34.50444702569314,15.584271085585206,174.44347161798936,29.0,0.8078,227.0,37.0,130.0,813.0,26.0,199.0,93.0,261.0,9.25094923298481,114,7,56,57,231.0,-52.0,67.0,48.0,148.0,20.0,-83.0,5914.0,99.0,-14.0,8.042937382993534,62.26770832767923,
3253,740.8029,84.08164303219422,13.349523423796922,176.85831204007079,29.0,0.7907,227.0,37.0,130.0,813.0,26.0,199.0,93.0,261.0,7.502463493071036,124,7,55,56,231.0,-52.0,67.0,48.0,148.0,20.0,-83.0,5914.0,99.0,-14.0,8.047414386824613,62.26770832767923,
3254,740.17365,219.5851876481269,12.939378834240104,182.33524451698867,28.0,0.8003,227.0,37.0,131.0,814.0,26.0,200.0,93.0,261.0,7.2376841180145135,123,7,54,55,232.0,-52.0,67.0,47.0,148.0,19.0,-84.0,5905.0,98.0,-14.0,8.051891390655761,62.26770832767923,
3255,742.94336,183.04060932682347,19.517997228307774,182.17089532629643,28.0,0.8018,227.0,37.0,131.0,814.0,26.0,200.0,93.0,261.0,11.668684413114061,109,7,54,56,232.0,-52.0,67.0,47.0,148.0,19.0,-84.0,5905.0,98.0,-14.0,8.05636839448691,62.26770832767923,
3256,735.1834,114.16070395690885,21.563923252851534,174.82943181027628,28.0,0.7947,225.0,36.0,129.0,807.0,26.0,199.0,92.0,258.0,12.889113556918797,109,5,54,56,232.0,-52.0,66.0,48.0,148.0,20.0,-84.0,5934.0,99.0,-14.0,8.060845398318063,62.26770832767923,
3257,1039.6853,94.660131365563,7.22491432597652,176.4277643104057,28.0,0.6316,213.0,40.0,144.0,853.0,23.0,243.0,89.0,264.0,5.427691486048968,129,7,53,56,253.0,-78.0,72.0,-10.0,141.0,1.0,-112.0,6461.0,87.0,78.0,8.651809904028756,62.26770832767923,
3258,1024.9968,51.41867759613899,7.468526879024245,165.5707771413995,28.0,0.6573,213.0,40.0,144.0,853.0,23.0,243.0,89.0,264.0,6.21771626869611,125,7,53,57,253.0,-78.0,72.0,-10.0,141.0,1.0,-112.0,6461.0,87.0,78.0,8.656286907859906,62.26770832767923,
3259,1007.07495,47.16339962426238,7.8830677370903475,166.34674584808164,28.0,0.6831,210.0,40.0,142.0,843.0,23.0,241.0,88.0,262.0,6.146027170846066,121,1,56,58,255.0,-77.0,72.0,-8.0,144.0,3.0,-111.0,6510.0,89.0,80.0,8.660763911691056,62.26770832767923,
3260,987.2971,56.3638453080912,8.14058823390453,162.47190507710167,28.0,0.7062,210.0,40.0,142.0,843.0,23.0,241.0,88.0,262.0,6.939213134985268,120,4,56,58,255.0,-77.0,72.0,-8.0,144.0,3.0,-111.0,6510.0,89.0,80.0,8.665240915522205,62.26770832767923,
3261,968.7104,43.69862003391372,7.96176175603103,170.84523750518355,28.0,0.7138,208.0,39.0,140.0,837.0,24.0,240.0,88.0,261.0,5.2642633338917735,123,4,54,57,257.0,-76.0,72.0,-7.0,146.0,4.0,-111.0,6548.0,91.0,82.0,8.669717919353282,62.26770832767923,
3262,961.6225,123.11603571335998,9.187578290185197,173.68492682357964,28.0,0.7214,208.0,39.0,140.0,837.0,24.0,240.0,88.0,261.0,5.959159159753617,123,3,55,57,257.0,-76.0,72.0,-7.0,146.0,4.0,-111.0,6548.0,91.0,82.0,8.674194923184434,62.26770832767923,
3263,947.9355,76.93614391648106,7.979034323242806,171.21108222343972,28.0,0.701,206.0,39.0,139.0,829.0,24.0,237.0,87.0,258.0,4.976233594522625,138,1,56,60,257.0,-75.0,73.0,-6.0,147.0,5.0,-110.0,6563.0,92.0,83.0,8.678671927015584,62.26770832767923,
3264,934.5146,49.944627973427906,8.127248577938516,169.63639284620692,28.0,0.6915,206.0,39.0,139.0,829.0,24.0,237.0,87.0,258.0,5.393035060287554,126,4,57,58,257.0,-75.0,73.0,-6.0,147.0,5.0,-110.0,6563.0,92.0,83.0,8.683148930846734,62.26770832767923,
3265,920.491,44.53389583005028,7.3028584704891415,168.2769423282055,28.0,0.7032,205.0,39.0,139.0,827.0,24.0,237.0,87.0,258.0,5.59207505529166,118,6,56,57,257.0,-74.0,73.0,-5.0,148.0,6.0,-109.0,6562.0,93.0,84.0,8.687625934677882,62.26770832767923,
3266,906.8161,44.18449546145871,6.581007509433046,171.0680068873645,28.0,0.6916,203.0,38.0,137.0,823.0,24.0,237.0,87.0,258.0,4.45594037934522,123,7,55,55,258.0,-74.0,73.0,-4.0,149.0,7.0,-109.0,6589.0,94.0,85.0,8.692102938509032,62.26770832767923,
3267,898.9583,67.51151540779357,5.086507276006616,175.6691244023293,28.0,0.6744,203.0,38.0,137.0,823.0,24.0,237.0,87.0,258.0,3.5488787395639285,118,7,54,54,258.0,-74.0,73.0,-4.0,149.0,7.0,-109.0,6589.0,94.0,85.0,8.696579942340183,62.26770832767923,
3268,600.35486,36.68241122221889,67.8969110780285,145.0570654013167,28.0,0.8534,370.0,54.0,179.0,1194.0,30.0,232.0,152.0,410.0,36.32044567363707,137,4,55,59,197.0,-27.0,57.0,56.0,144.0,35.0,-53.0,5112.0,103.0,7.0,7.344016857346163,62.26562499434608,
3269,522.5302,40.63827992226164,51.69155222579802,119.17895224079562,28.0,0.8769,370.0,54.0,179.0,1194.0,30.0,232.0,152.0,410.0,31.685579338476696,119,5,58,58,197.0,-27.0,57.0,56.0,144.0,35.0,-53.0,5112.0,103.0,7.0,7.348493551559448,62.26562499434608,
3270,442.00406,42.2168951753096,39.97589398211495,127.38851707156923,28.0,0.8778,338.0,48.0,159.0,1096.0,32.0,208.0,140.0,383.0,26.25733775915092,110,4,61,60,198.0,-13.0,57.0,72.0,159.0,50.0,-39.0,5167.0,118.0,21.0,7.352970245772806,62.26562499434608,
3271,340.16617,65.25641433935421,37.72585719238377,95.40656425848942,28.0,0.87125,338.0,48.0,159.0,1096.0,32.0,208.0,140.0,383.0,31.77631329014077,121,6,60,63,198.0,-13.0,57.0,72.0,159.0,50.0,-39.0,5167.0,118.0,21.0,7.357446939986162,62.26562499434608,
3272,192.34421,88.45460014271026,32.884207430873715,79.0258353123274,28.0,0.872,316.0,45.0,148.0,1036.0,33.0,196.0,132.0,366.0,34.762451330026465,118,6,67,62,198.0,-6.0,57.0,80.0,166.0,57.0,-32.0,5175.0,125.0,28.0,7.3619236341995204,62.26562499434608,
3273,49.745834,83.66100802174026,26.896780336223753,95.6700864229353,28.0,0.8088,316.0,45.0,148.0,1036.0,33.0,196.0,132.0,366.0,29.283026892697023,113,8,59,65,198.0,-6.0,57.0,80.0,166.0,57.0,-32.0,5175.0,125.0,28.0,7.366400328412876,62.26562499434608,
3274,883.3395,158.7118884755419,101.85015908541287,131.48947864730962,28.0,0.5974,337.0,52.0,168.0,1106.0,29.0,227.0,138.0,373.0,47.9147450349357,108,22,59,54,205.0,-36.0,59.0,50.0,141.0,27.0,-64.0,5286.0,98.0,-2.0,7.505177849026651,62.26562499434608,
3275,831.88416,178.81282190806127,82.01952249276503,179.36777212573935,28.0,0.75485,339.0,52.0,171.0,1115.0,29.0,231.0,139.0,375.0,39.011097253781266,121,9,56,56,205.0,-40.0,59.0,47.0,138.0,24.0,-67.0,5296.0,95.0,-5.0,7.509654543240011,62.26562499434608,
3276,775.2787,140.80492570746017,42.5996070674039,129.57536423941644,28.0,0.79315,349.0,56.0,182.0,1160.0,27.0,246.0,142.0,385.0,27.69429279472091,121,21,57,57,206.0,-47.0,59.0,39.0,131.0,17.0,-75.0,5271.0,87.0,-12.0,7.518607931666723,62.26562499434608,
3277,702.94476,154.77628148765262,24.091681251678285,145.04902972220123,28.0,0.8287,349.0,56.0,182.0,1160.0,27.0,246.0,142.0,385.0,17.043464706252575,135,10,56,57,206.0,-47.0,59.0,39.0,131.0,17.0,-75.0,5271.0,87.0,-12.0,7.523084625880081,62.26562499434608,
3278,691.3058,273.22061344092305,16.194820576594747,195.12928937039467,28.0,0.8288,368.0,62.0,201.0,1239.0,26.0,270.0,149.0,404.0,10.10859549179688,122,8,50,55,205.0,-56.0,59.0,26.0,120.0,6.0,-85.0,5198.0,75.0,-22.0,7.527561320093436,62.26562499434608,
3279,737.4095,317.5265966275031,35.18955786120403,224.0820626203057,28.0,0.8208,368.0,62.0,201.0,1239.0,26.0,270.0,149.0,404.0,22.635498815707138,127,0,51,54,205.0,-56.0,59.0,26.0,120.0,6.0,-85.0,5198.0,75.0,-22.0,7.532038014306793,62.26562499434608,
3280,922.71423,151.6796183693313,40.17775622748102,179.35950290603145,28.0,0.7459,323.0,57.0,187.0,1123.0,24.0,262.0,130.0,357.0,21.69444058597997,136,6,52,50,215.0,-66.0,62.0,22.0,119.0,-1.0,-96.0,5454.0,72.0,-30.0,7.782732890254275,62.26562499434608,
3281,921.5625,204.51115859911428,45.33913273348216,183.47219644562233,28.0,0.75745,320.0,56.0,186.0,1114.0,24.0,261.0,129.0,354.0,23.90657158422048,140,9,55,52,215.0,-65.0,62.0,23.0,120.0,0.0,-95.0,5448.0,73.0,-29.0,7.787209584467632,62.26562499434608,
3282,923.9137,202.89224777229222,45.043416003517436,185.54202127266637,28.0,0.7718,312.0,54.0,179.0,1085.0,25.0,253.0,126.0,346.0,23.907535641676628,139,11,49,54,216.0,-63.0,62.0,26.0,123.0,2.0,-93.0,5494.0,76.0,-27.0,7.791686278680989,62.26562499434608,
3283,921.04376,147.15404885724251,43.35025300731601,176.94969744596645,28.0,0.7813,312.0,54.0,179.0,1085.0,25.0,253.0,126.0,346.0,23.1718190784127,137,10,53,56,216.0,-63.0,62.0,26.0,123.0,2.0,-93.0,5494.0,76.0,-27.0,7.796162972894347,62.26562499434608,
3284,875.3047,223.16860061887314,11.199325088311387,198.08630211878395,28.0,0.7717,276.0,46.0,153.0,956.0,26.0,222.0,112.0,309.0,8.151156178474881,117,16,53,58,220.0,-53.0,63.0,40.0,137.0,15.0,-83.0,5621.0,90.0,-17.0,7.840929915027843,62.26562499434608,
3285,897.9965,217.48248205510305,12.19056700043425,194.32517671501273,28.0,0.7727,280.0,47.0,157.0,973.0,26.0,228.0,114.0,313.0,7.438817537533326,117,15,51,60,221.0,-56.0,64.0,37.0,135.0,12.0,-86.0,5625.0,88.0,-19.0,7.845406609241199,62.26562499434608,
3286,922.18964,224.71261424390337,17.50788808167608,206.57458609900252,28.0,0.7962,280.0,47.0,157.0,973.0,26.0,228.0,114.0,313.0,11.838809228100382,120,15,51,58,221.0,-56.0,64.0,37.0,135.0,12.0,-86.0,5625.0,88.0,-19.0,7.849883303454556,62.26562499434608,
3287,969.0359,226.0340197601133,26.61399863256736,222.9916647949752,28.0,0.81425,290.0,50.0,167.0,1016.0,25.0,240.0,117.0,324.0,19.15015784681387,119,28,53,56,220.0,-61.0,63.0,31.0,129.0,6.0,-91.0,5595.0,82.0,-25.0,7.854359997667841,62.26562499434608,
3288,830.6938,103.13133826335255,19.590912668395646,120.71425342198674,28.0,0.7931,236.0,38.0,133.0,835.0,27.0,202.0,97.0,269.0,20.031868881110306,116,4,56,58,228.0,-52.0,66.0,47.0,146.0,19.0,-82.0,5854.0,97.0,-14.0,7.988660824068332,62.26562499434608,
3289,757.32513,96.97129277203881,13.145859660662666,131.6104272375193,28.0,0.81295,233.0,37.0,130.0,823.0,27.0,199.0,95.0,265.0,15.955851134734646,99,5,53,55,228.0,-51.0,66.0,48.0,147.0,20.0,-81.0,5843.0,98.0,-14.0,7.9931375182816895,62.26562499434608,
3290,722.8377,74.65203817441136,2.159292693355411,173.41973084914693,28.0,0.75465,233.0,37.0,130.0,823.0,27.0,199.0,95.0,265.0,2.2545750986877575,110,7,54,55,228.0,-51.0,66.0,48.0,147.0,20.0,-81.0,5843.0,98.0,-14.0,7.997614212495046,62.26562499434608,
3291,720.0428,99.45776784548228,0.2198406693730809,179.92247876555606,28.0,0.67045,234.0,38.0,133.0,832.0,26.0,202.0,96.0,268.0,0.07245408567973577,124,6,56,57,229.0,-52.0,66.0,47.0,146.0,19.0,-83.0,5836.0,97.0,-15.0,8.002090906708405,62.26562499434608,
3292,720.23956,244.07392712144076,0.2438276534737649,180.46848642568244,28.0,0.6137,234.0,38.0,133.0,832.0,26.0,202.0,96.0,268.0,0.007131370277696118,123,7,59,59,229.0,-52.0,66.0,47.0,146.0,19.0,-83.0,5836.0,97.0,-15.0,8.00656760092176,62.26562499434608,
3293,718.624,111.81245355503007,1.136480444679286,176.8245931905414,28.0,0.5749,246.0,41.0,144.0,880.0,25.0,217.0,100.0,279.0,1.2416917977199087,116,6,57,57,228.0,-58.0,66.0,39.0,139.0,13.0,-89.0,5794.0,90.0,-20.0,8.011044295135047,62.26562499434608,
3294,722.0756,291.2780328453984,9.1165920651341,194.64451700563563,28.0,0.7271,246.0,41.0,144.0,880.0,25.0,217.0,100.0,279.0,6.152406618115124,115,8,58,56,228.0,-58.0,66.0,39.0,139.0,13.0,-89.0,5794.0,90.0,-20.0,8.015520989348401,62.26562499434608,
3295,751.84894,321.6677447480166,22.958987909332915,208.79355243523952,28.0,0.805,268.0,46.0,162.0,966.0,24.0,240.0,108.0,302.0,15.019158056927827,102,8,55,57,227.0,-67.0,65.0,29.0,129.0,3.0,-98.0,5771.0,79.0,-30.0,8.019997683561758,62.26562499434608,
3296,792.17706,329.1682139861241,35.28818037891711,214.97452636377807,28.0,0.82445,268.0,46.0,162.0,966.0,24.0,240.0,108.0,302.0,21.802720080422063,120,6,51,56,227.0,-67.0,65.0,29.0,129.0,3.0,-98.0,5771.0,79.0,-30.0,8.024474377775116,62.26562499434608,
3297,840.2242,293.3772383596274,43.79741555099002,204.8394308920013,28.0,0.82275,263.0,45.0,159.0,950.0,24.0,237.0,106.0,297.0,24.77694582515243,118,7,55,55,227.0,-66.0,65.0,30.0,130.0,4.0,-97.0,5769.0,80.0,-28.0,8.028951071988473,62.26562499434608,
3298,839.62036,22.457243997819376,39.58420920504809,162.92786233679857,28.0,0.8384,249.0,42.0,149.0,896.0,25.0,223.0,101.0,282.0,21.7977048684343,130,15,55,54,229.0,-61.0,66.0,37.0,137.0,10.0,-92.0,5838.0,88.0,-23.0,8.03342776620183,62.26562499434608,
3299,811.0605,24.10933426929189,30.221401570050297,165.65223553930025,28.0,0.8443,249.0,42.0,149.0,896.0,25.0,223.0,101.0,282.0,16.43883734129491,115,8,58,56,229.0,-61.0,66.0,37.0,137.0,10.0,-92.0,5838.0,88.0,-23.0,8.037904460415188,62.26562499434608,
3300,794.14,43.839356357584236,24.408470689491878,170.79528985974022,28.0,0.835,242.0,40.0,143.0,872.0,25.0,217.0,98.0,275.0,13.510650954219768,106,7,56,58,230.0,-59.0,66.0,39.0,140.0,12.0,-90.0,5859.0,90.0,-21.0,8.042381154628544,62.26562499434608,
3301,782.4764,71.91966692901177,22.29153698419956,174.84603154950048,28.0,0.8211,242.0,40.0,143.0,872.0,25.0,217.0,98.0,275.0,12.218053569315883,108,9,54,53,230.0,-59.0,66.0,39.0,140.0,12.0,-90.0,5859.0,90.0,-21.0,8.046857848841828,62.26562499434608,
3302,776.06537,189.21022482095952,20.67609468314419,180.33252604130064,28.0,0.8331,241.0,40.0,143.0,870.0,25.0,217.0,98.0,275.0,11.956527994555955,107,7,55,56,230.0,-59.0,66.0,39.0,140.0,12.0,-90.0,5859.0,90.0,-21.0,8.051334543055185,62.26562499434608,
3303,784.93787,220.22686882804587,19.725388929298912,192.22835105695563,28.0,0.8315,241.0,40.0,143.0,870.0,25.0,217.0,98.0,275.0,12.23139775354397,102,5,54,57,230.0,-59.0,66.0,39.0,140.0,12.0,-90.0,5859.0,90.0,-21.0,8.055811237268541,62.26562499434608,
3304,785.6373,63.651846272004775,22.409029059574884,172.53679902429687,28.0,0.83435,239.0,40.0,143.0,864.0,25.0,216.0,97.0,272.0,13.011920903186471,106,5,55,57,230.0,-59.0,66.0,40.0,140.0,12.0,-90.0,5880.0,91.0,-21.0,8.0602879314819,62.26562499434608,
3305,775.9139,86.47132456246794,22.01422368085718,172.51893249998224,28.0,0.83935,239.0,40.0,143.0,864.0,25.0,216.0,97.0,272.0,12.304161347215308,109,7,54,58,230.0,-59.0,66.0,40.0,140.0,12.0,-90.0,5880.0,91.0,-21.0,8.064764625695258,62.26562499434608,
3306,1006.1761,50.52740563615858,8.916403913650996,163.20849731583561,28.0,0.7054,214.0,41.0,147.0,864.0,23.0,248.0,91.0,269.0,7.071620618819114,124,5,55,57,254.0,-81.0,72.0,-13.0,139.0,-2.0,-115.0,6464.0,84.0,75.0,8.664641650283999,62.26562499434608,
3307,991.2261,54.69180308592037,10.810588877524781,171.8819166508087,28.0,0.7405,214.0,41.0,145.0,858.0,23.0,246.0,90.0,266.0,6.778001470619224,133,2,54,57,255.0,-80.0,72.0,-12.0,141.0,0.0,-114.0,6493.0,86.0,77.0,8.669118344497285,62.26562499434608,
3308,983.7192,108.98292300252074,10.676823558164179,175.67475522997265,28.0,0.735,214.0,41.0,145.0,858.0,23.0,246.0,90.0,266.0,6.74158630340305,129,4,56,58,255.0,-80.0,72.0,-12.0,141.0,0.0,-114.0,6493.0,86.0,77.0,8.67359503871064,62.26562499434608,
3309,970.8551,64.75499412679335,11.690749185129357,168.73158772681808,28.0,0.7182,211.0,40.0,144.0,851.0,24.0,244.0,89.0,265.0,7.782201806684952,134,1,57,60,256.0,-79.0,72.0,-10.0,143.0,1.0,-113.0,6521.0,88.0,78.0,8.678071732924,62.26562499434608,
3310,957.00256,55.31905987963666,11.75423979097795,167.6081921352131,28.0,0.7061,211.0,40.0,144.0,851.0,24.0,244.0,89.0,265.0,7.991316884044388,138,2,58,59,256.0,-79.0,72.0,-10.0,143.0,1.0,-113.0,6521.0,88.0,78.0,8.682548427137357,62.26562499434608,
3311,912.95184,47.252002133273095,6.45373290734943,175.05080311164133,28.0,0.6883,206.0,39.0,139.0,832.0,24.0,240.0,88.0,260.0,4.017780424596235,116,6,56,55,257.0,-76.0,73.0,-7.0,146.0,4.0,-111.0,6565.0,91.0,82.0,8.695978509777426,62.26562499434608,
3312,635.45776,49.1615972163083,47.25395529701854,107.90176299399835,28.0,0.84565,370.0,54.0,179.0,1194.0,30.0,232.0,152.0,410.0,32.23330254020406,122,6,55,61,197.0,-27.0,57.0,56.0,144.0,35.0,-53.0,5112.0,103.0,7.0,7.3479853939585285,62.26354166101294,
3313,538.27997,51.02211264538046,38.826350950648845,117.33607095233397,28.0,0.86875,338.0,48.0,159.0,1096.0,32.0,208.0,140.0,383.0,27.055587537897253,122,7,61,61,198.0,-13.0,57.0,72.0,159.0,50.0,-39.0,5167.0,118.0,21.0,7.352461778602832,62.26354166101294,
3314,432.37653,53.88866994707268,50.78865803979412,95.61428017699114,28.0,0.8696,338.0,48.0,159.0,1096.0,32.0,208.0,140.0,383.0,36.38855350487988,126,8,59,59,198.0,-13.0,57.0,72.0,159.0,50.0,-39.0,5167.0,118.0,21.0,7.356938163247135,62.26354166101294,
3315,252.49385,66.44502582373615,52.7171014298946,75.68674731149409,28.0,0.8206,316.0,45.0,148.0,1036.0,33.0,196.0,132.0,366.0,39.626293895005105,132,14,61,57,198.0,-6.0,57.0,80.0,166.0,57.0,-32.0,5175.0,125.0,28.0,7.361414547891439,62.26354166101294,
3316,108.39375,52.90833283571043,43.9517485990844,105.55629569500162,28.0,0.8897,316.0,45.0,148.0,1036.0,33.0,196.0,132.0,366.0,31.705878094089904,129,15,55,59,198.0,-6.0,57.0,80.0,166.0,57.0,-32.0,5175.0,125.0,28.0,7.365890932535743,62.26354166101294,
3317,77.98246,247.15069313066132,64.86791912264758,195.40237381074456,28.0,0.7653,296.0,43.0,142.0,993.0,33.0,189.0,124.0,352.0,38.15106987300926,113,6,59,60,197.0,3.0,57.0,89.0,174.0,66.0,-23.0,5178.0,134.0,37.0,7.370367317180047,62.26354166101294,
3318,689.3389,180.26389782450033,45.452416833662355,180.74304207465767,28.0,0.80245,339.0,52.0,171.0,1115.0,29.0,231.0,139.0,375.0,24.62931074924351,121,8,58,55,205.0,-40.0,59.0,47.0,138.0,24.0,-67.0,5296.0,95.0,-5.0,7.509135241153173,62.26354166101294,
3319,696.2775,197.10536966655152,37.819266594567374,197.87966946067664,28.0,0.82075,339.0,52.0,171.0,1115.0,29.0,231.0,139.0,375.0,21.080719533481073,123,7,55,56,205.0,-40.0,59.0,47.0,138.0,24.0,-67.0,5296.0,95.0,-5.0,7.513611625797476,62.26354166101294,
3320,696.9866,167.718389523482,30.105845151664006,159.1754147452407,28.0,0.8299,349.0,56.0,182.0,1160.0,27.0,246.0,142.0,385.0,19.733819478676917,148,12,56,57,206.0,-47.0,59.0,39.0,131.0,17.0,-75.0,5271.0,87.0,-12.0,7.518088010441779,62.26354166101294,
3321,684.1108,269.4585593016352,18.98707795081601,194.60143780356935,28.0,0.8017,349.0,56.0,182.0,1160.0,27.0,246.0,142.0,385.0,10.848745437868502,126,10,51,55,206.0,-47.0,59.0,39.0,131.0,17.0,-75.0,5271.0,87.0,-12.0,7.522564395086084,62.26354166101294,
3322,830.81366,322.3028591959977,63.772252407030194,241.58259216951416,28.0,0.7774,368.0,62.0,201.0,1239.0,26.0,270.0,149.0,404.0,35.881859953987735,126,0,55,54,205.0,-56.0,59.0,26.0,120.0,6.0,-85.0,5198.0,75.0,-22.0,7.531517164374691,62.26354166101294,
3323,901.32556,26.39743117093806,27.066290233199698,158.51790177097715,28.0,0.78295,280.0,46.0,153.0,964.0,26.0,222.0,114.0,313.0,15.486689801797283,131,0,61,52,220.0,-53.0,63.0,40.0,137.0,15.0,-83.0,5608.0,90.0,-16.0,7.818005781609548,62.26354166101294,
3324,876.947,34.75422956040805,16.55156162873555,162.63656523213984,28.0,0.79605,280.0,46.0,153.0,964.0,26.0,222.0,114.0,313.0,9.95928835398383,133,6,58,53,220.0,-53.0,63.0,40.0,137.0,15.0,-83.0,5608.0,90.0,-16.0,7.8224821662538515,62.26354166101294,
3325,871.77,218.59347914963126,10.093530596428227,196.77832459386684,28.0,0.7662,280.0,47.0,157.0,973.0,26.0,228.0,114.0,313.0,7.706237667090263,119,17,52,60,221.0,-56.0,64.0,37.0,135.0,12.0,-86.0,5625.0,88.0,-19.0,7.844864089475369,62.26354166101294,
3326,894.2535,223.80420881437078,11.455875008531102,197.5576729322568,28.0,0.8001,280.0,47.0,157.0,973.0,26.0,228.0,114.0,313.0,8.0208189110534,119,17,52,59,221.0,-56.0,64.0,37.0,135.0,12.0,-86.0,5625.0,88.0,-19.0,7.849340474119673,62.26354166101294,
3327,922.327,229.65814957048474,16.27661249670214,208.74859830945852,28.0,0.8135,290.0,50.0,167.0,1016.0,25.0,240.0,117.0,324.0,11.79180096150305,120,16,52,58,220.0,-61.0,63.0,31.0,129.0,6.0,-91.0,5595.0,82.0,-25.0,7.853816858763905,62.26354166101294,
3328,979.5484,233.75654591106795,25.82950032215768,232.35021962840443,28.0,0.80245,290.0,50.0,167.0,1016.0,25.0,240.0,117.0,324.0,21.000192475414508,121,18,55,58,220.0,-61.0,63.0,31.0,129.0,6.0,-91.0,5595.0,82.0,-25.0,7.85829324340821,62.26354166101294,
3329,915.2456,116.68263473105006,40.36557359225348,93.5703669523336,28.0,0.7676,236.0,38.0,133.0,835.0,27.0,202.0,97.0,269.0,33.228709377341445,127,8,55,59,228.0,-52.0,66.0,47.0,146.0,19.0,-82.0,5854.0,97.0,-14.0,7.983632013448496,62.26354166101294,
3330,819.39795,109.52823254757139,17.461615927651884,130.19210874790315,28.0,0.8108,236.0,38.0,133.0,835.0,27.0,202.0,97.0,269.0,17.31188676225517,107,6,54,59,228.0,-52.0,66.0,47.0,146.0,19.0,-82.0,5854.0,97.0,-14.0,7.988108398092799,62.26354166101294,
3331,756.7271,95.09922397264238,11.577025220028158,139.54708287275125,28.0,0.8054,233.0,37.0,130.0,823.0,27.0,199.0,95.0,265.0,13.331649790874305,121,4,55,56,228.0,-51.0,66.0,48.0,147.0,20.0,-81.0,5843.0,98.0,-14.0,7.992584782737103,62.26354166101294,
3332,726.20825,76.15427129351364,2.6071376281543555,171.48773109376538,28.0,0.76845,233.0,37.0,130.0,823.0,27.0,199.0,95.0,265.0,2.870194852272372,108,7,56,55,228.0,-51.0,66.0,48.0,147.0,20.0,-81.0,5843.0,98.0,-14.0,7.997061167381405,62.26354166101294,
3333,720.661,78.26493675917565,0.6503188460885492,178.5029583838848,28.0,0.6962,234.0,38.0,133.0,832.0,26.0,202.0,96.0,268.0,0.5391602870538827,119,6,55,56,229.0,-52.0,66.0,47.0,146.0,19.0,-83.0,5836.0,97.0,-15.0,8.00153755202571,62.26354166101294,
3334,720.37897,217.81675357439437,1.0560963194126363,180.52387420503268,28.0,0.7076,234.0,38.0,133.0,832.0,26.0,202.0,96.0,268.0,0.4816913758616631,123,4,56,56,229.0,-52.0,66.0,47.0,146.0,19.0,-83.0,5836.0,97.0,-15.0,8.006013936670014,62.26354166101294,
3335,719.27795,134.63850018337553,4.308838405657327,179.80646607478678,28.0,0.7404,246.0,41.0,144.0,880.0,25.0,217.0,100.0,279.0,2.2778801715483286,136,5,55,57,228.0,-58.0,66.0,39.0,139.0,13.0,-89.0,5794.0,90.0,-20.0,8.010490321314245,62.26354166101294,
3336,742.12665,303.6075712998625,19.302780607499038,221.1636696196337,28.0,0.77825,246.0,41.0,144.0,880.0,25.0,217.0,100.0,279.0,16.14220467538359,108,8,54,56,228.0,-58.0,66.0,39.0,139.0,13.0,-89.0,5794.0,90.0,-20.0,8.01496670595855,62.26354166101294,
3337,804.439,315.98510340378164,30.339637254194663,225.45770994931783,28.0,0.82635,268.0,46.0,162.0,966.0,24.0,240.0,108.0,302.0,21.12794002274905,108,7,55,56,227.0,-67.0,65.0,29.0,129.0,3.0,-98.0,5771.0,79.0,-30.0,8.019443090602852,62.26354166101294,
3338,868.67505,320.01866950847017,45.99007515187767,234.38866326783003,28.0,0.8239,268.0,46.0,162.0,966.0,24.0,240.0,108.0,302.0,28.232747994494833,117,8,54,56,227.0,-67.0,65.0,29.0,129.0,3.0,-98.0,5771.0,79.0,-30.0,8.023919475247157,62.26354166101294,
3339,951.224,316.9536013933177,59.16606970352514,219.6203619289994,28.0,0.78985,263.0,45.0,159.0,950.0,24.0,237.0,106.0,297.0,33.53691544826629,104,7,53,56,227.0,-66.0,65.0,30.0,130.0,4.0,-97.0,5769.0,80.0,-28.0,8.028395859891459,62.26354166101294,
3340,959.30554,54.1293458872475,65.75350391517782,158.12578987393158,28.0,0.7644,263.0,45.0,159.0,950.0,24.0,237.0,106.0,297.0,33.47089298158384,100,6,56,56,227.0,-66.0,65.0,30.0,130.0,4.0,-97.0,5769.0,80.0,-28.0,8.032872244535765,62.26354166101294,
3341,907.384,17.13475666182222,69.15154859081521,155.50747123075533,28.0,0.7775,249.0,42.0,149.0,896.0,25.0,223.0,101.0,282.0,32.69087710942627,106,6,54,54,229.0,-61.0,66.0,37.0,137.0,10.0,-92.0,5838.0,88.0,-23.0,8.037348629180066,62.26354166101294,
3342,873.52106,13.716137816218314,59.704949809402294,163.668016883548,28.0,0.82265,242.0,40.0,143.0,872.0,25.0,217.0,98.0,275.0,28.073787204407765,103,6,58,54,230.0,-59.0,66.0,39.0,140.0,12.0,-90.0,5859.0,90.0,-21.0,8.04182501382437,62.26354166101294,
3343,846.9735,31.928345561004583,41.28745227026907,164.91187797133895,28.0,0.8186,242.0,40.0,143.0,872.0,25.0,217.0,98.0,275.0,21.203439356598608,106,7,58,54,230.0,-59.0,66.0,39.0,140.0,12.0,-90.0,5859.0,90.0,-21.0,8.046301398468602,62.26354166101294,
3344,832.26086,114.53268943644966,30.176800227711126,175.91324389842038,28.0,0.83205,241.0,40.0,143.0,870.0,25.0,217.0,98.0,275.0,16.26664746840237,117,8,57,54,230.0,-59.0,66.0,39.0,140.0,12.0,-90.0,5859.0,90.0,-21.0,8.050777783112906,62.26354166101294,
3345,834.2845,220.25965542765806,28.699582414937773,190.55900968908614,28.0,0.8261,241.0,40.0,143.0,870.0,25.0,217.0,98.0,275.0,17.73376854956826,114,5,57,56,230.0,-59.0,66.0,39.0,140.0,12.0,-90.0,5859.0,90.0,-21.0,8.055254167757209,62.26354166101294,
3346,840.1957,80.13578237185764,28.118578773556024,173.2810726892772,28.0,0.8375,239.0,40.0,143.0,864.0,25.0,216.0,97.0,272.0,15.326104771117677,105,5,53,57,230.0,-59.0,66.0,40.0,140.0,12.0,-90.0,5880.0,91.0,-21.0,8.059730552401515,62.26354166101294,
3347,831.988,158.10602781864915,30.699031140560162,179.22573514625427,28.0,0.8329,239.0,40.0,143.0,864.0,25.0,216.0,97.0,272.0,16.073664216327654,115,7,53,57,230.0,-59.0,66.0,40.0,140.0,12.0,-90.0,5880.0,91.0,-21.0,8.064206937045817,62.26354166101294,
3348,825.67664,96.99139106517356,30.84784586702796,173.5126186251296,28.0,0.83395,229.0,37.0,133.0,824.0,26.0,205.0,93.0,262.0,16.713069374298048,112,11,53,55,232.0,-55.0,67.0,45.0,145.0,17.0,-87.0,5913.0,95.0,-17.0,8.068683321690122,62.26354166101294,
3349,1017.60175,111.2591970725362,11.754133563869637,175.82122369501943,28.0,0.6914,214.0,41.0,145.0,858.0,23.0,246.0,90.0,266.0,7.091245526548018,137,2,55,57,255.0,-80.0,72.0,-12.0,141.0,0.0,-114.0,6493.0,86.0,77.0,8.668518864025659,62.26354166101294,
3350,929.7418,30.05886266375799,8.593950168209226,171.19519823176083,28.0,0.6559,206.0,39.0,139.0,832.0,24.0,240.0,88.0,260.0,5.719203154857247,116,5,57,55,257.0,-76.0,73.0,-7.0,146.0,4.0,-111.0,6565.0,91.0,82.0,8.69537717189148,62.26354166101294,
3351,997.3909,167.17769366968642,13.096929474468022,162.3726882151302,28.0,0.7511,215.0,43.0,152.0,884.0,23.0,261.0,95.0,278.0,9.413578012108186,103,7,51,57,257.0,-86.0,73.0,-19.0,136.0,-6.0,-121.0,6536.0,81.0,71.0,8.838621480508909,62.26354166101294,
3352,620.0706,51.7149649699292,41.47559936437067,110.91056934876332,28.0,0.8236,338.0,48.0,159.0,1096.0,32.0,208.0,140.0,383.0,30.148069274086488,134,9,57,54,198.0,-13.0,57.0,72.0,159.0,50.0,-39.0,5167.0,118.0,21.0,7.351953391469811,62.2614583276798,
3353,550.82544,31.66615238300396,49.52379143738425,133.47907411197357,28.0,0.84205,338.0,48.0,159.0,1096.0,32.0,208.0,140.0,383.0,29.287240422531394,129,17,53,57,198.0,-13.0,57.0,72.0,159.0,50.0,-39.0,5167.0,118.0,21.0,7.356429466593791,62.2614583276798,
3354,401.72113,48.951791498546115,78.57590420925736,81.14777694319149,28.0,0.8748,316.0,45.0,148.0,1036.0,33.0,196.0,132.0,366.0,47.9319374313643,118,18,52,57,198.0,-6.0,57.0,80.0,166.0,57.0,-32.0,5175.0,125.0,28.0,7.36090554171777,62.2614583276798,
3355,234.01286,32.21885323315236,80.91936118655188,120.92789070390434,28.0,0.8936,316.0,45.0,148.0,1036.0,33.0,196.0,132.0,366.0,39.9449130692405,115,13,59,57,198.0,-6.0,57.0,80.0,166.0,57.0,-32.0,5175.0,125.0,28.0,7.3653816168417485,62.2614583276798,
3356,241.11314,213.0335804142151,92.23664277318088,196.42801938386933,28.0,0.8571,296.0,43.0,142.0,993.0,33.0,189.0,124.0,352.0,46.73684829007042,100,20,61,63,197.0,3.0,57.0,89.0,174.0,66.0,-23.0,5178.0,134.0,37.0,7.369857691965728,62.2614583276798,
3357,163.3146,59.65188019065359,72.02139517283834,66.47810928878235,28.0,0.7653,296.0,43.0,142.0,993.0,33.0,189.0,124.0,352.0,48.916345470073914,88,20,58,61,197.0,3.0,57.0,89.0,174.0,66.0,-23.0,5178.0,134.0,37.0,7.374333767089707,62.2614583276798,
3358,752.26825,237.92571995766605,55.83893665941493,230.8845135057656,28.0,0.7152,362.0,55.0,182.0,1184.0,29.0,241.0,148.0,399.0,44.77002117781917,112,6,56,53,201.0,-37.0,58.0,46.0,136.0,24.0,-65.0,5159.0,93.0,-4.0,7.428046668577314,62.2614583276798,
3359,620.43207,162.82886438757726,29.731084627144497,156.9972255545982,28.0,0.76825,337.0,52.0,168.0,1106.0,29.0,227.0,138.0,373.0,18.460026819982964,123,7,62,58,205.0,-36.0,59.0,50.0,141.0,27.0,-64.0,5286.0,98.0,-2.0,7.504139945684814,62.2614583276798,
3360,620.7133,213.1974455758375,16.496069030935086,193.4325998903461,28.0,0.8095,339.0,52.0,171.0,1115.0,29.0,231.0,139.0,375.0,9.247509958493792,119,7,56,54,205.0,-40.0,59.0,47.0,138.0,24.0,-67.0,5296.0,95.0,-5.0,7.508616020808794,62.2614583276798,
3361,641.193,242.93701608446003,14.658693048860462,202.8556020470066,28.0,0.83285,339.0,52.0,171.0,1115.0,29.0,231.0,139.0,375.0,9.959348606481878,116,8,54,54,205.0,-40.0,59.0,47.0,138.0,24.0,-67.0,5296.0,95.0,-5.0,7.513092095932773,62.2614583276798,
3362,674.68353,289.1747944362915,20.4489758291287,211.41256890898168,28.0,0.80895,349.0,56.0,182.0,1160.0,27.0,246.0,142.0,385.0,15.259795146378455,134,8,50,54,206.0,-47.0,59.0,39.0,131.0,17.0,-75.0,5271.0,87.0,-12.0,7.517568171056751,62.2614583276798,
3363,730.8656,317.32567065289857,39.653630140587325,233.53164533022579,28.0,0.8178,349.0,56.0,182.0,1160.0,27.0,246.0,142.0,385.0,26.60861677850391,123,7,55,57,206.0,-47.0,59.0,39.0,131.0,17.0,-75.0,5271.0,87.0,-12.0,7.522044246180732,62.2614583276798,
3364,837.4479,317.9117061911615,68.73440893070598,250.36746580322693,28.0,0.81115,368.0,62.0,201.0,1239.0,26.0,270.0,149.0,404.0,39.67568258650431,129,0,50,55,205.0,-56.0,59.0,26.0,120.0,6.0,-85.0,5198.0,75.0,-22.0,7.52652032130471,62.2614583276798,
3365,927.7461,232.7413668192396,19.759323098411052,216.02955232352454,28.0,0.80425,290.0,50.0,167.0,1016.0,25.0,240.0,117.0,324.0,14.799660926906729,129,16,55,57,220.0,-61.0,63.0,31.0,129.0,6.0,-91.0,5595.0,82.0,-25.0,7.8577498804785195,62.2614583276798,
3366,982.6834,234.4889645718203,25.24090166429035,228.96155330445418,28.0,0.8013,312.0,55.0,186.0,1102.0,24.0,264.0,125.0,346.0,19.501780092367554,116,20,52,54,219.0,-70.0,63.0,20.0,118.0,-3.0,-101.0,5562.0,71.0,-34.0,7.862225955602499,62.2614583276798,
3367,868.366,118.53274773425349,28.397684951057492,118.64486142091106,28.0,0.8253,245.0,40.0,139.0,867.0,26.0,210.0,100.0,278.0,23.024859237771693,130,6,55,59,228.0,-54.0,66.0,43.0,143.0,16.0,-85.0,5809.0,94.0,-17.0,7.98307998394972,62.2614583276798,
3368,800.8243,114.14648148587136,15.236668476818572,138.8261769189936,28.0,0.82385,236.0,38.0,133.0,835.0,27.0,202.0,97.0,269.0,14.604146514305741,118,6,55,56,228.0,-52.0,66.0,47.0,146.0,19.0,-82.0,5854.0,97.0,-14.0,7.9875560590736985,62.2614583276798,
3369,755.05945,100.31773513560692,8.970157199556285,150.10804684764787,28.0,0.7793,233.0,37.0,130.0,823.0,27.0,199.0,95.0,265.0,9.939358963831339,109,4,56,56,228.0,-51.0,66.0,48.0,147.0,20.0,-81.0,5843.0,98.0,-14.0,7.992032134197678,62.2614583276798,
3370,722.643,86.1336978886141,2.1350030291121116,176.12558063772815,28.0,0.6748,234.0,38.0,133.0,832.0,26.0,202.0,96.0,268.0,1.8243582900717483,113,4,57,58,229.0,-52.0,66.0,47.0,146.0,19.0,-83.0,5836.0,97.0,-15.0,8.000984284445636,62.2614583276798,
3371,723.29285,272.24339742925486,2.2436753956055426,185.86620898833087,28.0,0.7366,234.0,38.0,133.0,832.0,26.0,202.0,96.0,268.0,2.12059104097379,120,4,57,58,229.0,-52.0,66.0,47.0,146.0,19.0,-83.0,5836.0,97.0,-15.0,8.005460359569616,62.2614583276798,
3372,733.06586,316.78039612390756,10.348382961022741,194.76746526935773,28.0,0.769,246.0,41.0,144.0,880.0,25.0,217.0,100.0,279.0,6.6239542962688835,125,6,55,56,228.0,-58.0,66.0,39.0,139.0,13.0,-89.0,5794.0,90.0,-20.0,8.009936434693522,62.2614583276798,
3373,779.18567,302.66610342337805,24.918900016184352,233.9743612035826,28.0,0.8243,246.0,41.0,144.0,880.0,25.0,217.0,100.0,279.0,20.911747402777678,115,6,54,59,228.0,-58.0,66.0,39.0,139.0,13.0,-89.0,5794.0,90.0,-20.0,8.014412509817502,62.2614583276798,
3374,858.6969,306.66967598569306,34.78084755435922,239.3372356844458,28.0,0.846,268.0,46.0,162.0,966.0,24.0,240.0,108.0,302.0,25.04044668361195,116,7,54,57,227.0,-67.0,65.0,29.0,129.0,3.0,-98.0,5771.0,79.0,-30.0,8.01888858494148,62.2614583276798,
3375,971.8728,315.5359911585033,57.598613197110026,248.65590034247205,28.0,0.7483,268.0,46.0,162.0,966.0,24.0,240.0,108.0,302.0,39.024692244117304,116,7,54,56,227.0,-67.0,65.0,29.0,129.0,3.0,-98.0,5771.0,79.0,-30.0,8.02336466006546,62.2614583276798,
3376,927.4919,26.027711037269636,61.74771058833448,156.22609709207774,28.0,0.774,241.0,40.0,143.0,870.0,25.0,217.0,98.0,275.0,32.44579550682744,99,4,57,53,230.0,-59.0,66.0,39.0,140.0,12.0,-90.0,5859.0,90.0,-21.0,8.050221110809261,62.2614583276798,
3377,912.60046,227.1199541792331,50.047708072091375,190.9780219812393,28.0,0.7851,241.0,40.0,143.0,870.0,25.0,217.0,98.0,275.0,27.424095819689718,105,4,56,54,230.0,-59.0,66.0,39.0,140.0,12.0,-90.0,5859.0,90.0,-21.0,8.054697185933241,62.2614583276798,
3378,921.5408,211.00504881942973,46.487257705642875,183.86130796372507,28.0,0.81595,239.0,40.0,143.0,864.0,25.0,216.0,97.0,272.0,25.5998749719423,106,7,55,54,230.0,-59.0,66.0,40.0,140.0,12.0,-90.0,5880.0,91.0,-21.0,8.059173261057223,62.2614583276798,
3379,923.23724,152.47971027527666,44.47745523395477,180.05911870584833,28.0,0.80605,239.0,40.0,143.0,864.0,25.0,216.0,97.0,272.0,24.524676069723135,108,7,53,56,230.0,-59.0,66.0,40.0,140.0,12.0,-90.0,5880.0,91.0,-21.0,8.0636493361812,62.2614583276798,
3380,907.3935,20.603335321017642,38.784076246524144,163.89706389844915,28.0,0.807,229.0,37.0,133.0,824.0,26.0,205.0,93.0,262.0,21.444721291501335,106,11,52,56,232.0,-55.0,67.0,45.0,145.0,17.0,-87.0,5913.0,95.0,-17.0,8.06812541130518,62.2614583276798,
3381,876.99866,43.29739737363159,34.897911773646186,157.79183390492494,28.0,0.8142,229.0,37.0,133.0,824.0,26.0,205.0,93.0,262.0,19.40509652175517,109,9,53,56,232.0,-55.0,67.0,45.0,145.0,17.0,-87.0,5913.0,95.0,-17.0,8.072601486429157,62.2614583276798,
3382,1028.5585,105.13949287470597,27.489501192797913,127.91707967490504,28.0,0.7464,215.0,43.0,152.0,884.0,23.0,261.0,95.0,278.0,19.44200651765254,106,5,51,56,257.0,-86.0,73.0,-19.0,136.0,-6.0,-121.0,6536.0,81.0,71.0,8.833534257504173,62.2614583276798,
3383,730.7242,84.13248077865087,45.3623258769251,136.92517618013295,28.0,0.7704,338.0,48.0,159.0,1096.0,32.0,208.0,140.0,383.0,30.483912839404155,124,7,54,57,198.0,-13.0,57.0,72.0,159.0,50.0,-39.0,5167.0,118.0,21.0,7.351445084355796,62.25937499434664,
3384,661.57983,35.65664682826214,45.930485630890715,131.0283266844715,28.0,0.83715,338.0,48.0,159.0,1096.0,32.0,208.0,140.0,383.0,28.27288745917962,123,13,60,54,198.0,-13.0,57.0,72.0,159.0,50.0,-39.0,5167.0,118.0,21.0,7.355920850008168,62.25937499434664,
3385,579.8549,36.97301477427093,71.12850982573345,111.5773302047804,28.0,0.851,316.0,45.0,148.0,1036.0,33.0,196.0,132.0,366.0,39.47019869863667,131,11,54,57,198.0,-6.0,57.0,80.0,166.0,57.0,-32.0,5175.0,125.0,28.0,7.360396615660542,62.25937499434664,
3386,488.56586,137.63018011136694,107.04935669767148,168.5758873705274,28.0,0.8894,316.0,45.0,148.0,1036.0,33.0,196.0,132.0,366.0,51.198738191086555,127,19,61,58,198.0,-6.0,57.0,80.0,166.0,57.0,-32.0,5175.0,125.0,28.0,7.364872381312914,62.25937499434664,
3387,470.62845,124.2297785604689,92.11055422226693,162.07154435574992,28.0,0.8714,296.0,43.0,142.0,993.0,33.0,189.0,124.0,352.0,43.17109055808379,117,19,57,58,197.0,3.0,57.0,89.0,174.0,66.0,-23.0,5178.0,134.0,37.0,7.369348146965286,62.25937499434664,
3388,323.37906,63.72874553244314,81.36860491046299,54.20312889973579,28.0,0.8509,296.0,43.0,142.0,993.0,33.0,189.0,124.0,352.0,52.677520628298566,95,18,54,55,197.0,3.0,57.0,89.0,174.0,66.0,-23.0,5178.0,134.0,37.0,7.373823912617658,62.25937499434664,
3389,55.41831,49.02280582843856,49.930168303744466,90.56496844454611,28.0,0.7446,296.0,43.0,141.0,990.0,33.0,188.0,124.0,352.0,35.49124305989737,88,9,62,54,198.0,2.0,57.0,89.0,175.0,66.0,-23.0,5208.0,134.0,36.0,7.37829967827003,62.25937499434664,
3390,692.0132,196.0264153994333,50.6982755488483,178.7055179365185,28.0,0.7066,362.0,55.0,182.0,1184.0,29.0,241.0,148.0,399.0,31.91323155652343,130,7,59,52,201.0,-37.0,58.0,46.0,136.0,24.0,-65.0,5159.0,93.0,-4.0,7.427533100445984,62.25937499434664,
3391,500.11966,156.1922479540815,59.453968792418344,141.06863925511786,28.0,0.8232,354.0,53.0,175.0,1154.0,29.0,232.0,145.0,391.0,32.8263991071537,106,4,61,54,203.0,-34.0,58.0,50.0,141.0,28.0,-62.0,5206.0,97.0,0.0,7.436484631750728,62.25937499434664,
3392,458.4516,169.5692565837817,52.33880092407469,164.61998683454198,28.0,0.8378,354.0,53.0,175.0,1154.0,29.0,232.0,145.0,391.0,28.225188807166575,104,9,66,56,203.0,-34.0,58.0,50.0,141.0,28.0,-62.0,5206.0,97.0,0.0,7.4409603974031,62.25937499434664,
3393,461.65918,187.12227920414227,47.47005549177929,189.2657041917579,29.0,0.7838,368.0,58.0,189.0,1212.0,28.0,251.0,150.0,405.0,24.636836131345103,109,7,59,52,202.0,-43.0,59.0,39.0,131.0,18.0,-71.0,5167.0,87.0,-10.0,7.445436163055472,62.25937499434664,
3394,485.40652,201.3556986767297,51.14857031552989,209.38446628992284,29.0,0.8098,368.0,58.0,189.0,1212.0,28.0,251.0,150.0,405.0,26.875013617861484,120,8,59,52,202.0,-43.0,59.0,39.0,131.0,18.0,-71.0,5167.0,87.0,-10.0,7.449911928707846,62.25937499434664,
3395,526.1832,192.6250847619973,75.3967487797267,204.12028323027874,28.0,0.78,383.0,63.0,205.0,1276.0,26.0,272.0,155.0,419.0,36.57844387335821,130,8,60,55,202.0,-52.0,58.0,28.0,121.0,8.0,-81.0,5141.0,77.0,-19.0,7.454387694360218,62.25937499434664,
3396,751.1761,206.06367222630087,100.27656713707614,239.19952938036835,29.0,0.75975,382.0,63.0,206.0,1278.0,26.0,275.0,154.0,418.0,48.600414766787644,124,10,55,53,202.0,-54.0,59.0,27.0,119.0,6.0,-83.0,5138.0,75.0,-21.0,7.4678149913172645,62.25937499434664,
3397,689.906,136.20552836914456,41.865956337836465,122.84974060986715,28.0,0.7344,336.0,51.0,167.0,1101.0,29.0,225.0,138.0,373.0,27.46070595894802,114,7,53,56,204.0,-34.0,59.0,51.0,142.0,29.0,-62.0,5264.0,99.0,0.0,7.494669585231498,62.25937499434664,
3398,615.0265,135.83265150190283,26.456434070462237,139.48743039161315,28.0,0.7962,336.0,51.0,167.0,1101.0,29.0,225.0,138.0,373.0,18.537693932678067,128,10,59,58,204.0,-34.0,59.0,51.0,142.0,29.0,-62.0,5264.0,99.0,0.0,7.49914535088387,62.25937499434664,
3399,592.5234,245.74962490552392,10.149868231378033,185.39642560943952,28.0,0.8309,337.0,52.0,168.0,1106.0,29.0,227.0,138.0,373.0,4.2975107354695545,115,10,57,57,205.0,-36.0,59.0,50.0,141.0,27.0,-64.0,5286.0,98.0,-2.0,7.503621116536171,62.25937499434664,
3400,614.6955,301.2864190950633,17.565145524019226,210.19521976112313,28.0,0.8295,337.0,52.0,168.0,1106.0,29.0,227.0,138.0,373.0,13.007879681230232,120,12,53,58,205.0,-36.0,59.0,50.0,141.0,27.0,-64.0,5286.0,98.0,-2.0,7.508096882188544,62.25937499434664,
3401,660.13477,320.13973661816556,25.751798669532388,213.98487025537793,28.0,0.8554,339.0,52.0,171.0,1115.0,29.0,231.0,139.0,375.0,17.598273801828793,124,16,52,56,205.0,-40.0,59.0,47.0,138.0,24.0,-67.0,5296.0,95.0,-5.0,7.5125726478409165,62.25937499434664,
3402,723.8046,314.2999327893001,36.04397270278379,235.721715669713,28.0,0.80955,349.0,56.0,182.0,1160.0,27.0,246.0,142.0,385.0,25.621017703210693,125,9,53,57,206.0,-47.0,59.0,39.0,131.0,17.0,-75.0,5271.0,87.0,-12.0,7.5170484134932885,62.25937499434664,
3403,885.401,228.61233126751938,16.297817917215504,210.641486537011,28.0,0.7916,290.0,50.0,167.0,1016.0,25.0,240.0,117.0,324.0,12.758898661389322,125,16,53,59,220.0,-61.0,63.0,31.0,129.0,6.0,-91.0,5595.0,82.0,-25.0,7.857206603072948,62.25937499434664,
3404,931.4964,227.77137943079936,22.055956666321922,217.00499834874654,28.0,0.8206,312.0,55.0,186.0,1102.0,24.0,264.0,125.0,346.0,15.955273627581384,128,19,52,54,219.0,-70.0,63.0,20.0,118.0,-3.0,-101.0,5562.0,71.0,-34.0,7.86168236872532,62.25937499434664,
3405,989.89667,228.76521986371816,30.480084688680616,231.84742602213635,28.0,0.8168,312.0,55.0,186.0,1102.0,24.0,264.0,125.0,346.0,22.598040799794358,108,32,51,56,219.0,-70.0,63.0,20.0,118.0,-3.0,-101.0,5562.0,71.0,-34.0,7.866158134377692,62.25937499434664,
3406,929.2412,119.64069016460472,31.75225221772075,112.76672754443855,28.0,0.7988,245.0,40.0,139.0,867.0,26.0,210.0,100.0,278.0,25.713990868527667,124,6,54,56,228.0,-54.0,66.0,43.0,143.0,16.0,-85.0,5809.0,94.0,-17.0,7.978052275686788,62.25937499434664,
3407,841.3952,114.23415826942076,20.291879110668763,129.8636333014665,28.0,0.8107,245.0,40.0,139.0,867.0,26.0,210.0,100.0,278.0,18.09480222655281,120,5,55,56,228.0,-54.0,66.0,43.0,143.0,16.0,-85.0,5809.0,94.0,-17.0,7.98252804133916,62.25937499434664,
3408,786.8445,108.7217396023704,11.201325770612662,148.92738660523304,28.0,0.8009,236.0,38.0,133.0,835.0,27.0,202.0,97.0,269.0,10.699424643171737,124,4,55,58,228.0,-52.0,66.0,47.0,146.0,19.0,-82.0,5854.0,97.0,-14.0,7.987003806991532,62.25937499434664,
3409,754.0429,100.46288981972573,6.219021802584009,161.55912290691515,28.0,0.7874,236.0,38.0,133.0,835.0,27.0,202.0,97.0,269.0,6.140065745892035,124,3,55,56,228.0,-52.0,66.0,47.0,146.0,19.0,-82.0,5854.0,97.0,-14.0,7.991479572643904,62.25937499434664,
3410,731.48175,181.18594870281203,3.0326101715327893,170.24095337922432,28.0,0.6852,233.0,37.0,130.0,823.0,27.0,199.0,95.0,265.0,3.9878361518040313,124,5,56,59,228.0,-51.0,66.0,48.0,147.0,20.0,-81.0,5843.0,98.0,-14.0,7.995955338296278,62.25937499434664,
3411,728.51654,160.3435329220668,2.2523586653036864,174.92095985781341,28.0,0.6724,234.0,38.0,133.0,832.0,26.0,202.0,96.0,268.0,2.2430017866825027,123,3,57,57,229.0,-52.0,66.0,47.0,146.0,19.0,-83.0,5836.0,97.0,-15.0,8.000431103948651,62.25937499434664,
3412,725.2893,256.14057556790823,5.537522700603433,188.1351508236098,28.0,0.7382,234.0,38.0,133.0,832.0,26.0,202.0,96.0,268.0,3.675145412759524,121,3,53,57,229.0,-52.0,66.0,47.0,146.0,19.0,-83.0,5836.0,97.0,-15.0,8.004906869601024,62.25937499434664,
3413,755.03705,310.1155255306408,19.258860891763984,215.3671684128735,28.0,0.7976,246.0,41.0,144.0,880.0,25.0,217.0,100.0,279.0,15.114517696884244,117,4,53,54,228.0,-58.0,66.0,39.0,139.0,13.0,-89.0,5794.0,90.0,-20.0,8.009382635253324,62.25937499434664,
3414,820.0508,306.1253866387502,29.609619234187907,237.5221239006991,28.0,0.8359,246.0,41.0,144.0,880.0,25.0,217.0,100.0,279.0,23.535907292814898,126,19,54,58,228.0,-58.0,66.0,39.0,139.0,13.0,-89.0,5794.0,90.0,-20.0,8.013858400905695,62.25937499434664,
3415,913.9886,301.9920128888152,42.67763263779218,248.44018119948984,28.0,0.8146,268.0,46.0,162.0,966.0,24.0,240.0,108.0,302.0,31.918405036880305,138,18,53,56,227.0,-67.0,65.0,29.0,129.0,3.0,-98.0,5771.0,79.0,-30.0,8.018334166558068,62.25937499434664,
3416,931.29193,23.18823387999801,47.734950354352605,146.5177586754411,28.0,0.7854,220.0,35.0,127.0,793.0,26.0,197.0,90.0,254.0,28.23116644889504,126,4,53,54,234.0,-53.0,67.0,49.0,150.0,20.0,-84.0,5990.0,100.0,-15.0,8.076519120038837,62.25937499434664,
3417,871.94977,25.728938977140043,54.01857715995293,143.80958425020088,28.0,0.8124,220.0,35.0,127.0,793.0,26.0,197.0,90.0,254.0,32.795540953089635,128,4,54,53,234.0,-53.0,67.0,49.0,150.0,20.0,-84.0,5990.0,100.0,-15.0,8.08099488569121,62.25937499434664,
3418,984.45435,245.2986814198636,7.4807315161819785,187.3014946749552,28.0,0.7312,215.0,43.0,152.0,884.0,23.0,261.0,95.0,278.0,7.488629061777636,103,7,53,58,257.0,-86.0,73.0,-19.0,136.0,-6.0,-121.0,6536.0,81.0,71.0,8.837399280940716,62.25937499434664,
3419,1071.1947,275.47602157577245,28.2853591808752,246.8935580312729,28.0,0.73985,230.0,47.0,166.0,944.0,22.0,277.0,101.0,294.0,29.683741684097,108,6,53,56,254.0,-93.0,72.0,-30.0,125.0,-16.0,-129.0,6404.0,70.0,60.0,8.84635081224546,62.25937499434664,
3420,766.5635,47.36757741499803,46.44326418998994,138.43442213415432,28.0,0.79815,400.0,64.0,209.0,1319.0,28.0,273.0,163.0,439.0,27.631148787318477,135,12,59,56,198.0,-48.0,57.0,32.0,123.0,13.0,-75.0,5088.0,81.0,-14.0,7.35541231347232,62.25729166101349,
3421,739.83984,65.40477078475074,67.2625684727019,154.26901102054472,28.0,0.80575,390.0,61.0,200.0,1280.0,28.0,262.0,159.0,429.0,36.255187532561855,142,9,58,54,199.0,-43.0,57.0,38.0,128.0,18.0,-71.0,5085.0,86.0,-9.0,7.3598877697017935,62.25729166101349,
3422,690.91907,34.57559236410294,71.9486218472027,160.37656936479186,28.0,0.79745,390.0,61.0,200.0,1280.0,28.0,262.0,159.0,429.0,34.27715105632249,135,7,52,53,199.0,-43.0,57.0,38.0,128.0,18.0,-71.0,5085.0,86.0,-9.0,7.364363225931267,62.25729166101349,
3423,649.15393,60.220664282269716,73.83588091558586,141.92130579967952,28.0,0.8136,346.0,49.0,163.0,1117.0,31.0,214.0,143.0,388.0,36.70188303139453,118,16,59,53,199.0,-19.0,57.0,66.0,154.0,44.0,-45.0,5178.0,113.0,15.0,7.368838682160738,62.25729166101349,
3424,487.41937,65.29293214054246,89.52445534563036,58.58293062393265,28.0,0.80475,346.0,49.0,163.0,1117.0,31.0,214.0,143.0,388.0,51.940735496136824,113,12,58,55,199.0,-19.0,57.0,66.0,154.0,44.0,-45.0,5178.0,113.0,15.0,7.373314138390211,62.25729166101349,
3425,186.95341,65.30787673095946,77.8594939664792,51.5621430321186,29.0,0.81355,296.0,43.0,141.0,988.0,33.0,188.0,124.0,351.0,52.68349008603942,120,11,62,56,199.0,2.0,58.0,89.0,175.0,66.0,-24.0,5212.0,135.0,36.0,7.377789594619684,62.25729166101349,
3426,522.8048,181.9228444788046,112.34813158726641,183.35709599964977,28.0,0.6583,323.0,46.0,152.0,1049.0,32.0,202.0,134.0,365.0,50.560737818433395,132,6,61,56,202.0,-17.0,58.0,70.0,159.0,47.0,-43.0,5264.0,117.0,18.0,7.42701961314374,62.25729166101349,
3427,494.68356,130.31316568946102,57.10810976078242,101.53481905487442,28.0,0.7786,323.0,46.0,152.0,1049.0,32.0,202.0,134.0,365.0,36.42959480103817,118,4,56,58,202.0,-17.0,58.0,70.0,159.0,47.0,-43.0,5264.0,117.0,18.0,7.431495069373211,62.25729166101349,
3428,396.80573,147.76996849814395,37.997971092548966,140.08657117623463,28.0,0.8224,339.0,49.0,163.0,1098.0,30.0,217.0,140.0,377.0,23.560366498109687,114,7,57,56,201.0,-25.0,58.0,60.0,149.0,38.0,-52.0,5223.0,107.0,9.0,7.435970525602685,62.25729166101349,
3429,371.77408,221.6244737893135,27.787463564928913,182.1369352282601,28.0,0.8373,339.0,49.0,163.0,1098.0,30.0,217.0,140.0,377.0,13.749045089396287,143,9,58,58,201.0,-25.0,58.0,60.0,149.0,38.0,-52.0,5223.0,107.0,9.0,7.440445981832158,62.25729166101349,
3430,387.3557,233.54375153219195,26.842876904482832,193.91392443984802,29.0,0.8561,336.0,49.0,161.0,1087.0,31.0,214.0,139.0,374.0,16.856334062311372,122,8,58,58,202.0,-25.0,59.0,60.0,150.0,38.0,-52.0,5208.0,107.0,9.0,7.4449214380616295,62.25729166101349,
3431,406.22897,226.60143988516074,24.00014298058187,196.70562131759849,29.0,0.8611,336.0,49.0,161.0,1087.0,31.0,214.0,139.0,374.0,17.512683318647063,111,9,58,56,202.0,-25.0,59.0,60.0,150.0,38.0,-52.0,5208.0,107.0,9.0,7.449396894291103,62.25729166101349,
3432,420.3934,177.30706101986686,25.282916734375924,186.9524195528187,29.0,0.8569,335.0,49.0,161.0,1086.0,31.0,214.0,138.0,373.0,17.702495673158612,123,9,56,57,203.0,-26.0,59.0,60.0,150.0,37.0,-53.0,5232.0,107.0,8.0,7.453872350520576,62.25729166101349,
3433,451.49615,227.7459266550337,31.902491612730778,213.31078498141082,29.0,0.8279,335.0,49.0,161.0,1085.0,30.0,215.0,138.0,371.0,21.179253223903544,108,8,59,55,202.0,-27.0,59.0,59.0,148.0,36.0,-54.0,5244.0,106.0,7.0,7.458347806750047,62.25729166101349,
3434,501.17233,218.89709053204848,40.34170767616958,213.14009290533517,29.0,0.843,335.0,49.0,161.0,1085.0,30.0,215.0,138.0,371.0,24.22560756123814,113,7,58,55,202.0,-27.0,59.0,59.0,148.0,36.0,-54.0,5244.0,106.0,7.0,7.462823262979449,62.25729166101349,
3435,566.67725,219.77411246399757,52.220993279111156,235.96538503233302,28.0,0.8551,340.0,51.0,167.0,1109.0,30.0,224.0,140.0,377.0,30.180276455686876,117,6,59,55,204.0,-32.0,59.0,53.0,144.0,31.0,-60.0,5250.0,100.0,2.0,7.467298719208922,62.25729166101349,
3436,664.5681,224.55625736056294,66.06461496250247,245.38084955326178,28.0,0.7908,340.0,51.0,167.0,1109.0,30.0,224.0,140.0,377.0,39.88833121301328,115,7,57,56,204.0,-32.0,59.0,53.0,144.0,31.0,-60.0,5250.0,100.0,2.0,7.4717741754383935,62.25729166101349,
3437,802.9054,134.84374901920268,42.80772569460914,119.8238736296055,28.0,0.8251,336.0,50.0,165.0,1095.0,30.0,222.0,138.0,372.0,28.584865421126313,111,7,53,56,205.0,-33.0,59.0,53.0,144.0,31.0,-61.0,5301.0,101.0,1.0,7.485200544126812,62.25729166101349,
3438,707.8587,129.74553590786036,38.601668957893956,117.54077104080008,28.0,0.8545,336.0,50.0,165.0,1095.0,30.0,222.0,138.0,372.0,27.066653816463607,111,7,56,54,205.0,-33.0,59.0,53.0,144.0,31.0,-61.0,5301.0,101.0,1.0,7.489676000356285,62.25729166101349,
3439,626.3505,131.90988881103752,27.78580606506219,133.79042303578473,28.0,0.8178,347.0,54.0,177.0,1146.0,28.0,239.0,142.0,384.0,20.475386084793396,125,7,53,55,205.0,-41.0,59.0,43.0,135.0,21.0,-70.0,5236.0,91.0,-7.0,7.494151456585758,62.25729166101349,
3440,590.46515,200.78572563925175,10.689796349680973,177.03795966104175,28.0,0.8316,347.0,54.0,177.0,1146.0,28.0,239.0,142.0,384.0,5.1429787768199935,134,6,55,56,205.0,-41.0,59.0,43.0,135.0,21.0,-70.0,5236.0,91.0,-7.0,7.498626912815229,62.25729166101349,
3441,612.4943,308.776892033172,23.924196833700346,217.77208342103185,28.0,0.8491,360.0,59.0,191.0,1203.0,27.0,257.0,146.0,397.0,16.690470832862975,123,8,57,57,205.0,-50.0,59.0,34.0,126.0,13.0,-79.0,5221.0,82.0,-16.0,7.50310236904463,62.25729166101349,
3442,668.738,323.56797788015706,37.54896095784937,225.08133599683975,28.0,0.8572,360.0,59.0,191.0,1203.0,27.0,257.0,146.0,397.0,24.60781173279212,121,15,57,57,205.0,-50.0,59.0,34.0,126.0,13.0,-79.0,5221.0,82.0,-16.0,7.507577825274103,62.25729166101349,
3443,881.0458,219.29525250948933,17.643176454821138,205.7495929212996,28.0,0.778,271.0,45.0,152.0,946.0,26.0,222.0,110.0,305.0,12.635708979956256,121,17,53,58,222.0,-54.0,64.0,39.0,137.0,14.0,-85.0,5656.0,89.0,-18.0,7.861138867401795,62.25729166101349,
3444,924.6299,220.37763842537245,26.359140658188693,216.25997863587804,28.0,0.8041,271.0,45.0,152.0,946.0,26.0,222.0,110.0,305.0,18.004357835926893,129,14,53,58,222.0,-54.0,64.0,39.0,137.0,14.0,-85.0,5656.0,89.0,-18.0,7.865614323631268,62.25729166101349,
3445,980.34076,212.49697063627,40.39234669244404,222.24580290004104,28.0,0.799,276.0,46.0,156.0,965.0,26.0,228.0,112.0,310.0,25.632175757471217,139,20,53,57,222.0,-57.0,64.0,36.0,134.0,11.0,-88.0,5644.0,86.0,-21.0,7.87008977986074,62.25729166101349,
3446,896.87524,115.51266189237545,26.431051074907884,114.2423066884059,28.0,0.798,238.0,38.0,133.0,841.0,27.0,203.0,97.0,271.0,23.995479751435816,125,6,55,57,228.0,-53.0,65.0,46.0,145.0,19.0,-83.0,5858.0,96.0,-15.0,7.977500729367868,62.25729166101349,
3447,819.3559,116.5138458697081,16.55366003431328,140.29134197628466,28.0,0.8381,238.0,38.0,133.0,841.0,27.0,203.0,97.0,271.0,14.45109599756427,119,5,54,59,228.0,-53.0,65.0,46.0,145.0,19.0,-83.0,5858.0,96.0,-15.0,7.981976185597341,62.25729166101349,
3448,777.0382,115.81921609005117,10.185291988084305,153.37384520965568,28.0,0.8236,235.0,38.0,133.0,834.0,26.0,202.0,96.0,268.0,9.664981700436726,135,1,55,57,228.0,-51.0,66.0,47.0,146.0,19.0,-82.0,5816.0,97.0,-14.0,7.986451641826814,62.25729166101349,
3449,730.654,206.27269385447167,2.7751099888713093,174.93667178341923,28.0,0.7083,241.0,39.0,137.0,855.0,26.0,208.0,98.0,274.0,2.4103600634910154,127,4,57,59,228.0,-54.0,66.0,43.0,143.0,16.0,-85.0,5815.0,94.0,-17.0,7.995402554285758,62.25729166101349,
3450,729.4976,153.1810032986556,1.0981226945721052,178.57121486874442,28.0,0.71135,241.0,39.0,137.0,855.0,26.0,208.0,98.0,274.0,0.6932292042190058,122,3,56,54,228.0,-54.0,66.0,43.0,143.0,16.0,-85.0,5815.0,94.0,-17.0,7.999878010515231,62.25729166101349,
3451,737.79694,291.1045198811132,11.952521083829113,203.94103239257882,28.0,0.7703,260.0,44.0,155.0,935.0,25.0,231.0,105.0,294.0,9.380268295843315,132,19,55,55,227.0,-64.0,65.0,33.0,133.0,7.0,-94.0,5804.0,84.0,-26.0,8.004353466744705,62.25729166101349,
3452,794.32623,305.29419866911223,25.732602736086214,230.58664946263383,28.0,0.8189,284.0,50.0,175.0,1025.0,23.0,255.0,114.0,318.0,19.95804141044764,131,18,54,55,226.0,-72.0,65.0,21.0,122.0,-4.0,-104.0,5706.0,72.0,-35.0,8.008828922974105,62.25729166101349,
3453,875.24994,309.4984678273396,37.9143461766058,241.81425321963894,28.0,0.815,284.0,50.0,175.0,1025.0,23.0,255.0,114.0,318.0,26.751054940919637,136,16,52,53,226.0,-72.0,65.0,21.0,122.0,-4.0,-104.0,5706.0,72.0,-35.0,8.013304379203579,62.25729166101349,
3454,990.03723,306.03683900798904,48.25972711689951,252.59050686564376,29.0,0.77175,294.0,53.0,185.0,1065.0,23.0,267.0,117.0,327.0,35.94196036850866,134,5,53,53,224.0,-76.0,65.0,16.0,117.0,-8.0,-107.0,5681.0,68.0,-39.0,8.01777983543305,62.25729166101349,
3455,999.86224,149.84307487376847,30.28088185305073,155.56835764851104,28.0,0.7786,204.0,40.0,142.0,840.0,23.0,247.0,90.0,265.0,16.517162201482144,97,17,47,56,261.0,-80.0,74.0,-10.0,146.0,2.0,-115.0,6674.0,90.0,81.0,8.823361956736615,62.25729166101349,
3456,980.8264,167.41102774019808,27.77765946650192,171.10974932188307,28.0,0.7837,205.0,40.0,143.0,847.0,24.0,249.0,91.0,268.0,15.923669597435996,114,16,53,57,261.0,-81.0,74.0,-11.0,145.0,1.0,-116.0,6643.0,89.0,79.0,8.82783741296609,62.25729166101349,
3457,965.5532,175.47866986032048,15.20833196094237,172.76672490534798,28.0,0.7333,205.0,40.0,143.0,847.0,24.0,249.0,91.0,268.0,8.848523812908967,120,16,52,57,261.0,-81.0,74.0,-11.0,145.0,1.0,-116.0,6643.0,89.0,79.0,8.832312869195562,62.25729166101349,
3458,1021.014,269.7145132292949,15.951437561908365,221.58287462054892,28.0,0.7435,212.0,42.0,150.0,876.0,23.0,258.0,94.0,276.0,16.84006028539922,117,16,55,57,258.0,-84.0,73.0,-18.0,138.0,-5.0,-120.0,6560.0,83.0,73.0,8.841263781654506,62.25729166101349,
3459,896.0831,117.23209208982605,55.80162223958306,170.62139796902713,28.0,0.74895,390.0,61.0,200.0,1280.0,28.0,262.0,159.0,429.0,31.015310718247946,136,7,59,57,199.0,-43.0,57.0,38.0,128.0,18.0,-71.0,5085.0,86.0,-9.0,7.359379003823572,62.255208327680336,
3460,855.6505,65.6991691059427,69.15953115024163,155.6181262060466,28.0,0.7846,390.0,61.0,200.0,1280.0,28.0,262.0,159.0,429.0,36.01450509644266,138,8,52,56,199.0,-43.0,57.0,38.0,128.0,18.0,-71.0,5085.0,86.0,-9.0,7.363854150678841,62.255208327680336,
3461,834.51935,138.94791445085636,82.45201489101274,170.12936398511087,28.0,0.7677,346.0,49.0,163.0,1117.0,31.0,214.0,143.0,388.0,41.74365931031651,126,9,56,55,199.0,-19.0,57.0,66.0,154.0,44.0,-45.0,5178.0,113.0,15.0,7.3683292975341095,62.255208327680336,
3462,697.37067,54.95270343679682,95.7474384385467,64.07454051929032,28.0,0.8123,346.0,49.0,163.0,1117.0,31.0,214.0,143.0,388.0,53.33653070534858,126,10,57,56,199.0,-19.0,57.0,66.0,154.0,44.0,-45.0,5178.0,113.0,15.0,7.372804444389378,62.255208327680336,
3463,353.9996,67.16639148869557,95.38394491183695,42.314566570457785,29.0,0.8044,296.0,43.0,141.0,988.0,33.0,188.0,124.0,351.0,57.8199196153753,126,3,53,57,199.0,2.0,58.0,89.0,175.0,66.0,-24.0,5212.0,135.0,36.0,7.377279591244647,62.255208327680336,
3464,100.525215,53.92199437304969,70.0441630215831,80.6454162139623,29.0,0.778,296.0,43.0,141.0,988.0,33.0,188.0,124.0,351.0,43.953489641061765,108,11,60,60,199.0,2.0,58.0,89.0,175.0,66.0,-24.0,5212.0,135.0,36.0,7.381754738099843,62.255208327680336,
3465,229.48833,198.1400890623296,114.85063501926625,211.89412809551004,28.0,0.66555,323.0,46.0,152.0,1049.0,32.0,202.0,134.0,365.0,51.056204369026744,114,10,58,58,202.0,-17.0,58.0,70.0,159.0,47.0,-43.0,5264.0,117.0,18.0,7.426506206652459,62.255208327680336,
3466,352.68964,175.3368360564382,97.0073722942017,174.53297651453005,28.0,0.6822,323.0,46.0,152.0,1049.0,32.0,202.0,134.0,365.0,45.41801967757284,119,8,63,58,202.0,-17.0,58.0,70.0,159.0,47.0,-43.0,5264.0,117.0,18.0,7.430981353507728,62.255208327680336,
3467,313.91406,192.49223956562653,59.60455786426121,174.58601307192214,28.0,0.7547,339.0,49.0,163.0,1098.0,30.0,217.0,140.0,377.0,36.383094044465814,114,7,55,63,201.0,-25.0,58.0,60.0,149.0,38.0,-52.0,5223.0,107.0,9.0,7.435456500362997,62.255208327680336,
3468,414.95047,290.7328392701702,51.47004017909304,229.78588987493785,28.0,0.79085,339.0,49.0,163.0,1098.0,30.0,217.0,140.0,377.0,34.768217200223816,122,10,53,59,201.0,-25.0,58.0,60.0,149.0,38.0,-52.0,5223.0,107.0,9.0,7.439931647218265,62.255208327680336,
3469,466.63052,118.77373915467335,52.34934877999598,170.8902207353555,29.0,0.8465,336.0,49.0,161.0,1087.0,31.0,214.0,139.0,374.0,31.681715738596882,131,16,51,60,202.0,-25.0,59.0,60.0,150.0,38.0,-52.0,5208.0,107.0,9.0,7.444406794073534,62.255208327680336,
3470,452.32208,142.31863901400874,36.43874307457807,175.48159160624428,29.0,0.8602,336.0,49.0,161.0,1087.0,31.0,214.0,139.0,374.0,18.679125051543803,112,6,54,59,202.0,-25.0,59.0,60.0,150.0,38.0,-52.0,5208.0,107.0,9.0,7.448881940928804,62.255208327680336,
3471,444.9464,101.46228949035226,27.513133976031224,173.91459521993693,29.0,0.842,335.0,49.0,161.0,1086.0,31.0,214.0,138.0,373.0,14.694437969522387,112,6,54,57,203.0,-26.0,59.0,60.0,150.0,37.0,-53.0,5232.0,107.0,8.0,7.453357087784073,62.255208327680336,
3472,453.73196,325.2790628154189,26.427817778700337,200.03728501495044,29.0,0.859,335.0,49.0,161.0,1086.0,31.0,214.0,138.0,373.0,16.639320653058007,113,7,55,58,203.0,-26.0,59.0,60.0,150.0,37.0,-53.0,5232.0,107.0,8.0,7.4578322346393415,62.255208327680336,
3473,474.0644,222.53108870081724,19.599995675885594,187.31830458898375,29.0,0.8578,335.0,49.0,161.0,1085.0,30.0,215.0,138.0,371.0,12.547138742518026,132,8,56,57,202.0,-27.0,59.0,59.0,148.0,36.0,-54.0,5244.0,106.0,7.0,7.462307381494539,62.255208327680336,
3474,502.08163,229.58147748833647,17.615182095510324,214.26679692565924,28.0,0.8655,340.0,51.0,167.0,1109.0,30.0,224.0,140.0,377.0,13.696378197176521,128,5,58,59,204.0,-32.0,59.0,53.0,144.0,31.0,-60.0,5250.0,100.0,2.0,7.466782528349808,62.255208327680336,
3475,560.85803,228.72988812821924,35.08293284526142,234.00421257854165,28.0,0.7793,340.0,51.0,167.0,1109.0,30.0,224.0,140.0,377.0,24.156580540416112,103,7,58,60,204.0,-32.0,59.0,53.0,144.0,31.0,-60.0,5250.0,100.0,2.0,7.471257675205076,62.255208327680336,
3476,712.6577,223.5876328841682,87.49148976816053,241.10311516644197,28.0,0.73995,338.0,51.0,166.0,1103.0,30.0,223.0,139.0,375.0,48.85379190081656,121,8,57,59,204.0,-33.0,59.0,53.0,144.0,31.0,-60.0,5271.0,101.0,1.0,7.475732822060344,62.255208327680336,
3477,709.2482,141.3388962665071,57.25911906962201,116.51207579135645,28.0,0.84235,336.0,50.0,165.0,1095.0,30.0,222.0,138.0,372.0,35.21631708273885,109,4,58,59,205.0,-33.0,59.0,53.0,144.0,31.0,-61.0,5301.0,101.0,1.0,7.484683115770881,62.255208327680336,
3478,634.0307,148.35384919500342,39.18140826997179,139.58811375052156,28.0,0.8601,336.0,50.0,165.0,1095.0,30.0,222.0,138.0,372.0,25.183631891971885,120,6,57,55,205.0,-33.0,59.0,53.0,144.0,31.0,-61.0,5301.0,101.0,1.0,7.48915826262615,62.255208327680336,
3479,592.83594,170.18345506578478,14.354490480779987,168.8786764910949,28.0,0.8489,347.0,54.0,177.0,1146.0,28.0,239.0,142.0,384.0,8.99448465232134,126,5,53,51,205.0,-41.0,59.0,43.0,135.0,21.0,-70.0,5236.0,91.0,-7.0,7.49363340948142,62.255208327680336,
3480,602.8399,308.8249941172211,20.58538980640909,207.22980716621728,28.0,0.8497,347.0,54.0,177.0,1146.0,28.0,239.0,142.0,384.0,12.712162325443563,114,8,55,60,205.0,-41.0,59.0,43.0,135.0,21.0,-70.0,5236.0,91.0,-7.0,7.498108556336689,62.255208327680336,
3481,677.81995,314.027837746611,45.533652745060294,245.50318704228206,28.0,0.8603,360.0,59.0,191.0,1203.0,27.0,257.0,146.0,397.0,30.900796807832897,111,0,57,58,205.0,-50.0,59.0,34.0,126.0,13.0,-79.0,5221.0,82.0,-16.0,7.5025837031918865,62.255208327680336,
3482,903.46924,209.13257142037813,24.89177505871278,203.41217363210205,28.0,0.7902,276.0,46.0,156.0,965.0,26.0,228.0,112.0,310.0,15.230942226406313,95,18,56,57,222.0,-57.0,64.0,36.0,134.0,11.0,-88.0,5644.0,86.0,-21.0,7.869545745323282,62.255208327680336,
3483,937.5332,204.83915218440188,36.844226016496755,207.39998894010566,28.0,0.789,276.0,46.0,156.0,965.0,26.0,228.0,112.0,310.0,20.911258278034566,107,29,56,58,222.0,-57.0,64.0,36.0,134.0,11.0,-88.0,5644.0,86.0,-21.0,7.87402089217855,62.255208327680336,
3484,983.5535,201.80639214987622,41.7038937400948,209.024460107547,28.0,0.7897,287.0,49.0,166.0,1008.0,25.0,240.0,116.0,320.0,24.553014668847137,114,30,55,53,222.0,-62.0,64.0,30.0,129.0,6.0,-93.0,5621.0,81.0,-25.0,7.878496039033819,62.255208327680336,
3485,1008.845,196.85741777677416,32.67706218810615,197.21609605255807,28.0,0.7816,287.0,49.0,166.0,1008.0,25.0,240.0,116.0,320.0,19.28136136265442,128,8,54,54,222.0,-62.0,64.0,30.0,129.0,6.0,-93.0,5621.0,81.0,-25.0,7.882971185889089,62.255208327680336,
3486,871.33,108.77620711095467,23.181455115372696,114.56634568164624,28.0,0.8197,238.0,38.0,133.0,841.0,27.0,203.0,97.0,271.0,22.76166679686105,124,5,56,59,228.0,-53.0,65.0,46.0,145.0,19.0,-83.0,5858.0,96.0,-15.0,7.976949269849518,62.255208327680336,
3487,802.2213,112.61050149009445,12.905297348217456,145.50528871283768,28.0,0.8438,238.0,38.0,133.0,841.0,27.0,203.0,97.0,271.0,12.171796519453224,121,5,54,58,228.0,-53.0,65.0,46.0,145.0,19.0,-83.0,5858.0,96.0,-15.0,7.981424416704787,62.255208327680336,
3488,764.9975,111.56723063615179,8.079166263494178,158.4701806758482,28.0,0.8375,235.0,38.0,133.0,834.0,26.0,202.0,96.0,268.0,7.620539119031703,117,3,55,56,228.0,-51.0,66.0,47.0,146.0,19.0,-82.0,5816.0,97.0,-14.0,7.985899563560055,62.255208327680336,
3489,740.32764,111.40355100262343,5.65816636919861,163.9052946995078,28.0,0.79945,235.0,38.0,133.0,834.0,26.0,202.0,96.0,268.0,5.812066879864753,119,5,54,56,228.0,-51.0,66.0,47.0,146.0,19.0,-82.0,5816.0,97.0,-14.0,7.990374710415324,62.255208327680336,
3490,729.7796,170.80598268434557,1.8700057474875207,180.06661292510753,28.0,0.7359,241.0,39.0,137.0,855.0,26.0,208.0,98.0,274.0,0.48019992565396336,125,3,57,56,228.0,-54.0,66.0,43.0,143.0,16.0,-85.0,5815.0,94.0,-17.0,7.994849857270593,62.255208327680336,
3491,730.9465,230.72282897569454,5.152812770769186,185.83136587197134,28.0,0.76105,241.0,39.0,137.0,855.0,26.0,208.0,98.0,274.0,2.8332243939267885,121,5,56,57,228.0,-54.0,66.0,43.0,143.0,16.0,-85.0,5815.0,94.0,-17.0,7.999325004125863,62.255208327680336,
3492,761.36224,305.6205165660378,20.253906092554512,220.32477852050755,28.0,0.81015,260.0,44.0,155.0,935.0,25.0,231.0,105.0,294.0,15.825781742212547,124,25,55,56,227.0,-64.0,65.0,33.0,133.0,7.0,-94.0,5804.0,84.0,-26.0,8.003800150981132,62.255208327680336,
3493,836.0136,303.2837339524308,31.39809162525876,241.52195846168314,28.0,0.84165,260.0,44.0,155.0,935.0,25.0,231.0,105.0,294.0,24.43782791105293,126,18,53,55,227.0,-64.0,65.0,33.0,133.0,7.0,-94.0,5804.0,84.0,-26.0,8.008275297836327,62.255208327680336,
3494,942.47986,303.7480139914244,38.2308122051285,250.36450835330572,28.0,0.815,284.0,50.0,175.0,1025.0,23.0,255.0,114.0,318.0,29.93731652767481,138,1,52,53,226.0,-72.0,65.0,21.0,122.0,-4.0,-104.0,5706.0,72.0,-35.0,8.012750444691596,62.255208327680336,
3495,1054.2218,298.2749334635505,34.14081442110868,249.9452095991157,29.0,0.7387,294.0,53.0,185.0,1065.0,23.0,267.0,117.0,327.0,27.451826333842916,134,4,52,54,224.0,-76.0,65.0,16.0,117.0,-8.0,-107.0,5681.0,68.0,-39.0,8.017225591546865,62.255208327680336,
3496,952.365,249.37744756787933,4.748938256639125,190.24647091652966,28.0,0.7266,205.0,40.0,143.0,847.0,24.0,249.0,91.0,268.0,4.226287126667187,111,17,52,56,261.0,-81.0,74.0,-11.0,145.0,1.0,-116.0,6643.0,89.0,79.0,8.83170231920428,62.255208327680336,
3497,961.66833,234.24361740680823,4.886063404395062,188.935065553836,28.0,0.73785,212.0,42.0,150.0,876.0,23.0,258.0,94.0,276.0,3.9776684747240547,110,5,56,59,258.0,-84.0,73.0,-18.0,138.0,-5.0,-120.0,6560.0,83.0,73.0,8.83617746605955,62.255208327680336,
3498,994.8506,247.87819417642132,17.122063079649617,226.4639869517144,28.0,0.74855,212.0,42.0,150.0,876.0,23.0,258.0,94.0,276.0,16.979150612362602,120,17,55,58,258.0,-84.0,73.0,-18.0,138.0,-5.0,-120.0,6560.0,83.0,73.0,8.840652612914818,62.255208327680336,
3499,894.70807,60.19585671919005,93.56114965358327,65.31972436501678,28.0,0.761,346.0,49.0,163.0,1117.0,31.0,214.0,143.0,388.0,54.330055947410095,116,3,52,56,199.0,-19.0,57.0,66.0,154.0,44.0,-45.0,5178.0,113.0,15.0,7.372294830597177,62.253124994347196,
3500,115.94286,44.33435486669597,83.05517132621675,90.58217961212881,29.0,0.747,294.0,43.0,140.0,984.0,33.0,187.0,123.0,349.0,46.12046589101998,114,28,58,56,199.0,2.0,58.0,89.0,175.0,66.0,-24.0,5200.0,134.0,36.0,7.385719343186355,62.253124994347196,
3501,182.60933,225.81155947492974,58.65042003019256,224.85291614315153,28.0,0.81585,339.0,49.0,163.0,1098.0,30.0,217.0,140.0,377.0,42.65480113525312,113,9,56,62,201.0,-25.0,58.0,60.0,149.0,38.0,-52.0,5223.0,107.0,9.0,7.434942556013534,62.253124994347196,
3502,366.85217,242.00306335210774,67.14310789484776,251.98526671445364,28.0,0.8142,339.0,49.0,163.0,1098.0,30.0,217.0,140.0,377.0,45.13533404682083,123,11,54,59,201.0,-25.0,58.0,60.0,149.0,38.0,-52.0,5223.0,107.0,9.0,7.439417393543283,62.253124994347196,
3503,549.761,199.90670859735053,52.46217859040082,210.80235762280006,29.0,0.8422,336.0,49.0,161.0,1087.0,31.0,214.0,139.0,374.0,33.78394664808526,118,9,51,57,202.0,-25.0,59.0,60.0,150.0,38.0,-52.0,5208.0,107.0,9.0,7.4438922310730335,62.253124994347196,
3504,570.2478,110.23387680477266,67.33776323743868,171.87079240258217,29.0,0.7805,336.0,49.0,161.0,1087.0,31.0,214.0,139.0,374.0,32.204300168092566,107,5,53,58,202.0,-25.0,59.0,60.0,150.0,38.0,-52.0,5208.0,107.0,9.0,7.448367068602784,62.253124994347196,
3505,552.6372,64.04951877361157,73.71396802420675,165.02155084452767,29.0,0.8241,335.0,49.0,161.0,1086.0,31.0,214.0,138.0,373.0,37.08469940455628,108,3,53,58,203.0,-26.0,59.0,60.0,150.0,37.0,-53.0,5232.0,107.0,8.0,7.452841906132535,62.253124994347196,
3506,551.2862,226.89773074060975,59.12117704443473,187.7587030942912,29.0,0.87275,335.0,49.0,161.0,1086.0,31.0,214.0,138.0,373.0,32.80625552256386,122,7,50,56,203.0,-26.0,59.0,60.0,150.0,37.0,-53.0,5232.0,107.0,8.0,7.457316743662283,62.253124994347196,
3507,538.4256,63.7926604050559,32.54508855909166,143.7256708090613,29.0,0.8751,335.0,49.0,161.0,1085.0,30.0,215.0,138.0,371.0,21.652039995129407,116,8,52,58,202.0,-27.0,59.0,59.0,148.0,36.0,-54.0,5244.0,106.0,7.0,7.461791581191962,62.253124994347196,
3508,496.39877,76.18605460044454,15.374925979408099,170.6926234253897,29.0,0.85965,335.0,49.0,161.0,1085.0,30.0,215.0,138.0,371.0,11.455530213020031,123,7,55,58,202.0,-27.0,59.0,59.0,148.0,36.0,-54.0,5244.0,106.0,7.0,7.4662664187217125,62.253124994347196,
3509,502.47134,187.22518514749402,17.005210129450965,194.28244332003192,28.0,0.83455,340.0,51.0,167.0,1109.0,30.0,224.0,140.0,377.0,11.14971362904582,130,2,55,59,204.0,-32.0,59.0,53.0,144.0,31.0,-60.0,5250.0,100.0,2.0,7.470741256251463,62.253124994347196,
3510,585.8564,166.31086913174295,49.35171567796324,158.9619101665687,28.0,0.8118,336.0,50.0,165.0,1095.0,30.0,222.0,138.0,372.0,27.58155798423825,119,6,55,58,205.0,-33.0,59.0,53.0,144.0,31.0,-61.0,5301.0,101.0,1.0,7.484165768840712,62.253124994347196,
3511,569.8827,215.69330863736278,21.00005533985248,186.81549594616328,28.0,0.8445,336.0,50.0,165.0,1095.0,30.0,222.0,138.0,372.0,13.227211529453248,117,6,55,57,205.0,-33.0,59.0,53.0,144.0,31.0,-61.0,5301.0,101.0,1.0,7.4886406063704625,62.253124994347196,
3512,596.3642,303.5019563211542,22.457993196804654,211.5071410213257,28.0,0.826,347.0,54.0,177.0,1146.0,28.0,239.0,142.0,384.0,14.30314413903189,119,8,52,56,205.0,-41.0,59.0,43.0,135.0,21.0,-70.0,5236.0,91.0,-7.0,7.493115443900213,62.253124994347196,
3513,661.4998,319.17620238695434,46.678541712117465,236.3897100393607,28.0,0.85275,347.0,54.0,177.0,1146.0,28.0,239.0,142.0,384.0,29.675943024566134,103,0,53,58,205.0,-41.0,59.0,43.0,135.0,21.0,-70.0,5236.0,91.0,-7.0,7.4975902814299635,62.253124994347196,
3514,902.2512,206.3366389701781,25.30424597258648,201.04047277516904,28.0,0.7771,287.0,49.0,166.0,1008.0,25.0,240.0,116.0,320.0,15.123527527079743,118,36,58,57,222.0,-62.0,64.0,30.0,129.0,6.0,-93.0,5621.0,81.0,-25.0,7.8779514714579975,62.253124994347196,
3515,932.5167,207.61970003830808,28.931113277543908,204.83056279360787,28.0,0.795,287.0,49.0,166.0,1008.0,25.0,240.0,116.0,320.0,17.58511752270064,112,29,55,56,222.0,-62.0,64.0,30.0,129.0,6.0,-93.0,5621.0,81.0,-25.0,7.882426308987748,62.253124994347196,
3516,975.966,216.96827150690947,30.81585596455774,217.9418187417348,29.0,0.7928,299.0,52.0,178.0,1058.0,24.0,255.0,120.0,332.0,20.293694232736843,97,30,54,57,220.0,-67.0,64.0,24.0,122.0,-1.0,-98.0,5562.0,74.0,-31.0,7.886901146517498,62.253124994347196,
3517,944.389,123.02443899020015,40.30221739030233,104.26529526962564,28.0,0.7488,246.0,40.0,140.0,872.0,26.0,211.0,100.0,279.0,30.654780477595008,125,5,55,58,228.0,-56.0,66.0,42.0,142.0,15.0,-86.0,5814.0,93.0,-17.0,7.971923059582534,62.253124994347196,
3518,852.8906,111.87067624791172,20.64302499766393,124.20674334949916,28.0,0.8398,238.0,38.0,133.0,841.0,27.0,203.0,97.0,271.0,19.667729468550633,119,4,56,57,228.0,-53.0,65.0,46.0,145.0,19.0,-83.0,5858.0,96.0,-15.0,7.976397897112283,62.253124994347196,
3519,792.6322,109.35333107782614,11.076660526102927,148.09981807109543,28.0,0.8465,238.0,38.0,133.0,841.0,27.0,203.0,97.0,271.0,11.004576917633615,120,4,54,57,228.0,-53.0,65.0,46.0,145.0,19.0,-83.0,5858.0,96.0,-15.0,7.980872734642033,62.253124994347196,
3520,760.24115,107.92432396208154,7.624141101769294,157.9413303277869,28.0,0.77985,235.0,38.0,133.0,834.0,26.0,202.0,96.0,268.0,7.740465174975897,124,4,56,55,228.0,-51.0,66.0,47.0,146.0,19.0,-82.0,5816.0,97.0,-14.0,7.985347572171782,62.253124994347196,
3521,739.11725,169.4437831167922,4.183950905207909,174.16496921326984,28.0,0.7643,235.0,38.0,133.0,834.0,26.0,202.0,96.0,268.0,3.0800880685155763,122,6,56,55,228.0,-51.0,66.0,47.0,146.0,19.0,-82.0,5816.0,97.0,-14.0,7.9898224097015325,62.253124994347196,
3522,736.8136,160.77282088063592,5.68519899321346,179.64220637751447,28.0,0.7761,241.0,39.0,137.0,855.0,26.0,208.0,98.0,274.0,3.0336596318114717,129,5,56,57,228.0,-54.0,66.0,43.0,143.0,16.0,-85.0,5815.0,94.0,-17.0,7.994297247231283,62.253124994347196,
3523,801.64124,308.9234959478191,28.902236451817085,232.4530851128524,28.0,0.8367,260.0,44.0,155.0,935.0,25.0,231.0,105.0,294.0,21.868142311042003,114,17,53,55,227.0,-64.0,65.0,33.0,133.0,7.0,-94.0,5804.0,84.0,-26.0,8.003246922290783,62.253124994347196,
3524,888.412,304.9045035543453,33.61499245397588,245.10121640187276,28.0,0.8417,260.0,44.0,155.0,935.0,25.0,231.0,105.0,294.0,26.77858261063963,113,4,53,55,227.0,-64.0,65.0,33.0,133.0,7.0,-94.0,5804.0,84.0,-26.0,8.00772175982046,62.253124994347196,
3525,985.1009,294.08399608262215,26.743911445865987,243.04614602599412,28.0,0.82835,284.0,50.0,175.0,1025.0,23.0,255.0,114.0,318.0,22.687875764219317,136,0,54,55,226.0,-72.0,65.0,21.0,122.0,-4.0,-104.0,5706.0,72.0,-35.0,8.012196597350211,62.253124994347196,
3526,976.1118,295.87192342110154,11.756793538816995,203.88177778691698,28.0,0.7715,212.0,42.0,150.0,876.0,23.0,258.0,94.0,276.0,9.537685250677322,120,16,55,58,258.0,-84.0,73.0,-18.0,138.0,-5.0,-120.0,6560.0,83.0,73.0,8.840041540352459,62.253124994347196,
3527,1041.9796,264.2989556591488,22.386588972177886,246.14079522420798,28.0,0.7183,219.0,44.0,155.0,898.0,23.0,265.0,97.0,282.0,24.75113832435401,116,16,54,55,256.0,-88.0,73.0,-22.0,132.0,-9.0,-124.0,6500.0,77.0,68.0,8.844516377882208,62.253124994347196,
3528,676.4443,49.67656927633746,132.93041193987656,63.71510767217261,29.0,0.76335,296.0,43.0,141.0,988.0,33.0,188.0,124.0,351.0,59.93577723131623,113,4,52,57,199.0,2.0,58.0,89.0,175.0,66.0,-24.0,5212.0,135.0,36.0,7.380734353501365,62.25104166101406,
3529,104.07128,257.73514902529325,33.39465752485277,254.9712221116899,28.0,0.8566,339.0,49.0,163.0,1098.0,30.0,217.0,140.0,377.0,32.86258858397119,99,6,53,61,201.0,-25.0,58.0,60.0,149.0,38.0,-52.0,5223.0,107.0,9.0,7.43442869253616,62.25104166101406,
3530,262.0108,261.2865083317884,41.391891964610295,255.0,28.0,0.8391,339.0,49.0,163.0,1098.0,30.0,217.0,140.0,377.0,37.597865151024294,107,15,60,59,201.0,-25.0,58.0,60.0,149.0,38.0,-52.0,5223.0,107.0,9.0,7.438903220789064,62.25104166101406,
3531,493.45148,265.535442907,69.65243630121525,254.58756902962236,29.0,0.7872,336.0,49.0,161.0,1087.0,31.0,214.0,139.0,374.0,52.25674949365905,123,13,61,59,202.0,-25.0,59.0,60.0,150.0,38.0,-52.0,5208.0,107.0,9.0,7.44337774904197,62.25104166101406,
3532,745.1933,233.4776177431214,76.51324444353797,205.74235393585434,29.0,0.7729,336.0,49.0,161.0,1087.0,31.0,214.0,139.0,374.0,42.17576705222627,110,8,53,57,202.0,-25.0,59.0,60.0,150.0,38.0,-52.0,5208.0,107.0,9.0,7.447852277294875,62.25104166101406,
3533,757.141,106.40450962542116,73.47711998795849,147.23597026232787,29.0,0.8371,335.0,49.0,161.0,1086.0,31.0,214.0,138.0,373.0,38.15890750385284,113,5,54,59,203.0,-26.0,59.0,60.0,150.0,37.0,-53.0,5232.0,107.0,8.0,7.452326805547782,62.25104166101406,
3534,675.74274,48.096485464222255,45.45670555483005,126.89189997788733,29.0,0.854,335.0,49.0,161.0,1086.0,31.0,214.0,138.0,373.0,27.92587367795727,110,6,53,57,203.0,-26.0,59.0,60.0,150.0,37.0,-53.0,5232.0,107.0,8.0,7.456801333800685,62.25104166101406,
3535,605.9446,47.96132123361936,33.36253869206195,131.31329581294017,29.0,0.8684,335.0,49.0,161.0,1085.0,30.0,215.0,138.0,371.0,21.997470934789146,113,5,54,59,202.0,-27.0,59.0,59.0,148.0,36.0,-54.0,5244.0,106.0,7.0,7.46127586205352,62.25104166101406,
3536,547.30725,33.42969304169118,31.705343470511366,147.00115453096038,29.0,0.87535,335.0,49.0,161.0,1085.0,30.0,215.0,138.0,371.0,19.609771064484118,117,6,57,59,202.0,-27.0,59.0,59.0,148.0,36.0,-54.0,5244.0,106.0,7.0,7.465750390306425,62.25104166101406,
3537,514.7501,72.18328278183252,21.659187392667956,169.67156590725486,28.0,0.85215,340.0,51.0,167.0,1109.0,30.0,224.0,140.0,377.0,12.713174873411356,117,10,55,56,204.0,-32.0,59.0,53.0,144.0,31.0,-60.0,5250.0,100.0,2.0,7.47022491855933,62.25104166101406,
3538,511.6932,171.58053395271202,14.859741311888135,183.1759405253489,28.0,0.83315,340.0,51.0,167.0,1109.0,30.0,224.0,140.0,377.0,11.332056816842666,132,6,53,59,204.0,-32.0,59.0,53.0,144.0,31.0,-60.0,5250.0,100.0,2.0,7.474699446812235,62.25104166101406,
3539,519.45325,243.20813333018154,16.52566120342488,187.17205062822373,28.0,0.82855,338.0,51.0,166.0,1103.0,30.0,223.0,139.0,375.0,10.647940852217005,126,6,53,56,204.0,-33.0,59.0,53.0,144.0,31.0,-60.0,5271.0,101.0,1.0,7.479173975065141,62.25104166101406,
3540,535.27295,280.689180862236,17.058469169445296,197.49456965912293,28.0,0.8355,336.0,50.0,165.0,1095.0,30.0,222.0,138.0,372.0,9.627665619977252,119,8,56,56,205.0,-33.0,59.0,53.0,144.0,31.0,-61.0,5301.0,101.0,1.0,7.483648503318046,62.25104166101406,
3541,577.5997,303.0117692650408,28.20049771119008,230.88927964346897,28.0,0.8187,336.0,50.0,165.0,1095.0,30.0,222.0,138.0,372.0,20.327157304476064,119,13,54,56,205.0,-33.0,59.0,53.0,144.0,31.0,-61.0,5301.0,101.0,1.0,7.488123031570951,62.25104166101406,
3542,664.47107,319.3708937247512,49.78888409222853,242.20861004133297,28.0,0.8361,347.0,54.0,177.0,1146.0,28.0,239.0,142.0,384.0,32.6682116873159,105,12,53,55,205.0,-41.0,59.0,43.0,135.0,21.0,-70.0,5236.0,91.0,-7.0,7.492597559823858,62.25104166101406,
3543,875.133,74.32654283555667,15.778678755917017,167.50643572993025,28.0,0.8221,271.0,45.0,152.0,946.0,26.0,222.0,110.0,305.0,9.858338840863553,130,7,56,54,222.0,-54.0,64.0,39.0,137.0,14.0,-85.0,5656.0,89.0,-18.0,7.8595088765613825,62.25104166101406,
3544,864.12805,63.411107067564465,8.616627665914235,172.60654797837944,28.0,0.79895,271.0,45.0,152.0,946.0,26.0,222.0,110.0,305.0,5.4945991105732155,148,8,58,54,222.0,-54.0,64.0,39.0,137.0,14.0,-85.0,5656.0,89.0,-18.0,7.863983404814288,62.25104166101406,
3545,875.49817,199.14269565539786,17.88233355093538,192.97089575761382,28.0,0.76545,287.0,49.0,166.0,1008.0,25.0,240.0,116.0,320.0,11.548298933312942,121,14,55,55,222.0,-62.0,64.0,30.0,129.0,6.0,-93.0,5621.0,81.0,-25.0,7.88188151782591,62.25104166101406,
3546,904.84686,208.5635148472218,27.080755216359456,207.65618841528772,29.0,0.7535,299.0,52.0,178.0,1058.0,24.0,255.0,120.0,332.0,18.00314045370033,108,19,55,55,220.0,-67.0,64.0,24.0,122.0,-1.0,-98.0,5562.0,74.0,-31.0,7.886356046078816,62.25104166101406,
3547,1008.15027,164.1185540320822,49.80012077600515,158.0305572444238,28.0,0.6339,267.0,45.0,157.0,950.0,25.0,232.0,108.0,301.0,26.380902293093655,111,5,52,55,225.0,-63.0,65.0,33.0,132.0,7.0,-93.0,5742.0,84.0,-25.0,7.962423026378063,62.25104166101406,
3548,960.16016,149.48173734482214,55.2799148305909,128.72862241340957,28.0,0.7374,246.0,40.0,140.0,872.0,26.0,211.0,100.0,279.0,34.191270723374316,129,6,56,54,228.0,-56.0,66.0,42.0,142.0,15.0,-86.0,5814.0,93.0,-17.0,7.966897554630896,62.25104166101406,
3549,824.2395,131.0601835271431,21.070133073004968,144.9215675166335,28.0,0.8256,238.0,38.0,133.0,841.0,27.0,203.0,97.0,271.0,15.11768050974828,122,5,55,58,228.0,-53.0,65.0,46.0,145.0,19.0,-83.0,5858.0,96.0,-15.0,7.975846611136708,62.25104166101406,
3550,779.8132,122.54658819400983,11.990666690844801,151.29072985602366,28.0,0.80695,238.0,38.0,133.0,841.0,27.0,203.0,97.0,271.0,11.327644279539724,112,5,55,59,228.0,-53.0,65.0,46.0,145.0,19.0,-83.0,5858.0,96.0,-15.0,7.980321139389612,62.25104166101406,
3551,754.3156,174.67805988942482,9.925318670208506,171.84334876313497,28.0,0.75005,235.0,38.0,133.0,834.0,26.0,202.0,96.0,268.0,9.079044449497292,125,5,54,56,228.0,-51.0,66.0,47.0,146.0,19.0,-82.0,5816.0,97.0,-14.0,7.984795667642518,62.25104166101406,
3552,748.9519,221.41090143148182,8.813021122287044,178.73473096986837,28.0,0.7611,235.0,38.0,133.0,834.0,26.0,202.0,96.0,268.0,5.4660206677642424,114,6,55,56,228.0,-51.0,66.0,47.0,146.0,19.0,-82.0,5816.0,97.0,-14.0,7.989270195895424,62.25104166101406,
3553,751.7328,341.8613181150796,9.84015577212249,186.20637883006827,28.0,0.8104,241.0,39.0,137.0,855.0,26.0,208.0,98.0,274.0,5.713943665886395,123,5,57,56,228.0,-54.0,66.0,43.0,143.0,16.0,-85.0,5815.0,94.0,-17.0,7.993744724148328,62.25104166101406,
3554,779.33374,311.655690965805,22.261166622012478,219.94527792178056,28.0,0.8341,241.0,39.0,137.0,855.0,26.0,208.0,98.0,274.0,16.84909885379214,110,5,53,56,228.0,-54.0,66.0,43.0,143.0,16.0,-85.0,5815.0,94.0,-17.0,7.998219252401236,62.25104166101406,
3555,851.6799,306.30656607823295,29.394886998012204,236.49035707656927,28.0,0.8438,260.0,44.0,155.0,935.0,25.0,231.0,105.0,294.0,22.876750648564787,112,6,56,57,227.0,-64.0,65.0,33.0,133.0,7.0,-94.0,5804.0,84.0,-26.0,8.002693780654141,62.25104166101406,
3556,931.91095,296.93387158543294,24.750358996253194,234.7498205783026,28.0,0.83845,260.0,44.0,155.0,935.0,25.0,231.0,105.0,294.0,19.951094703557096,110,1,55,55,227.0,-64.0,65.0,33.0,133.0,7.0,-94.0,5804.0,84.0,-26.0,8.007168308906973,62.25104166101406,
3557,1009.81647,294.2529554271148,23.703830549899607,239.20099810462776,28.0,0.8119,284.0,50.0,175.0,1025.0,23.0,255.0,114.0,318.0,21.094113385249543,139,0,51,56,226.0,-72.0,65.0,21.0,122.0,-4.0,-104.0,5706.0,72.0,-35.0,8.01164283715988,62.25104166101406,
3558,718.38605,49.78727387859345,87.54506707010734,86.8188640276825,29.0,0.8148,336.0,48.0,158.0,1086.0,32.0,208.0,139.0,378.0,45.20223178396541,117,9,53,57,200.0,-18.0,58.0,68.0,156.0,46.0,-44.0,5198.0,114.0,17.0,7.384698500640851,62.2489583276809,
3559,545.5702,52.539737542802825,105.89200477579872,93.2446713025171,29.0,0.8274,336.0,48.0,158.0,1086.0,32.0,208.0,139.0,378.0,48.19609662522389,120,8,52,61,200.0,-18.0,58.0,68.0,156.0,46.0,-44.0,5198.0,114.0,17.0,7.389172719665576,62.2489583276809,
3560,75.50213,272.308235058718,27.28463216926901,254.86190642050204,29.0,0.87785,367.0,58.0,189.0,1211.0,28.0,251.0,150.0,405.0,30.37145630342095,112,9,55,61,202.0,-43.0,59.0,39.0,131.0,18.0,-71.0,5181.0,88.0,-10.0,7.433914909912744,62.2489583276809,
3561,230.76306,271.1048046489453,37.998493082070176,255.0,29.0,0.87,367.0,58.0,189.0,1211.0,28.0,251.0,150.0,405.0,38.16675963602188,115,18,60,61,202.0,-43.0,59.0,39.0,131.0,18.0,-71.0,5181.0,88.0,-10.0,7.438389128937468,62.2489583276809,
3562,460.80008,277.3435728723084,62.52462750143084,255.0,28.0,0.80315,373.0,60.0,195.0,1237.0,27.0,260.0,152.0,411.0,50.70473206898771,128,13,60,59,202.0,-47.0,58.0,34.0,126.0,14.0,-76.0,5164.0,83.0,-14.0,7.4428633479621915,62.2489583276809,
3563,783.9706,280.2314214494252,65.82881819164115,242.4458942569368,28.0,0.7574,373.0,60.0,195.0,1237.0,27.0,260.0,152.0,411.0,45.384446723906706,120,7,54,58,202.0,-47.0,58.0,34.0,126.0,14.0,-76.0,5164.0,83.0,-14.0,7.447337566986916,62.2489583276809,
3564,776.99554,46.22444493443695,41.97348668197045,121.89190605228006,28.0,0.8335,357.0,56.0,182.0,1175.0,28.0,242.0,146.0,394.0,27.360820777718768,121,4,54,58,203.0,-40.0,58.0,43.0,135.0,22.0,-68.0,5192.0,91.0,-7.0,7.456286005036364,62.2489583276809,
3565,693.59216,44.5003585494749,38.870535263592274,125.72246676495364,29.0,0.8448,350.0,54.0,176.0,1150.0,29.0,236.0,143.0,387.0,25.70919169405663,117,7,55,56,203.0,-38.0,59.0,46.0,138.0,25.0,-65.0,5230.0,95.0,-4.0,7.460760224061016,62.2489583276809,
3566,637.4155,29.0685207231341,35.71816026876342,149.02893589613075,29.0,0.83835,350.0,54.0,176.0,1150.0,29.0,236.0,143.0,387.0,21.461521070135753,117,12,56,55,203.0,-38.0,59.0,46.0,138.0,25.0,-65.0,5230.0,95.0,-4.0,7.465234443085739,62.2489583276809,
3567,588.57874,30.5138028624833,34.82196277725955,146.3588202358677,29.0,0.8471,350.0,54.0,176.0,1149.0,29.0,236.0,143.0,387.0,21.964383186337756,119,9,55,56,203.0,-39.0,59.0,46.0,137.0,24.0,-66.0,5258.0,94.0,-5.0,7.469708662110463,62.2489583276809,
3568,558.8279,154.5826789684095,29.882132642814053,175.6059642010179,29.0,0.8507,350.0,54.0,176.0,1149.0,29.0,236.0,143.0,387.0,16.611101434466097,119,5,54,55,203.0,-39.0,59.0,46.0,137.0,24.0,-66.0,5258.0,94.0,-5.0,7.474182881135188,62.2489583276809,
3569,560.9572,252.23639175728673,30.62899269797227,183.7515825658044,28.0,0.8507,359.0,57.0,186.0,1191.0,28.0,251.0,146.0,396.0,15.3369515406055,117,6,56,58,205.0,-47.0,59.0,38.0,130.0,16.0,-75.0,5244.0,86.0,-13.0,7.478657100159912,62.2489583276809,
3570,582.5302,328.65573418378915,38.85458235582546,209.09040302452664,28.0,0.8351,359.0,57.0,186.0,1191.0,28.0,251.0,146.0,396.0,23.494669159195535,122,10,53,56,205.0,-47.0,59.0,38.0,130.0,16.0,-75.0,5244.0,86.0,-13.0,7.483131319184635,62.2489583276809,
3571,652.1266,318.4334627833471,50.10639977742578,241.57146286040705,28.0,0.8337,384.0,65.0,212.0,1297.0,25.0,284.0,155.0,421.0,31.752973746937876,117,9,54,53,205.0,-60.0,59.0,22.0,116.0,2.0,-89.0,5198.0,72.0,-26.0,7.487605538209359,62.2489583276809,
3572,896.8646,28.620095347981152,19.804242469777662,161.17030054738805,28.0,0.81045,276.0,46.0,156.0,965.0,26.0,228.0,112.0,310.0,12.88252265165824,148,9,54,53,222.0,-57.0,64.0,35.0,134.0,11.0,-88.0,5640.0,86.0,-21.0,7.863439936285459,62.2489583276809,
3573,922.676,190.0621954341175,42.23936301452959,192.6312296351002,29.0,0.5947,265.0,44.0,150.0,931.0,26.0,222.0,108.0,299.0,22.52605916803883,122,5,54,56,224.0,-56.0,65.0,38.0,137.0,12.0,-87.0,5703.0,89.0,-20.0,7.899233688483179,62.2489583276809,
3574,934.77576,186.26926857294012,47.11026291647235,188.47564071634181,29.0,0.5913,264.0,44.0,150.0,930.0,26.0,222.0,107.0,298.0,25.26207853883048,109,4,49,59,224.0,-57.0,65.0,38.0,137.0,12.0,-87.0,5708.0,89.0,-19.0,7.903707907507902,62.2489583276809,
3575,970.78455,183.57851245060755,45.82173779862824,185.20942124488622,29.0,0.5798,258.0,43.0,147.0,910.0,26.0,218.0,105.0,292.0,25.885373768536397,126,4,53,55,224.0,-56.0,65.0,40.0,138.0,14.0,-86.0,5712.0,90.0,-18.0,7.921604783606798,62.2489583276809,
3576,992.76984,182.5844551448483,56.940001791095185,184.56484141299342,28.0,0.6572,250.0,41.0,143.0,887.0,26.0,214.0,102.0,285.0,30.741031625922655,130,5,52,54,225.0,-55.0,65.0,42.0,140.0,15.0,-85.0,5776.0,92.0,-18.0,7.939501659705623,62.2489583276809,
3577,1005.90674,184.39414911199418,60.11089255889061,187.68164656580763,28.0,0.7249,247.0,40.0,139.0,873.0,26.0,210.0,101.0,281.0,32.55547659997749,129,7,53,54,227.0,-54.0,65.0,44.0,143.0,17.0,-84.0,5817.0,94.0,-17.0,7.943975878730347,62.2489583276809,
3578,900.5775,158.12324417691602,45.39963949003732,150.94068271418217,28.0,0.7517,243.0,40.0,139.0,864.0,26.0,209.0,99.0,277.0,25.947807675791726,129,9,56,57,228.0,-55.0,66.0,43.0,143.0,16.0,-85.0,5829.0,94.0,-17.0,7.961872754829243,62.2489583276809,
3579,821.1475,147.9196821175793,24.625797023269705,154.27034343080012,29.0,0.7888,243.0,40.0,139.0,865.0,26.0,210.0,99.0,277.0,15.814903097108171,117,7,54,59,227.0,-54.0,66.0,43.0,142.0,16.0,-85.0,5802.0,93.0,-17.0,7.970821192878621,62.2489583276809,
3580,785.631,164.71015707229424,16.450975856367304,156.98144798020687,28.0,0.7754,243.0,40.0,140.0,866.0,26.0,211.0,99.0,277.0,12.350755614907676,115,4,54,57,228.0,-55.0,66.0,42.0,142.0,15.0,-86.0,5808.0,93.0,-18.0,7.9752954119033435,62.2489583276809,
3581,772.93256,279.99121918983695,11.051627814880716,184.08358551210537,28.0,0.7641,243.0,40.0,140.0,866.0,26.0,211.0,99.0,277.0,9.333051099338608,126,3,56,58,228.0,-55.0,66.0,42.0,142.0,15.0,-86.0,5808.0,93.0,-18.0,7.979769630928067,62.2489583276809,
3582,780.2928,164.05739497529564,11.772001194735797,182.01614178799485,29.0,0.7687,252.0,42.0,148.0,902.0,25.0,222.0,102.0,285.0,7.140086152396308,123,5,55,55,227.0,-60.0,66.0,37.0,137.0,10.0,-90.0,5793.0,87.0,-23.0,7.984243849952791,62.2489583276809,
3583,773.74774,67.97547025557424,10.853060610602304,174.189185494463,29.0,0.8098,252.0,42.0,148.0,902.0,25.0,222.0,102.0,285.0,6.358714629552344,113,3,56,56,227.0,-60.0,66.0,37.0,137.0,10.0,-90.0,5793.0,87.0,-23.0,7.988718068977515,62.2489583276809,
3584,776.71124,324.25822274423007,15.56689550872153,197.27691823857117,28.0,0.8371,263.0,45.0,158.0,947.0,24.0,234.0,106.0,297.0,9.945558073759056,122,6,56,58,227.0,-64.0,65.0,31.0,131.0,5.0,-96.0,5737.0,82.0,-27.0,7.993192288002239,62.2489583276809,
3585,821.4569,310.40893946594247,26.70488695590863,228.63923401415943,28.0,0.8299,263.0,45.0,158.0,947.0,24.0,234.0,106.0,297.0,20.49898823807537,109,2,54,55,227.0,-64.0,65.0,31.0,131.0,5.0,-96.0,5737.0,82.0,-27.0,7.997666507026963,62.2489583276809,
3586,893.97723,303.4650325290471,24.161007990147006,229.06762249005456,28.0,0.8219,283.0,50.0,175.0,1023.0,23.0,255.0,113.0,317.0,19.084463484200796,111,4,54,56,226.0,-72.0,65.0,22.0,123.0,-3.0,-103.0,5734.0,74.0,-34.0,8.002140726051687,62.2489583276809,
3587,958.1602,298.9190638550961,21.17008951231599,230.10808546794942,28.0,0.8236,283.0,50.0,175.0,1023.0,23.0,255.0,113.0,317.0,18.40301956253198,116,1,52,57,226.0,-72.0,65.0,22.0,123.0,-3.0,-103.0,5734.0,74.0,-34.0,8.00661494507634,62.2489583276809,
3588,773.791,122.62770360706234,32.43392687061427,117.32410168919674,29.0,0.8261,336.0,48.0,158.0,1086.0,32.0,208.0,139.0,378.0,27.23620671215469,125,1,57,55,200.0,-18.0,58.0,68.0,156.0,46.0,-44.0,5198.0,114.0,17.0,7.384188199828098,62.24687499434775,
3589,651.7546,88.21997626497053,35.4441352438604,87.16771292046288,29.0,0.835,336.0,48.0,158.0,1086.0,32.0,208.0,139.0,378.0,32.94577089274763,124,4,56,57,200.0,-18.0,58.0,68.0,156.0,46.0,-44.0,5198.0,114.0,17.0,7.388662109673293,62.24687499434775,
3590,487.83087,74.81299102566294,46.57839952511441,77.69199680621657,29.0,0.8457,292.0,42.0,138.0,976.0,33.0,186.0,122.0,346.0,36.848530351718594,120,4,52,58,200.0,2.0,58.0,89.0,175.0,66.0,-25.0,5226.0,134.0,36.0,7.393136019518488,62.24687499434775,
3591,316.9725,74.52165508791184,54.46366156935719,71.68763167364689,29.0,0.837,292.0,42.0,138.0,976.0,33.0,186.0,122.0,346.0,40.4192155871964,115,5,52,64,200.0,2.0,58.0,89.0,175.0,66.0,-25.0,5226.0,134.0,36.0,7.397609929363683,62.24687499434775,
3592,69.41386,279.77119399523906,29.494519437385737,252.95286444448175,29.0,0.87,367.0,58.0,189.0,1211.0,28.0,251.0,150.0,405.0,30.312970367126308,108,15,43,62,202.0,-43.0,59.0,39.0,131.0,18.0,-71.0,5181.0,88.0,-10.0,7.43340120812517,62.24687499434775,
3593,229.16914,280.1292492046032,46.406856854965696,255.0,29.0,0.8435,367.0,58.0,189.0,1211.0,28.0,251.0,150.0,405.0,40.79998530856448,129,10,55,61,202.0,-43.0,59.0,39.0,131.0,18.0,-71.0,5181.0,88.0,-10.0,7.437875117970365,62.24687499434775,
3594,818.5384,290.4600855366039,80.14936294484933,251.90394350350084,28.0,0.7208,373.0,60.0,195.0,1237.0,27.0,260.0,152.0,411.0,53.73666368871308,126,9,51,56,202.0,-47.0,58.0,34.0,126.0,14.0,-76.0,5164.0,83.0,-14.0,7.446822937660755,62.24687499434775,
3595,780.5569,56.42571206715232,32.76415391536727,115.38500377100382,29.0,0.8291,350.0,54.0,176.0,1150.0,29.0,236.0,143.0,387.0,26.249938987637318,119,10,56,57,203.0,-38.0,59.0,46.0,138.0,25.0,-65.0,5230.0,95.0,-4.0,7.460244667196268,62.24687499434775,
3596,705.4069,46.77481520351853,26.82149385084228,139.13555482780012,29.0,0.82455,350.0,54.0,176.0,1150.0,29.0,236.0,143.0,387.0,18.740125189391456,106,12,56,56,203.0,-38.0,59.0,46.0,138.0,25.0,-65.0,5230.0,95.0,-4.0,7.464718577041463,62.24687499434775,
3597,667.14606,67.56158631053674,36.58418071458511,164.88164330700974,29.0,0.8218,350.0,54.0,176.0,1149.0,29.0,236.0,143.0,387.0,20.525618858306167,109,8,55,57,203.0,-39.0,59.0,46.0,137.0,24.0,-66.0,5258.0,94.0,-5.0,7.469192486886658,62.24687499434775,
3598,647.0929,115.10924956032702,45.12911037226519,172.4287240022345,29.0,0.84,350.0,54.0,176.0,1149.0,29.0,236.0,143.0,387.0,24.860571321270143,137,6,54,56,203.0,-39.0,59.0,46.0,137.0,24.0,-66.0,5258.0,94.0,-5.0,7.473666396731853,62.24687499434775,
3599,650.38025,266.0309713715903,48.256528566924466,189.6986342114693,28.0,0.8586,359.0,57.0,186.0,1191.0,28.0,251.0,146.0,396.0,27.178765007510254,115,6,51,54,205.0,-47.0,59.0,38.0,130.0,16.0,-75.0,5244.0,86.0,-13.0,7.478140306577048,62.24687499434775,
3600,684.45325,336.8615084572117,50.60560361520706,213.38538019891786,28.0,0.8351,359.0,57.0,186.0,1191.0,28.0,251.0,146.0,396.0,27.685677364425683,121,6,51,55,205.0,-47.0,59.0,38.0,130.0,16.0,-75.0,5244.0,86.0,-13.0,7.482614216422243,62.24687499434775,
3601,758.72504,322.65568534922147,63.36631181333936,241.62110196302228,28.0,0.8224,384.0,65.0,212.0,1297.0,25.0,284.0,155.0,421.0,35.75141869386721,114,9,50,54,205.0,-60.0,59.0,22.0,116.0,2.0,-89.0,5198.0,72.0,-26.0,7.487088126267438,62.24687499434775,
3602,890.6948,37.39555084563163,19.420083520113955,160.8515833360595,28.0,0.8237,270.0,45.0,153.0,945.0,26.0,223.0,110.0,304.0,12.934757752205401,139,6,57,56,222.0,-55.0,64.0,38.0,136.0,13.0,-86.0,5643.0,88.0,-19.0,7.871844372953484,62.24687499434775,
3603,864.2714,173.54928735510566,15.27887303274337,183.50805760390838,29.0,0.6303,264.0,44.0,150.0,930.0,26.0,222.0,107.0,298.0,7.352065344359606,125,29,51,56,224.0,-57.0,65.0,38.0,137.0,12.0,-87.0,5708.0,89.0,-19.0,7.903161741869777,62.24687499434775,
3604,882.92523,183.1537403242989,25.442747473943367,182.90418600289573,29.0,0.6531,258.0,43.0,147.0,910.0,26.0,218.0,105.0,292.0,14.160481056968086,124,2,52,55,224.0,-56.0,65.0,40.0,138.0,14.0,-86.0,5712.0,90.0,-18.0,7.921057381250557,62.24687499434775,
3605,887.88385,181.96262899517782,27.880292908089736,182.02659720878907,28.0,0.6492,256.0,42.0,146.0,903.0,26.0,217.0,104.0,289.0,15.679837372255164,126,4,54,55,226.0,-56.0,65.0,40.0,139.0,14.0,-87.0,5751.0,91.0,-18.0,7.930005200940874,62.24687499434775,
3606,883.82574,178.5577145076095,39.61481603859936,179.2124272292314,28.0,0.728,247.0,40.0,139.0,873.0,26.0,210.0,101.0,281.0,21.311654958798854,114,9,55,57,227.0,-54.0,65.0,44.0,143.0,17.0,-84.0,5817.0,94.0,-17.0,7.943426930476461,62.24687499434775,
3607,880.2639,175.79726353598141,47.10200281656361,175.47454455615636,28.0,0.69075,247.0,40.0,139.0,873.0,26.0,210.0,101.0,281.0,25.2334943961948,113,9,56,57,227.0,-54.0,65.0,44.0,143.0,17.0,-84.0,5817.0,94.0,-17.0,7.947900840321656,62.24687499434775,
3608,865.7787,165.18078708800468,52.028036098731526,159.61117335313736,28.0,0.72255,245.0,40.0,139.0,868.0,26.0,209.0,100.0,279.0,27.518774767217987,100,7,55,57,228.0,-55.0,66.0,43.0,143.0,16.0,-85.0,5827.0,94.0,-17.0,7.952374750166849,62.24687499434775,
3609,837.49365,165.62678556583464,39.61250634558472,163.63292969671022,28.0,0.79485,245.0,40.0,139.0,868.0,26.0,209.0,100.0,279.0,21.78415425391198,118,6,54,57,228.0,-55.0,66.0,43.0,143.0,16.0,-85.0,5827.0,94.0,-17.0,7.956848660012044,62.24687499434775,
3610,816.7326,160.8675296576798,28.921722178143554,161.83003166100065,28.0,0.80025,243.0,40.0,139.0,864.0,26.0,209.0,99.0,277.0,17.684342940683678,102,8,54,56,228.0,-55.0,66.0,43.0,143.0,16.0,-85.0,5829.0,94.0,-17.0,7.961322569857239,62.24687499434775,
3611,781.802,152.42994890083165,10.87324041540541,172.77956395182593,29.0,0.7833,243.0,40.0,139.0,865.0,26.0,210.0,99.0,277.0,4.995572350027332,106,7,54,54,227.0,-54.0,66.0,43.0,142.0,16.0,-85.0,5802.0,93.0,-17.0,7.970270389547559,62.24687499434775,
3612,782.77594,270.86634584504185,9.501245823867306,192.8787383258015,29.0,0.77365,243.0,40.0,139.0,865.0,26.0,210.0,99.0,277.0,7.524551484968571,114,5,54,56,227.0,-54.0,66.0,43.0,142.0,16.0,-85.0,5802.0,93.0,-17.0,7.9747442993927535,62.24687499434775,
3613,796.75397,316.8056579591383,9.129842090943308,184.8326830146031,28.0,0.77775,243.0,40.0,140.0,866.0,26.0,211.0,99.0,277.0,4.641257711650106,111,4,57,58,228.0,-55.0,66.0,42.0,142.0,15.0,-86.0,5808.0,93.0,-18.0,7.979218209237948,62.24687499434775,
3614,800.1627,243.8311669061371,7.829680213432136,181.76565242954425,29.0,0.7871,252.0,42.0,148.0,902.0,25.0,222.0,102.0,285.0,4.376127578160347,118,3,54,58,227.0,-60.0,66.0,37.0,137.0,10.0,-90.0,5793.0,87.0,-23.0,7.983692119083142,62.24687499434775,
3615,798.9329,203.78768724265254,12.40100542992929,181.94911154792277,29.0,0.7911,252.0,42.0,148.0,902.0,25.0,222.0,102.0,285.0,6.838396659507357,122,9,55,56,227.0,-60.0,66.0,37.0,137.0,10.0,-90.0,5793.0,87.0,-23.0,7.988166028928337,62.24687499434775,
3616,813.43195,292.7930405638054,21.902919404431312,208.1001842388747,28.0,0.8114,263.0,45.0,158.0,947.0,24.0,234.0,106.0,297.0,15.183349171471452,122,4,53,58,227.0,-64.0,65.0,31.0,131.0,5.0,-96.0,5737.0,82.0,-27.0,7.992639938773531,62.24687499434775,
3617,870.91833,311.1013154380141,26.656684970130755,227.87067660514654,28.0,0.8249,263.0,45.0,158.0,947.0,24.0,234.0,106.0,297.0,20.394285289481182,115,4,52,57,227.0,-64.0,65.0,31.0,131.0,5.0,-96.0,5737.0,82.0,-27.0,7.997113848618729,62.24687499434775,
3618,928.3538,306.2252885814362,21.130203653420637,221.30015188301823,28.0,0.8248,283.0,50.0,175.0,1023.0,23.0,255.0,113.0,317.0,16.43942471317118,106,3,53,57,226.0,-72.0,65.0,22.0,123.0,-3.0,-103.0,5734.0,74.0,-34.0,8.001587758463923,62.24687499434775,
3619,988.8774,300.0269003669117,24.42684217264733,234.3656585708231,28.0,0.8126,283.0,50.0,175.0,1023.0,23.0,255.0,113.0,317.0,20.318422166918356,115,1,53,57,226.0,-72.0,65.0,22.0,123.0,-3.0,-103.0,5734.0,74.0,-34.0,8.006061668309046,62.24687499434775,
3620,750.2611,108.54476169194582,25.17888321953827,120.42010226983803,29.0,0.83885,336.0,48.0,158.0,1086.0,32.0,208.0,139.0,378.0,25.207434917619818,133,4,55,54,200.0,-18.0,58.0,68.0,156.0,46.0,-44.0,5198.0,114.0,17.0,7.383677979298021,62.24479166101461,
3621,667.34467,69.31091596613585,38.430671483738,108.38719291854002,29.0,0.8691,336.0,48.0,158.0,1086.0,32.0,208.0,139.0,378.0,29.89510324185738,113,6,56,57,200.0,-18.0,58.0,68.0,156.0,46.0,-44.0,5198.0,114.0,17.0,7.3881515800123285,62.24479166101461,
3622,532.4226,79.93798367029068,41.21861371545752,77.56734581573427,29.0,0.84695,292.0,42.0,138.0,976.0,33.0,186.0,122.0,346.0,36.349998110341566,121,5,56,59,200.0,2.0,58.0,89.0,175.0,66.0,-25.0,5226.0,134.0,36.0,7.392625180726635,62.24479166101461,
3623,336.2749,99.40880522837931,51.27106282364736,64.26767725853733,29.0,0.81445,292.0,42.0,138.0,976.0,33.0,186.0,122.0,346.0,45.012036798290495,108,1,57,63,200.0,2.0,58.0,89.0,175.0,66.0,-25.0,5226.0,134.0,36.0,7.397098781440942,62.24479166101461,
3624,109.89018,304.2380613135589,45.91457018680801,252.394891788549,28.0,0.8709,319.0,46.0,150.0,1036.0,32.0,199.0,132.0,361.0,33.07430892041133,129,13,53,60,201.0,-15.0,58.0,72.0,160.0,49.0,-41.0,5271.0,119.0,19.0,7.432887587155329,62.24479166101461,
3625,275.94168,293.57930789799144,64.49022309129626,255.0,29.0,0.8467,367.0,58.0,189.0,1211.0,28.0,251.0,150.0,405.0,46.858630486115835,129,9,53,62,202.0,-43.0,59.0,39.0,131.0,18.0,-71.0,5181.0,88.0,-10.0,7.437361187869636,62.24479166101461,
3626,864.9723,281.92706429998833,72.8557879051838,253.2422837388203,28.0,0.721,373.0,60.0,195.0,1237.0,27.0,260.0,152.0,411.0,52.470710571959636,134,9,53,58,202.0,-47.0,58.0,34.0,126.0,14.0,-76.0,5164.0,83.0,-14.0,7.446308389298252,62.24479166101461,
3627,771.3396,38.52318660485002,31.780437927673773,140.46596710825273,29.0,0.8304,350.0,54.0,176.0,1150.0,29.0,236.0,143.0,387.0,21.0601534044618,103,8,54,57,203.0,-38.0,59.0,46.0,138.0,25.0,-65.0,5230.0,95.0,-4.0,7.464202792155408,62.24479166101461,
3628,761.6822,315.33197768398384,35.75998847929829,197.2845957338923,28.0,0.8189,359.0,57.0,186.0,1191.0,28.0,251.0,146.0,396.0,20.683424742947157,112,5,53,55,205.0,-47.0,59.0,38.0,130.0,16.0,-75.0,5244.0,86.0,-13.0,7.477623594298331,62.24479166101461,
3629,792.9883,325.775170040369,42.52502160670196,214.84840070476787,28.0,0.8015,359.0,57.0,186.0,1191.0,28.0,251.0,146.0,396.0,25.363969927806025,109,6,51,56,205.0,-47.0,59.0,38.0,130.0,16.0,-75.0,5244.0,86.0,-13.0,7.4820971950126385,62.24479166101461,
3630,881.7487,310.83326494228686,55.426614992274985,248.01071361446142,28.0,0.7662,384.0,65.0,212.0,1297.0,25.0,284.0,155.0,421.0,38.252728917035604,123,6,52,56,205.0,-60.0,59.0,22.0,116.0,2.0,-89.0,5198.0,72.0,-26.0,7.486570795726944,62.24479166101461,
3631,916.53796,57.31163132069305,21.496157194831582,158.81923334633225,28.0,0.8158,265.0,44.0,149.0,928.0,26.0,219.0,108.0,299.0,14.283480034294293,135,19,55,52,222.0,-54.0,64.0,40.0,138.0,14.0,-84.0,5676.0,90.0,-18.0,7.875774057870961,62.24479166101461,
3632,893.0622,51.59038482364289,19.137038217099732,168.37410275784526,28.0,0.8281,265.0,44.0,149.0,928.0,26.0,219.0,108.0,299.0,12.30421934549761,152,20,52,53,222.0,-54.0,64.0,40.0,138.0,14.0,-84.0,5676.0,90.0,-18.0,7.88024765858527,62.24479166101461,
3633,876.72,24.794729969640542,15.240742155937765,168.6871091237531,28.0,0.8155,265.0,44.0,150.0,930.0,26.0,221.0,108.0,299.0,10.669037897229408,136,5,54,54,222.0,-55.0,64.0,39.0,137.0,13.0,-85.0,5664.0,89.0,-19.0,7.884721259299577,62.24479166101461,
3634,861.6212,134.91271319862324,8.617309231050424,178.57303683690304,29.0,0.66725,261.0,43.0,149.0,921.0,26.0,221.0,106.0,295.0,4.410765200624452,121,4,57,55,224.0,-57.0,65.0,38.0,137.0,13.0,-87.0,5714.0,89.0,-19.0,7.911562863585349,62.24479166101461,
3635,850.72064,143.31713520458186,8.106559040048001,177.77383067253612,28.0,0.6978,256.0,42.0,146.0,903.0,26.0,217.0,104.0,289.0,4.475786577307255,114,7,55,57,226.0,-56.0,65.0,40.0,139.0,14.0,-87.0,5751.0,91.0,-18.0,7.929457266442505,62.24479166101461,
3636,825.0712,163.97448502510667,13.735326603593958,172.82542565996457,28.0,0.735,247.0,40.0,139.0,873.0,26.0,210.0,101.0,281.0,8.914702591059676,114,8,55,53,227.0,-54.0,65.0,44.0,143.0,17.0,-84.0,5817.0,94.0,-17.0,7.942878068585427,62.24479166101461,
3637,813.1341,152.35653090220723,15.086465958615836,171.1920669701964,28.0,0.6676,247.0,40.0,139.0,873.0,26.0,210.0,101.0,281.0,7.904716971076877,104,7,55,55,227.0,-54.0,65.0,44.0,143.0,17.0,-84.0,5817.0,94.0,-17.0,7.947351669299734,62.24479166101461,
3638,782.0115,198.82037025861052,7.816618685454383,179.25980233617244,28.0,0.706,243.0,40.0,139.0,864.0,26.0,209.0,99.0,277.0,2.4652897620504812,112,6,55,57,228.0,-55.0,66.0,43.0,143.0,16.0,-85.0,5829.0,94.0,-17.0,7.960772471442656,62.24479166101461,
3639,782.75726,215.43770077136585,6.872594139579044,181.61720779421216,28.0,0.7231,243.0,40.0,139.0,864.0,26.0,209.0,99.0,277.0,2.843045927186732,113,2,53,54,228.0,-55.0,66.0,43.0,143.0,16.0,-85.0,5829.0,94.0,-17.0,7.965246072156892,62.24479166101461,
3640,786.26544,288.2806324961415,10.100513556593592,186.86916461739227,29.0,0.7554,243.0,40.0,139.0,865.0,26.0,210.0,99.0,277.0,6.230250073548907,128,3,54,55,227.0,-54.0,66.0,43.0,142.0,16.0,-85.0,5802.0,93.0,-17.0,7.9697196728712,62.24479166101461,
3641,800.56213,321.3651659770249,9.893175145924051,193.44969864592434,29.0,0.7553,243.0,40.0,139.0,865.0,26.0,210.0,99.0,277.0,6.812982138532195,117,5,56,56,227.0,-54.0,66.0,43.0,142.0,16.0,-85.0,5802.0,93.0,-17.0,7.974193273585507,62.24479166101461,
3642,818.85846,294.3936207059627,11.465884316022137,185.77314585070096,28.0,0.7867,243.0,40.0,140.0,866.0,26.0,211.0,99.0,277.0,6.198677393928777,124,3,55,59,228.0,-55.0,66.0,42.0,142.0,15.0,-86.0,5808.0,93.0,-18.0,7.983140475014121,62.24479166101461,
3643,831.0365,323.18332675039954,19.138326264751253,197.26705496080322,29.0,0.8263,252.0,42.0,148.0,902.0,25.0,222.0,102.0,285.0,11.636474571010819,115,8,56,56,227.0,-60.0,66.0,37.0,137.0,10.0,-90.0,5793.0,87.0,-23.0,7.987614075728428,62.24479166101461,
3644,864.45013,327.18000554656464,27.687123656053757,211.6378729772213,28.0,0.8116,263.0,45.0,158.0,947.0,24.0,234.0,106.0,297.0,18.693061837446,117,4,56,57,227.0,-64.0,65.0,31.0,131.0,5.0,-96.0,5737.0,82.0,-27.0,7.992087676442735,62.24479166101461,
3645,911.25464,292.6266074573462,22.090013633956175,220.1514478522545,28.0,0.8273,263.0,45.0,158.0,947.0,24.0,234.0,106.0,297.0,16.672194776044943,115,2,55,56,227.0,-64.0,65.0,31.0,131.0,5.0,-96.0,5737.0,82.0,-27.0,7.996561277157044,62.24479166101461,
3646,964.24677,310.31948213760484,23.54270535845906,221.75294121734092,28.0,0.8287,283.0,50.0,175.0,1023.0,23.0,255.0,113.0,317.0,17.462382279459046,112,5,52,56,226.0,-72.0,65.0,22.0,123.0,-3.0,-103.0,5734.0,74.0,-34.0,8.001034877871351,62.24479166101461,
3647,797.90796,163.9292743803146,24.259871188566787,160.43084694221085,29.0,0.84755,372.0,56.0,184.0,1210.0,29.0,243.0,152.0,410.0,20.16805113596594,123,4,57,54,200.0,-36.0,58.0,47.0,137.0,26.0,-63.0,5160.0,95.0,-2.0,7.383167839032626,62.24270832768147,
3648,792.19763,107.53773968437736,51.71854337078289,144.0249935647935,29.0,0.8608,336.0,48.0,158.0,1086.0,32.0,208.0,139.0,378.0,33.89895666014674,125,3,52,56,200.0,-18.0,58.0,68.0,156.0,46.0,-44.0,5198.0,114.0,17.0,7.387641130664676,62.24270832768147,
3649,627.2175,71.22774810201146,63.276171735800524,56.32359933542236,29.0,0.8106,292.0,42.0,138.0,976.0,33.0,186.0,122.0,346.0,48.397664139626116,119,3,55,60,200.0,2.0,58.0,89.0,175.0,66.0,-25.0,5226.0,134.0,36.0,7.392114422296726,62.24270832768147,
3650,364.0236,93.51492890097315,62.75112910501684,47.54265814152298,29.0,0.7759,292.0,42.0,138.0,976.0,33.0,186.0,122.0,346.0,49.895754330096054,109,4,60,60,200.0,2.0,58.0,89.0,175.0,66.0,-25.0,5226.0,134.0,36.0,7.396587713928775,62.24270832768147,
3651,119.16015,233.7763358291281,58.29322472012205,202.43874631048914,28.0,0.8885,319.0,46.0,150.0,1036.0,32.0,199.0,132.0,361.0,34.33946308000954,105,7,45,63,201.0,-15.0,58.0,72.0,160.0,49.0,-41.0,5271.0,119.0,19.0,7.427900755353055,62.24270832768147,
3652,219.14912,316.344929777522,68.39097516506216,250.46497389787135,28.0,0.8873,319.0,46.0,150.0,1036.0,32.0,199.0,132.0,361.0,42.64191742205785,112,9,51,68,201.0,-15.0,58.0,72.0,160.0,49.0,-41.0,5271.0,119.0,19.0,7.432374046985105,62.24270832768147,
3653,391.33447,308.5054990290682,76.82580547991836,254.7185748326685,29.0,0.8577,367.0,58.0,189.0,1211.0,28.0,251.0,150.0,405.0,48.00186507885105,132,9,55,58,202.0,-43.0,59.0,39.0,131.0,18.0,-71.0,5181.0,88.0,-10.0,7.436847338617156,62.24270832768147,
3654,643.8379,296.6972688903115,78.19852444761058,255.0,29.0,0.8476,367.0,58.0,189.0,1211.0,28.0,251.0,150.0,405.0,52.92821026695892,133,9,53,60,202.0,-43.0,59.0,39.0,131.0,18.0,-71.0,5181.0,88.0,-10.0,7.441320630249206,62.24270832768147,
3655,906.37384,287.1293233686774,62.86740276836446,254.9975323117276,28.0,0.7175,373.0,60.0,195.0,1237.0,27.0,260.0,152.0,411.0,47.99183821674649,123,12,55,56,202.0,-47.0,58.0,34.0,126.0,14.0,-76.0,5164.0,83.0,-14.0,7.445793921881256,62.24270832768147,
3656,942.3541,42.978456435022984,20.844415229703962,161.72917269535515,28.0,0.7895,265.0,44.0,149.0,928.0,26.0,219.0,108.0,299.0,13.450043342378983,142,20,56,53,222.0,-54.0,64.0,40.0,138.0,14.0,-84.0,5676.0,90.0,-18.0,7.8797032101893345,62.24270832768147,
3657,921.0374,59.5652699860769,19.799391350274906,165.0095028222114,28.0,0.7902,265.0,44.0,150.0,930.0,26.0,221.0,108.0,299.0,12.775818103276263,143,18,55,55,222.0,-55.0,64.0,39.0,137.0,13.0,-85.0,5664.0,89.0,-19.0,7.8841765018213845,62.24270832768147,
3658,901.70593,30.295811138731498,20.106845923981616,168.81473388208167,28.0,0.8056,265.0,44.0,150.0,930.0,26.0,221.0,108.0,299.0,11.97863959520148,151,20,55,54,222.0,-55.0,64.0,39.0,137.0,13.0,-85.0,5664.0,89.0,-19.0,7.888649793453362,62.24270832768147,
3659,890.2998,128.59786801518413,18.580473693217364,176.9372057452207,29.0,0.8215,265.0,44.0,150.0,931.0,26.0,222.0,108.0,299.0,10.796526916679651,150,16,54,54,224.0,-56.0,65.0,38.0,137.0,12.0,-87.0,5703.0,89.0,-20.0,7.893123085085412,62.24270832768147,
3660,887.9089,260.26585210550945,18.602409442481022,182.5762249855143,29.0,0.812,265.0,44.0,150.0,931.0,26.0,222.0,108.0,299.0,10.728923962368413,146,16,54,54,224.0,-56.0,65.0,38.0,137.0,12.0,-87.0,5703.0,89.0,-20.0,7.897596376717463,62.24270832768147,
3661,894.32465,323.0047026041286,20.887017337962543,186.45117011652547,29.0,0.8033,264.0,44.0,150.0,930.0,26.0,222.0,107.0,298.0,12.017202175739492,145,15,56,55,224.0,-57.0,65.0,38.0,137.0,12.0,-87.0,5708.0,89.0,-19.0,7.902069668349512,62.24270832768147,
3662,898.37134,249.3270212835362,20.21355733998115,182.9272197574852,29.0,0.8092,264.0,44.0,150.0,930.0,26.0,222.0,107.0,298.0,11.678765584469488,149,3,55,55,224.0,-57.0,65.0,38.0,137.0,12.0,-87.0,5708.0,89.0,-19.0,7.9065429599815635,62.24270832768147,
3663,895.8722,62.17103000197749,18.202706837270487,174.85019443899915,29.0,0.79785,261.0,43.0,149.0,921.0,26.0,221.0,106.0,295.0,10.976109202165754,121,4,53,58,224.0,-57.0,65.0,38.0,137.0,13.0,-87.0,5714.0,89.0,-19.0,7.9110162516136135,62.24270832768147,
3664,887.274,64.99605764524253,17.69158677269115,176.25007547440347,29.0,0.79575,261.0,43.0,149.0,921.0,26.0,221.0,106.0,295.0,10.73883783725048,126,4,54,56,224.0,-57.0,65.0,38.0,137.0,13.0,-87.0,5714.0,89.0,-19.0,7.915489543245663,62.24270832768147,
3665,881.89966,96.16145685243166,16.56970433402724,176.3717722383575,29.0,0.8088,258.0,43.0,147.0,910.0,26.0,218.0,105.0,292.0,10.315650915703896,114,4,54,60,224.0,-56.0,65.0,40.0,138.0,14.0,-86.0,5712.0,90.0,-18.0,7.919962834877713,62.24270832768147,
3666,870.729,40.99625829362359,12.304930440657918,167.1917141494324,29.0,0.781,258.0,43.0,147.0,910.0,26.0,218.0,105.0,292.0,8.561533572390825,116,5,55,58,224.0,-56.0,65.0,40.0,138.0,14.0,-86.0,5712.0,90.0,-18.0,7.924436126509692,62.24270832768147,
3667,826.3525,139.83209134184304,6.540872686797558,170.03865815706445,28.0,0.7206,247.0,40.0,139.0,873.0,26.0,210.0,101.0,281.0,7.277986931225554,114,7,54,53,227.0,-54.0,65.0,44.0,143.0,17.0,-84.0,5817.0,94.0,-17.0,7.9423292930378935,62.24270832768147,
3668,809.61475,131.61476088555006,6.359626156538871,168.42454722740086,28.0,0.6963,247.0,40.0,139.0,873.0,26.0,210.0,101.0,281.0,7.051427834916272,118,6,53,55,227.0,-54.0,65.0,44.0,143.0,17.0,-84.0,5817.0,94.0,-17.0,7.946802584669942,62.24270832768147,
3669,800.18964,72.18507668440407,7.6186849154694976,174.41656658595466,28.0,0.7065,245.0,40.0,139.0,868.0,26.0,209.0,100.0,279.0,4.959973143036019,111,4,53,56,228.0,-55.0,66.0,43.0,143.0,16.0,-85.0,5827.0,94.0,-17.0,7.951275876301993,62.24270832768147,
3670,794.6931,83.48056251371747,10.369073762005991,178.0006351755585,28.0,0.6964,245.0,40.0,139.0,868.0,26.0,209.0,100.0,279.0,5.735582367086037,118,4,54,57,228.0,-55.0,66.0,43.0,143.0,16.0,-85.0,5827.0,94.0,-17.0,7.955749167934043,62.24270832768147,
3671,797.026,327.73996678571257,14.316120216717954,186.04544222521713,28.0,0.7314,243.0,40.0,139.0,864.0,26.0,209.0,99.0,277.0,7.896643685757549,124,4,52,56,228.0,-55.0,66.0,43.0,143.0,16.0,-85.0,5829.0,94.0,-17.0,7.960222459566092,62.24270832768147,
3672,806.84216,317.5846417563256,15.986975430353754,189.5197819463219,28.0,0.798,243.0,40.0,139.0,864.0,26.0,209.0,99.0,277.0,9.728592325937994,127,3,53,55,228.0,-55.0,66.0,43.0,143.0,16.0,-85.0,5829.0,94.0,-17.0,7.964695751198071,62.24270832768147,
3673,817.52374,300.53678598354105,15.31250167719768,186.77765772761998,29.0,0.8073,243.0,40.0,139.0,865.0,26.0,210.0,99.0,277.0,8.620706545649746,123,4,53,56,227.0,-54.0,66.0,43.0,142.0,16.0,-85.0,5802.0,93.0,-17.0,7.9691690428301225,62.24270832768147,
3674,824.7897,336.03557100479696,14.555433602333066,188.1181488798035,29.0,0.7765,243.0,40.0,139.0,865.0,26.0,210.0,99.0,277.0,8.360216424293023,117,6,56,57,227.0,-54.0,66.0,43.0,142.0,16.0,-85.0,5802.0,93.0,-17.0,7.9736423344621725,62.24270832768147,
3675,836.9711,335.1103197287699,18.635726283483503,194.35751993050607,28.0,0.7952,243.0,40.0,140.0,866.0,26.0,211.0,99.0,277.0,10.89591939239853,120,3,56,56,228.0,-55.0,66.0,42.0,142.0,15.0,-86.0,5808.0,93.0,-18.0,7.978115626094222,62.24270832768147,
3676,856.3801,323.36793000013654,25.87298461477303,198.2877108612653,28.0,0.83285,243.0,40.0,140.0,866.0,26.0,211.0,99.0,277.0,15.668533791939694,112,5,54,57,228.0,-55.0,66.0,42.0,142.0,15.0,-86.0,5808.0,93.0,-18.0,7.982588917726272,62.24270832768147,
3677,885.6179,335.19447643816267,31.019301470298252,205.72322649515795,29.0,0.8246,252.0,42.0,148.0,902.0,25.0,222.0,102.0,285.0,19.681674602231848,115,4,53,57,227.0,-60.0,66.0,37.0,137.0,10.0,-90.0,5793.0,87.0,-23.0,7.987062209358323,62.24270832768147,
3678,923.2658,325.9690305064672,27.969752941928224,211.42511597432667,29.0,0.8149,252.0,42.0,148.0,902.0,25.0,222.0,102.0,285.0,17.88126841258217,124,5,56,55,227.0,-60.0,66.0,37.0,137.0,10.0,-90.0,5793.0,87.0,-23.0,7.991535500990371,62.24270832768147,
3679,956.3545,279.7126481271349,28.868283666739913,204.58221362936598,28.0,0.7997,263.0,45.0,158.0,947.0,24.0,234.0,106.0,297.0,19.600658665010794,132,5,55,56,227.0,-64.0,65.0,31.0,131.0,5.0,-96.0,5737.0,82.0,-27.0,7.9960087926224235,62.24270832768147,
3680,757.1453,237.5320891362605,40.18411132143513,249.60870991223592,28.0,0.8434,409.0,64.0,210.0,1341.0,28.0,273.0,167.0,450.0,29.5388360700489,128,9,54,53,195.0,-43.0,56.0,36.0,124.0,16.0,-71.0,4999.0,83.0,-10.0,7.293198127045886,62.240624994348316,
3681,845.0098,238.5673594288846,33.21201631868127,191.34369303601306,29.0,0.8306,386.0,61.0,200.0,1272.0,28.0,262.0,157.0,425.0,19.411411668503497,125,7,53,55,200.0,-45.0,58.0,37.0,127.0,16.0,-73.0,5142.0,85.0,-12.0,7.382657779013924,62.240624994348316,
3682,869.9106,154.5323810228471,35.77051546222139,155.86557092371686,28.0,0.8117,355.0,52.0,171.0,1149.0,31.0,225.0,146.0,394.0,26.086814680433932,121,2,57,54,201.0,-27.0,58.0,58.0,147.0,36.0,-54.0,5223.0,105.0,7.0,7.387130761612337,62.240624994348316,
3683,714.6108,92.1373175489819,59.595728830814,55.91913498714243,28.0,0.8145,355.0,52.0,171.0,1149.0,31.0,225.0,146.0,394.0,47.038362337213485,125,3,55,54,201.0,-27.0,58.0,58.0,147.0,36.0,-54.0,5223.0,105.0,7.0,7.391603744210751,62.240624994348316,
3684,106.84828,65.7172602308758,45.974273749944956,84.08714142556057,29.0,0.8565,291.0,42.0,138.0,972.0,33.0,185.0,122.0,346.0,37.761405900889244,126,18,50,62,200.0,1.0,58.0,89.0,175.0,65.0,-25.0,5222.0,134.0,35.0,7.400549709407575,62.240624994348316,
3685,168.51634,237.05590290279608,34.425801949515396,225.7486848816122,28.0,0.8245,312.0,45.0,147.0,1019.0,32.0,196.0,130.0,357.0,23.93988826517358,107,8,39,61,202.0,-11.0,58.0,76.0,164.0,53.0,-38.0,5274.0,123.0,23.0,7.422914622399567,62.240624994348316,
3686,227.1379,294.73642707136736,33.3921899847424,226.07183903263657,29.0,0.8501,345.0,51.0,168.0,1121.0,30.0,223.0,142.0,383.0,22.80201923840949,115,4,43,63,202.0,-29.0,59.0,56.0,146.0,34.0,-56.0,5215.0,103.0,5.0,7.42738760499798,62.240624994348316,
3687,325.98618,293.51246667615476,41.809905755255535,252.38428612448132,29.0,0.8755,345.0,51.0,168.0,1121.0,30.0,223.0,142.0,383.0,31.748380144780178,130,8,55,59,202.0,-29.0,59.0,56.0,146.0,34.0,-56.0,5215.0,103.0,5.0,7.431860587596393,62.240624994348316,
3688,475.4716,281.5579861855153,42.672676433160596,255.0,28.0,0.8712,388.0,64.0,209.0,1298.0,26.0,278.0,157.0,426.0,36.68843641210017,129,6,51,60,201.0,-54.0,58.0,26.0,118.0,6.0,-83.0,5133.0,75.0,-21.0,7.436333570194805,62.240624994348316,
3689,681.5939,273.1874881050101,54.09149020026062,255.0,28.0,0.8513,388.0,64.0,209.0,1298.0,26.0,278.0,157.0,426.0,47.87713129512667,146,7,56,56,201.0,-54.0,58.0,26.0,118.0,6.0,-83.0,5133.0,75.0,-21.0,7.440806552793218,62.240624994348316,
3690,942.34924,281.0958637005782,56.515555593741404,254.95892278661898,28.0,0.7693,391.0,66.0,214.0,1315.0,26.0,284.0,158.0,429.0,48.24844055656853,132,9,54,58,201.0,-57.0,58.0,23.0,115.0,3.0,-86.0,5106.0,72.0,-24.0,7.445279535391632,62.240624994348316,
3691,938.36926,110.41667907578902,21.454424664595745,173.7053233995287,28.0,0.8083,281.0,48.0,165.0,995.0,25.0,240.0,113.0,315.0,12.302408159597414,143,18,54,55,222.0,-62.0,64.0,30.0,129.0,5.0,-93.0,5631.0,80.0,-26.0,7.892577795232039,62.240624994348316,
3692,936.6372,265.07501746862545,21.993609319113336,184.4708977070957,28.0,0.8144,281.0,48.0,165.0,995.0,25.0,240.0,113.0,315.0,12.356167141877005,137,17,53,54,222.0,-62.0,64.0,30.0,129.0,5.0,-93.0,5631.0,80.0,-26.0,7.89705077783045,62.240624994348316,
3693,943.37085,325.4599730640615,20.985747219388738,187.44437154450364,29.0,0.7948,269.0,45.0,156.0,953.0,25.0,229.0,109.0,304.0,11.50763446458956,137,14,54,55,223.0,-60.0,65.0,35.0,133.0,9.0,-90.0,5699.0,85.0,-23.0,7.901523760428863,62.240624994348316,
3694,944.4319,93.42174295491292,19.2024441378986,176.11739351498295,29.0,0.7932,269.0,45.0,156.0,953.0,25.0,229.0,109.0,304.0,10.221119564902475,145,13,58,57,223.0,-60.0,65.0,35.0,133.0,9.0,-90.0,5699.0,85.0,-23.0,7.905996743027276,62.240624994348316,
3695,938.5267,92.13277309673761,16.247484105200137,176.9477781832352,29.0,0.76625,261.0,43.0,149.0,921.0,26.0,221.0,106.0,295.0,9.25107011060689,137,6,54,56,224.0,-57.0,65.0,38.0,137.0,12.0,-87.0,5720.0,89.0,-20.0,7.910469725625689,62.240624994348316,
3696,930.3107,54.58458596278286,14.781967272049934,173.24424015882394,29.0,0.7852,261.0,43.0,149.0,921.0,26.0,221.0,106.0,295.0,8.99502932762869,125,7,54,59,224.0,-57.0,65.0,38.0,137.0,12.0,-87.0,5720.0,89.0,-20.0,7.9149427082241015,62.240624994348316,
3697,917.91907,65.76281784445128,10.960167264825788,167.97115344374902,28.0,0.7934,256.0,42.0,146.0,907.0,26.0,218.0,104.0,291.0,7.927378232023462,116,5,54,56,226.0,-56.0,65.0,40.0,139.0,13.0,-87.0,5749.0,90.0,-19.0,7.919415690822515,62.240624994348316,
3698,897.6668,84.63643426163748,9.367211324210936,164.4169479098028,28.0,0.801,256.0,42.0,146.0,907.0,26.0,218.0,104.0,291.0,7.888904676607032,117,5,54,58,226.0,-56.0,65.0,40.0,139.0,13.0,-87.0,5749.0,90.0,-19.0,7.923888673420855,62.240624994348316,
3699,877.2195,87.49260119351622,10.594676693269303,162.1098105518018,28.0,0.7856,255.0,42.0,146.0,903.0,26.0,217.0,104.0,289.0,8.805600012941305,120,6,53,57,226.0,-56.0,65.0,40.0,139.0,13.0,-87.0,5755.0,90.0,-19.0,7.928361656019268,62.240624994348316,
3700,853.2483,118.6562660372005,12.092082211816072,163.04080307388767,28.0,0.74955,255.0,42.0,146.0,903.0,26.0,217.0,104.0,289.0,9.508860247502033,122,7,54,56,226.0,-56.0,65.0,40.0,139.0,13.0,-87.0,5755.0,90.0,-19.0,7.932834638617679,62.240624994348316,
3701,831.6473,150.4595646148883,8.536642778639123,167.26441414923758,28.0,0.71065,256.0,42.0,148.0,910.0,26.0,220.0,104.0,291.0,7.708872922804868,131,6,53,56,226.0,-58.0,65.0,39.0,138.0,12.0,-88.0,5775.0,89.0,-21.0,7.937307621216094,62.240624994348316,
3702,823.7602,233.3147458697051,7.560956982197679,179.6687180727396,28.0,0.70605,260.0,43.0,151.0,925.0,25.0,225.0,105.0,294.0,5.466655537871398,128,5,54,54,227.0,-60.0,65.0,36.0,136.0,10.0,-91.0,5775.0,87.0,-22.0,7.9417806038145065,62.240624994348316,
3703,825.0179,123.55426311730109,8.817522425357105,179.65422063454253,28.0,0.72475,260.0,43.0,151.0,925.0,25.0,225.0,105.0,294.0,5.111081132755101,122,5,52,56,227.0,-60.0,65.0,36.0,136.0,10.0,-91.0,5775.0,87.0,-22.0,7.94625358641292,62.240624994348316,
3704,824.0956,177.75838935802318,11.359281396705713,180.22214710791624,28.0,0.7675,261.0,44.0,153.0,933.0,25.0,228.0,106.0,296.0,6.002751180780392,116,2,52,56,226.0,-61.0,65.0,35.0,134.0,8.0,-92.0,5781.0,86.0,-24.0,7.950726569011331,62.240624994348316,
3705,827.71545,238.8642375509963,18.305055010162675,185.23614511582701,28.0,0.7923,261.0,44.0,153.0,933.0,25.0,228.0,106.0,296.0,10.15895933873578,123,3,52,56,226.0,-61.0,65.0,35.0,134.0,8.0,-92.0,5781.0,86.0,-24.0,7.955199551609742,62.240624994348316,
3706,839.8166,309.9394573990832,22.033266494593754,189.44187088758977,28.0,0.8221,265.0,45.0,157.0,947.0,25.0,232.0,107.0,299.0,12.791467495099388,125,3,53,57,226.0,-63.0,65.0,32.0,132.0,6.0,-94.0,5749.0,83.0,-26.0,7.959672534208156,62.240624994348316,
3707,849.95886,244.43914298635875,21.324143321856145,183.54555462513392,28.0,0.8218,265.0,45.0,157.0,947.0,25.0,232.0,107.0,299.0,12.197463129802422,108,2,54,58,226.0,-63.0,65.0,32.0,132.0,6.0,-94.0,5749.0,83.0,-26.0,7.964145516806496,62.240624994348316,
3708,856.1586,267.1021496022175,21.138892521412636,186.07481249502132,28.0,0.8203,273.0,47.0,165.0,980.0,24.0,241.0,110.0,308.0,12.042020541612766,115,3,54,55,226.0,-66.0,65.0,28.0,128.0,3.0,-98.0,5743.0,80.0,-29.0,7.9686184994049105,62.240624994348316,
3709,865.47424,313.343699762142,25.244228603269317,191.9168097475206,28.0,0.8105,273.0,47.0,165.0,980.0,24.0,241.0,110.0,308.0,14.184356846947159,122,6,53,57,226.0,-66.0,65.0,28.0,128.0,3.0,-98.0,5743.0,80.0,-29.0,7.973091482003323,62.240624994348316,
3710,892.6745,333.7488990680153,33.17219434803324,208.47904707226513,28.0,0.82175,282.0,49.0,172.0,1015.0,24.0,252.0,113.0,316.0,20.55136441720821,122,4,54,55,226.0,-70.0,65.0,24.0,124.0,-2.0,-102.0,5729.0,75.0,-33.0,7.977564464601736,62.240624994348316,
3711,925.7214,340.430091943756,34.35427925813945,201.2695388417412,28.0,0.8132,282.0,49.0,172.0,1015.0,24.0,252.0,113.0,316.0,20.272180660432138,126,3,53,55,226.0,-70.0,65.0,24.0,124.0,-2.0,-102.0,5729.0,75.0,-33.0,7.982037447200147,62.240624994348316,
3712,953.3337,335.79661277870804,31.589620464694985,203.5328823186524,28.0,0.8216,289.0,51.0,178.0,1040.0,23.0,258.0,116.0,323.0,18.134724479514553,130,3,54,55,226.0,-74.0,65.0,20.0,121.0,-5.0,-105.0,5717.0,72.0,-36.0,7.98651042979856,62.240624994348316,
3713,981.71375,328.8253036103079,31.912232976338302,202.524767111868,28.0,0.7929,289.0,51.0,178.0,1040.0,23.0,258.0,116.0,323.0,18.46954360453806,135,1,56,58,226.0,-74.0,65.0,20.0,121.0,-5.0,-105.0,5717.0,72.0,-36.0,7.9909834123969725,62.240624994348316,
3714,669.11444,244.17892914479845,53.96496344022171,254.36496406774214,28.0,0.8455,409.0,64.0,210.0,1341.0,28.0,273.0,167.0,450.0,39.674861212126764,130,7,51,58,195.0,-43.0,56.0,36.0,124.0,16.0,-71.0,4999.0,83.0,-10.0,7.2926943269564815,62.23854166101517,
3715,797.0104,241.0609783556375,30.02573476610895,237.52904497657693,28.0,0.8456,409.0,64.0,210.0,1341.0,28.0,273.0,167.0,450.0,22.161395270567343,109,9,55,58,195.0,-43.0,56.0,36.0,124.0,16.0,-71.0,4999.0,83.0,-10.0,7.297167000569866,62.23854166101517,
3716,699.0855,84.17551109938422,62.77180873793312,73.05441092449462,28.0,0.71865,355.0,52.0,171.0,1149.0,31.0,225.0,146.0,394.0,51.40540331518812,130,1,57,53,201.0,-27.0,58.0,58.0,147.0,36.0,-54.0,5223.0,105.0,7.0,7.391093146450712,62.23854166101517,
3717,192.99045,55.30452947362933,58.219433427849566,91.27733174325668,29.0,0.8685,291.0,42.0,138.0,972.0,33.0,185.0,122.0,346.0,38.21159120226765,122,17,50,57,200.0,1.0,58.0,89.0,175.0,65.0,-25.0,5222.0,134.0,35.0,7.400038493677481,62.23854166101517,
3718,77.65245,48.032619563942205,47.916003740709264,117.75091163043246,29.0,0.8939,291.0,42.0,138.0,972.0,33.0,185.0,122.0,346.0,30.865284276752305,139,6,50,57,200.0,1.0,58.0,89.0,175.0,65.0,-25.0,5222.0,134.0,35.0,7.404511167290864,62.23854166101517,
3719,193.36057,240.45547851222804,39.23115592328536,252.6937552823049,29.0,0.8613,345.0,51.0,168.0,1121.0,30.0,223.0,142.0,383.0,31.36213670587228,122,8,48,64,202.0,-29.0,59.0,56.0,146.0,34.0,-56.0,5215.0,103.0,5.0,7.426874535357712,62.23854166101517,
3720,314.48953,254.63991030488788,31.86913919606791,254.72831803441736,29.0,0.8773,345.0,51.0,168.0,1121.0,30.0,223.0,142.0,383.0,30.520678721214605,115,7,45,62,202.0,-29.0,59.0,56.0,146.0,34.0,-56.0,5215.0,103.0,5.0,7.431347208971096,62.23854166101517,
3721,463.5409,265.7321613293768,34.634893768007196,255.0,28.0,0.882,388.0,64.0,209.0,1298.0,26.0,278.0,157.0,426.0,34.89213808541573,144,6,52,59,201.0,-54.0,58.0,26.0,118.0,6.0,-83.0,5133.0,75.0,-21.0,7.435819882584479,62.23854166101517,
3722,654.79254,268.8126821638454,48.689460197137855,255.0,28.0,0.851,388.0,64.0,209.0,1298.0,26.0,278.0,157.0,426.0,45.610054163677596,146,9,58,55,201.0,-54.0,58.0,26.0,118.0,6.0,-83.0,5133.0,75.0,-21.0,7.440292556197863,62.23854166101517,
3723,996.4181,61.10755604975487,24.67280440007112,171.66172035425353,28.0,0.7394,284.0,49.0,166.0,1004.0,25.0,241.0,115.0,319.0,13.69983335978674,135,14,54,55,222.0,-63.0,64.0,29.0,128.0,5.0,-94.0,5627.0,80.0,-26.0,7.887559917535395,62.23854166101517,
3724,991.2633,115.75826117977576,26.154574974855063,178.1208412276716,28.0,0.7857,281.0,48.0,165.0,995.0,25.0,240.0,113.0,315.0,14.986578266465859,140,1,53,57,222.0,-62.0,64.0,30.0,129.0,5.0,-93.0,5631.0,80.0,-26.0,7.892032591148779,62.23854166101517,
3725,988.9045,211.62846816320604,24.625290148720826,181.68763441136664,28.0,0.8081,281.0,48.0,165.0,995.0,25.0,240.0,113.0,315.0,14.658394072658504,137,3,55,58,222.0,-62.0,64.0,30.0,129.0,5.0,-93.0,5631.0,80.0,-26.0,7.896505264762163,62.23854166101517,
3726,993.7863,298.4280466033432,24.310392303498457,186.9927056931884,29.0,0.7763,269.0,45.0,156.0,953.0,25.0,229.0,109.0,304.0,14.743339986461606,139,4,54,58,223.0,-60.0,65.0,35.0,133.0,9.0,-90.0,5699.0,85.0,-23.0,7.900977938375547,62.23854166101517,
3727,993.52057,99.41329724348563,21.804400839123325,171.39348576288378,29.0,0.7429,269.0,45.0,156.0,953.0,25.0,229.0,109.0,304.0,13.14538777904574,146,0,53,56,223.0,-60.0,65.0,35.0,133.0,9.0,-90.0,5699.0,85.0,-23.0,7.905450611988932,62.23854166101517,
3728,913.5104,124.4369930759825,13.92898581854044,150.45339009758501,28.0,0.7775,256.0,42.0,146.0,907.0,26.0,218.0,104.0,291.0,11.94740890437392,129,6,53,56,226.0,-56.0,65.0,40.0,139.0,13.0,-87.0,5749.0,90.0,-19.0,7.918868632829083,62.23854166101517,
3729,880.7272,147.43163832178791,16.529454565913007,157.61072446172264,28.0,0.7633,256.0,42.0,146.0,907.0,26.0,218.0,104.0,291.0,12.317152884444308,128,5,54,58,226.0,-56.0,65.0,40.0,139.0,13.0,-87.0,5749.0,90.0,-19.0,7.923341306442395,62.23854166101517,
3730,850.7958,139.17393823969334,14.726730151871138,160.9686643213324,28.0,0.73755,255.0,42.0,146.0,903.0,26.0,217.0,104.0,289.0,10.317027652755522,132,6,55,57,226.0,-56.0,65.0,40.0,139.0,13.0,-87.0,5755.0,90.0,-19.0,7.927813980055779,62.23854166101517,
3731,844.50586,231.8437611172587,11.286545305439311,181.18296461648023,28.0,0.76175,256.0,42.0,148.0,910.0,26.0,220.0,104.0,291.0,5.8087883249565255,124,6,54,58,226.0,-58.0,65.0,39.0,138.0,12.0,-88.0,5775.0,89.0,-21.0,7.941232000895932,62.23854166101517,
3732,845.7692,173.859104711174,13.15606661499434,181.72992587929377,28.0,0.7855,260.0,43.0,151.0,925.0,25.0,225.0,105.0,294.0,6.607216269596179,127,5,56,57,227.0,-60.0,65.0,36.0,136.0,10.0,-91.0,5775.0,87.0,-22.0,7.945704674509314,62.23854166101517,
3733,855.01544,329.6320887149007,21.778277917547154,192.65842383852367,28.0,0.8137,261.0,44.0,153.0,933.0,25.0,228.0,106.0,296.0,12.450779988750872,104,4,54,54,226.0,-61.0,65.0,35.0,134.0,8.0,-92.0,5781.0,86.0,-24.0,7.950177348122699,62.23854166101517,
3734,877.83813,306.1912763941596,26.675973665401525,192.99103148549653,28.0,0.8276,261.0,44.0,153.0,933.0,25.0,228.0,106.0,296.0,15.400630595145946,113,3,53,57,226.0,-61.0,65.0,35.0,134.0,8.0,-92.0,5781.0,86.0,-24.0,7.954650021736082,62.23854166101517,
3735,891.49756,287.83393838112715,27.81652927171463,188.58924074931812,28.0,0.8221,265.0,45.0,157.0,947.0,25.0,232.0,107.0,299.0,15.023505728867883,116,4,50,55,226.0,-63.0,65.0,32.0,132.0,6.0,-94.0,5749.0,83.0,-26.0,7.959122695349467,62.23854166101517,
3736,903.6489,198.0449673937058,29.74328386077123,185.95974706448496,28.0,0.8143,265.0,45.0,157.0,947.0,25.0,232.0,107.0,299.0,17.175165928450113,105,5,52,55,226.0,-63.0,65.0,32.0,132.0,6.0,-94.0,5749.0,83.0,-26.0,7.963595368962777,62.23854166101517,
3737,912.0483,231.39287315211178,31.849587165477434,185.77494873365382,28.0,0.7996,273.0,47.0,165.0,980.0,24.0,241.0,110.0,308.0,18.068362625204582,107,3,52,56,226.0,-66.0,65.0,28.0,128.0,3.0,-98.0,5743.0,80.0,-29.0,7.968068042576164,62.23854166101517,
3738,935.38446,304.94828385330317,36.71459340114705,201.17514131196774,28.0,0.8041,273.0,47.0,165.0,980.0,24.0,241.0,110.0,308.0,21.831549515366454,118,2,50,56,226.0,-66.0,65.0,28.0,128.0,3.0,-98.0,5743.0,80.0,-29.0,7.972540716189547,62.23854166101517,
3739,910.1152,219.82454148517166,39.366196185759954,228.5200088614687,28.0,0.76605,217.0,39.0,142.0,848.0,24.0,235.0,88.0,259.0,25.62538508459832,104,10,53,59,247.0,-75.0,70.0,-10.0,139.0,2.0,-108.0,6292.0,86.0,49.0,8.442171445594,62.23854166101517,
3740,237.09085,275.75839026845745,21.111954637536787,231.21775761168243,28.0,0.8605,373.0,53.0,175.0,1195.0,32.0,224.0,154.0,416.0,18.927676305597437,129,15,51,62,194.0,-18.0,56.0,65.0,151.0,44.0,-43.0,5083.0,111.0,16.0,7.283245876751962,62.23645832768202,
3741,355.20016,250.77551639760813,41.958742550967095,254.79138954393684,28.0,0.85715,398.0,60.0,199.0,1293.0,29.0,256.0,163.0,439.0,35.36427647892112,122,7,55,58,195.0,-34.0,56.0,46.0,134.0,26.0,-61.0,5041.0,93.0,-1.0,7.287718241428913,62.23645832768202,
3742,536.8128,247.95241063270953,59.47169184511543,255.0,28.0,0.8474,409.0,64.0,210.0,1341.0,28.0,273.0,167.0,450.0,44.44109072737394,119,6,55,55,195.0,-43.0,56.0,36.0,124.0,16.0,-71.0,4999.0,83.0,-10.0,7.292190606105867,62.23645832768202,
3743,720.7066,241.55976790641134,37.861639346371106,251.140297969576,28.0,0.83065,409.0,64.0,210.0,1341.0,28.0,273.0,167.0,450.0,33.401860055212396,121,7,53,58,195.0,-43.0,56.0,36.0,124.0,16.0,-71.0,4999.0,83.0,-10.0,7.296662970782821,62.23645832768202,
3744,602.75226,55.558211539425116,86.02962623738797,69.39624247593737,29.0,0.8159,304.0,44.0,144.0,1005.0,33.0,192.0,127.0,355.0,52.141518040868824,128,3,51,55,200.0,-6.0,58.0,81.0,168.0,58.0,-32.0,5214.0,126.0,28.0,7.395054993675571,62.23645832768202,
3745,370.3022,44.522951514936196,81.45918893496423,90.06707128578577,29.0,0.86355,304.0,44.0,144.0,1005.0,33.0,192.0,127.0,355.0,47.72791853393206,126,11,54,56,200.0,-6.0,58.0,81.0,168.0,58.0,-32.0,5214.0,126.0,28.0,7.3995273583525245,62.23645832768202,
3746,238.5154,57.86808470177949,65.43951201350073,105.13657015532668,29.0,0.87275,291.0,42.0,138.0,972.0,33.0,185.0,122.0,346.0,41.26233190794548,120,12,50,59,200.0,1.0,58.0,89.0,175.0,65.0,-25.0,5222.0,134.0,35.0,7.403999723029477,62.23645832768202,
3747,244.33575,249.17889060907237,41.07904073499379,255.0,29.0,0.87215,345.0,51.0,168.0,1121.0,30.0,223.0,142.0,383.0,36.305784723195536,123,6,55,61,202.0,-29.0,59.0,56.0,146.0,34.0,-56.0,5215.0,103.0,5.0,7.430833911091124,62.23645832768202,
3748,421.92566,264.7986384406291,41.886929396148616,255.0,28.0,0.8818,388.0,64.0,209.0,1298.0,26.0,278.0,157.0,426.0,40.05733378018383,141,8,53,60,201.0,-54.0,58.0,26.0,118.0,6.0,-83.0,5133.0,75.0,-21.0,7.4353062757680775,62.23645832768202,
3749,623.08215,274.8602964895347,52.9893769343957,255.0,28.0,0.84015,388.0,64.0,209.0,1298.0,26.0,278.0,157.0,426.0,43.98417761363268,142,10,56,56,201.0,-54.0,58.0,26.0,118.0,6.0,-83.0,5133.0,75.0,-21.0,7.439778640445031,62.23645832768202,
3750,930.3204,121.24004814558543,16.89667950903714,138.08187889649545,29.0,0.7864,261.0,43.0,149.0,921.0,26.0,221.0,106.0,295.0,16.175921546575594,135,4,55,56,224.0,-57.0,65.0,38.0,137.0,12.0,-87.0,5720.0,89.0,-20.0,7.91384929620119,62.23645832768202,
3751,884.51855,127.75693110997557,15.577233650445235,149.96060385245306,28.0,0.7784,256.0,42.0,146.0,907.0,26.0,218.0,104.0,291.0,12.286830714151078,129,18,55,58,226.0,-56.0,65.0,40.0,139.0,13.0,-87.0,5749.0,90.0,-19.0,7.918321660878142,62.23645832768202,
3752,850.2573,131.17291369009314,10.94074850718848,159.6413498725733,28.0,0.7234,256.0,42.0,146.0,907.0,26.0,218.0,104.0,291.0,8.765236649129493,134,4,57,57,226.0,-56.0,65.0,40.0,139.0,13.0,-87.0,5749.0,90.0,-19.0,7.9227940255550235,62.23645832768202,
3753,850.28937,324.1043309154972,11.342740951270686,191.69611148666993,28.0,0.74765,255.0,42.0,146.0,903.0,26.0,217.0,104.0,289.0,7.966953216971519,125,1,55,56,226.0,-56.0,65.0,40.0,139.0,13.0,-87.0,5755.0,90.0,-19.0,7.93173875490893,62.23645832768202,
3754,874.84906,270.03698842348575,17.072937984294338,188.84170869861964,28.0,0.79715,256.0,42.0,148.0,910.0,26.0,220.0,104.0,291.0,9.529678295410049,117,4,52,57,226.0,-58.0,65.0,39.0,138.0,12.0,-88.0,5775.0,89.0,-21.0,7.940683484262836,62.23645832768202,
3755,886.797,285.81508523453095,25.375425352810158,195.22735996167944,28.0,0.81135,260.0,43.0,151.0,925.0,25.0,225.0,105.0,294.0,15.383658753082537,110,4,51,54,227.0,-60.0,65.0,36.0,136.0,10.0,-91.0,5775.0,87.0,-22.0,7.945155848939789,62.23645832768202,
3756,915.4806,338.87812224440756,31.884765901634644,200.78845249505147,28.0,0.8167,260.0,43.0,151.0,925.0,25.0,225.0,105.0,294.0,18.404556684901934,118,4,54,56,227.0,-60.0,65.0,36.0,136.0,10.0,-91.0,5775.0,87.0,-22.0,7.949628213616743,62.23645832768202,
3757,942.62537,320.94780237813427,34.540376801581104,194.55993533129578,28.0,0.8006,261.0,44.0,153.0,933.0,25.0,228.0,106.0,296.0,19.428769728820793,117,3,52,58,226.0,-61.0,65.0,35.0,134.0,8.0,-92.0,5781.0,86.0,-24.0,7.954100578293695,62.23645832768202,
3758,968.29175,333.8298946302414,38.54634166337787,196.8323606305812,28.0,0.80305,265.0,45.0,157.0,947.0,25.0,232.0,107.0,299.0,22.97970858833255,113,2,52,54,226.0,-63.0,65.0,32.0,132.0,6.0,-94.0,5749.0,83.0,-26.0,7.958572942970647,62.23645832768202,
3759,290.1268,48.09390364115639,32.98929736670608,127.01739100936143,28.0,0.8489,373.0,53.0,175.0,1195.0,32.0,224.0,154.0,416.0,23.75970334846295,97,9,52,61,194.0,-18.0,56.0,65.0,151.0,44.0,-43.0,5083.0,111.0,16.0,7.278270797108965,62.23437499434888,
3760,250.66461,241.93276674777425,17.89950203073073,191.85132634473413,28.0,0.843,373.0,53.0,175.0,1195.0,32.0,224.0,154.0,416.0,14.303366183786371,111,12,53,62,194.0,-18.0,56.0,65.0,151.0,44.0,-43.0,5083.0,111.0,16.0,7.282742852898075,62.23437499434888,
3761,328.52344,285.5138291469843,36.2123155140836,253.28934352741032,28.0,0.8413,398.0,60.0,199.0,1293.0,29.0,256.0,163.0,439.0,32.83145872069699,94,19,52,61,195.0,-34.0,56.0,46.0,134.0,26.0,-61.0,5041.0,93.0,-1.0,7.287214908687184,62.23437499434888,
3762,558.9922,298.49626716127887,69.48322098804968,252.5510463470955,28.0,0.8551,409.0,64.0,210.0,1341.0,28.0,273.0,167.0,450.0,49.27998992319118,116,5,52,57,195.0,-43.0,56.0,36.0,124.0,16.0,-71.0,4999.0,83.0,-10.0,7.291686964476293,62.23437499434888,
3763,712.1904,258.68688429956734,34.15356990281155,227.05683044620105,28.0,0.8001,409.0,64.0,210.0,1341.0,28.0,273.0,167.0,450.0,26.76265450561974,112,7,55,60,195.0,-43.0,56.0,36.0,124.0,16.0,-71.0,4999.0,83.0,-10.0,7.296159020265402,62.23437499434888,
3764,858.36847,98.10906102238648,31.64305229294609,86.50601207834228,28.0,0.82305,355.0,52.0,171.0,1149.0,31.0,225.0,146.0,394.0,31.95280521923072,140,3,57,55,201.0,-27.0,58.0,58.0,147.0,36.0,-54.0,5223.0,105.0,7.0,7.390072191836477,62.23437499434888,
3765,697.6097,90.75233158190197,41.08278112574016,70.11953714472448,29.0,0.8507,304.0,44.0,144.0,1005.0,33.0,192.0,127.0,355.0,39.11505604768881,126,11,56,56,200.0,-6.0,58.0,81.0,168.0,58.0,-32.0,5214.0,126.0,28.0,7.3945442476255865,62.23437499434888,
3766,505.97766,73.39634415877796,47.347560264866885,72.0584053210101,29.0,0.86025,304.0,44.0,144.0,1005.0,33.0,192.0,127.0,355.0,40.78608218492099,120,11,54,56,200.0,-6.0,58.0,81.0,168.0,58.0,-32.0,5214.0,126.0,28.0,7.399016303414696,62.23437499434888,
3767,329.25555,75.82025684554834,42.28232947904165,70.81678326836175,29.0,0.8612,291.0,42.0,138.0,972.0,33.0,185.0,122.0,346.0,40.35766720514136,111,11,53,63,200.0,1.0,58.0,89.0,175.0,65.0,-25.0,5222.0,134.0,35.0,7.403488359203806,62.23437499434888,
3768,178.0991,262.0034863261054,41.25994418871525,255.0,29.0,0.87215,345.0,51.0,168.0,1121.0,30.0,223.0,142.0,383.0,40.17862022401099,105,7,54,63,202.0,-29.0,59.0,56.0,146.0,34.0,-56.0,5215.0,103.0,5.0,7.430320693938389,62.23437499434888,
3769,392.9357,271.53704680980667,57.174894763966634,255.0,28.0,0.87395,388.0,64.0,209.0,1298.0,26.0,278.0,157.0,426.0,48.69382270750786,127,8,54,58,201.0,-54.0,58.0,26.0,118.0,6.0,-83.0,5133.0,75.0,-21.0,7.434792749727496,62.23437499434888,
3770,675.3526,293.9953230882255,77.39792012371947,255.0,28.0,0.8284,388.0,64.0,209.0,1298.0,26.0,278.0,157.0,426.0,52.072335658609845,127,5,50,57,201.0,-54.0,58.0,26.0,118.0,6.0,-83.0,5133.0,75.0,-21.0,7.439264805516606,62.23437499434888,
3771,964.49286,120.01094016014288,23.150838514783917,125.28383285747923,29.0,0.7775,261.0,43.0,149.0,921.0,26.0,221.0,106.0,295.0,21.10924484440598,132,5,55,56,224.0,-57.0,65.0,38.0,137.0,12.0,-87.0,5720.0,89.0,-20.0,7.908830663372198,62.23437499434888,
3772,904.95795,114.60242212613957,14.180182836620542,145.69322589184273,29.0,0.763,261.0,43.0,149.0,921.0,26.0,221.0,106.0,295.0,12.323500414551708,133,5,58,55,224.0,-57.0,65.0,38.0,137.0,12.0,-87.0,5720.0,89.0,-20.0,7.913302719161307,62.23437499434888,
3773,864.8636,109.86395933329064,9.734255417913875,153.34124683334343,28.0,0.7304,256.0,42.0,146.0,907.0,26.0,218.0,104.0,291.0,9.680458714175987,135,2,55,54,226.0,-56.0,65.0,40.0,139.0,13.0,-87.0,5749.0,90.0,-19.0,7.917774774950417,62.23437499434888,
3774,852.28516,207.86301649441245,8.025269258711027,184.32008156403631,28.0,0.6825,256.0,42.0,146.0,907.0,26.0,218.0,104.0,291.0,5.2419170664467885,123,4,53,56,226.0,-56.0,65.0,40.0,139.0,13.0,-87.0,5749.0,90.0,-19.0,7.922246830739454,62.23437499434888,
3775,861.6236,266.8600418230991,12.23031879317517,188.53059497314752,28.0,0.71555,255.0,42.0,146.0,903.0,26.0,217.0,104.0,289.0,8.354905164210209,134,4,53,55,226.0,-56.0,65.0,40.0,139.0,13.0,-87.0,5755.0,90.0,-19.0,7.926718886528563,62.23437499434888,
3776,893.9756,336.8006303416662,18.54475023488581,194.74946345511796,28.0,0.8016,256.0,42.0,148.0,910.0,26.0,220.0,104.0,291.0,11.366069792646185,131,6,53,55,226.0,-58.0,65.0,39.0,138.0,12.0,-88.0,5775.0,89.0,-21.0,7.935662998106781,62.23437499434888,
3777,917.3328,331.69934763980814,24.40410482139107,202.82248009645718,28.0,0.82115,256.0,42.0,148.0,910.0,26.0,220.0,104.0,291.0,15.138417322934265,121,5,53,53,226.0,-58.0,65.0,39.0,138.0,12.0,-88.0,5775.0,89.0,-21.0,7.940135053895891,62.23437499434888,
3778,949.20215,334.4451060493563,32.89868251595637,206.68591867461723,28.0,0.81425,260.0,43.0,151.0,925.0,25.0,225.0,105.0,294.0,19.541669758225623,117,5,51,57,227.0,-60.0,65.0,36.0,136.0,10.0,-91.0,5775.0,87.0,-22.0,7.944607109684998,62.23437499434888,
3779,988.27405,333.36284375172045,36.96391002503075,211.19115951418254,28.0,0.77175,260.0,43.0,151.0,925.0,25.0,225.0,105.0,294.0,22.8026310191739,126,1,54,56,227.0,-60.0,65.0,36.0,136.0,10.0,-91.0,5775.0,87.0,-22.0,7.9490791654741075,62.23437499434888,
3780,959.66864,213.8393394458011,31.517182818714875,215.0705278132085,28.0,0.78785,233.0,43.0,155.0,908.0,23.0,252.0,93.0,275.0,20.232969719402128,102,7,52,58,245.0,-81.0,70.0,-19.0,130.0,-6.0,-115.0,6199.0,77.0,68.0,8.45889352543161,62.23437499434888,
3781,922.33905,60.72446672213278,15.306542003655961,162.88686812547638,27.0,0.76215,198.0,38.0,136.0,813.0,24.0,237.0,87.0,257.0,10.075364697901806,118,3,56,57,262.0,-76.0,73.0,-5.0,150.0,6.0,-112.0,6681.0,95.0,85.0,8.758521263301347,62.23437499434888,
3782,1065.2512,150.00800688075384,29.72450568838347,154.33513238841883,28.0,0.7511,206.0,42.0,149.0,867.0,23.0,261.0,95.0,277.0,16.707703140941696,121,4,53,57,262.0,-86.0,74.0,-18.0,139.0,-6.0,-123.0,6645.0,83.0,72.0,8.955291718021785,62.23437499434888,
3783,1036.7972,153.1379983469262,26.048372612380025,157.879390900047,28.0,0.7485,204.0,42.0,147.0,861.0,24.0,259.0,94.0,275.0,15.926107677878637,122,9,51,55,262.0,-86.0,74.0,-17.0,140.0,-5.0,-122.0,6655.0,84.0,73.0,8.959763773810893,62.23437499434888,
3784,1010.19916,163.23072592404694,28.17610038929661,163.99907375051276,28.0,0.72765,204.0,42.0,147.0,861.0,24.0,259.0,94.0,275.0,17.98181968864125,123,7,53,55,262.0,-86.0,74.0,-17.0,140.0,-5.0,-122.0,6655.0,84.0,73.0,8.964235829600005,62.23437499434888,
3785,982.9013,159.8219564715451,26.696645760656477,161.1921957247751,28.0,0.62675,200.0,41.0,144.0,847.0,24.0,256.0,93.0,272.0,16.739225238972466,120,7,54,54,264.0,-84.0,74.0,-14.0,144.0,-2.0,-120.0,6726.0,88.0,77.0,8.968707885389113,62.23437499434888,
3786,972.1956,249.73771160328408,7.050148532546247,190.68944178914293,28.0,0.6929,200.0,41.0,145.0,850.0,24.0,257.0,94.0,273.0,5.194585596746647,122,4,57,58,264.0,-85.0,74.0,-56.0,143.0,-3.0,-121.0,6697.0,86.0,76.0,8.977651996967259,62.23437499434888,
3787,484.41824,44.44799736770578,64.39351624172505,103.02126986961473,28.0,0.85185,376.0,53.0,177.0,1207.0,32.0,227.0,155.0,420.0,39.263656141781816,103,8,53,59,196.0,-18.0,56.0,64.0,152.0,43.0,-44.0,5103.0,111.0,16.0,7.273296414250645,62.23229166101573,
3788,364.04474,63.71711648188413,33.983742514371215,104.5561764952385,28.0,0.8533,361.0,51.0,169.0,1164.0,32.0,218.0,149.0,407.0,28.129661880007717,94,7,53,58,195.0,-14.0,56.0,69.0,156.0,48.0,-39.0,5075.0,115.0,20.0,7.277768161200485,62.23229166101573,
3789,285.38934,175.9071257709868,18.304222993992006,171.02891890927128,28.0,0.84025,361.0,51.0,169.0,1164.0,32.0,218.0,149.0,407.0,16.172519350027144,103,9,52,62,195.0,-14.0,56.0,69.0,156.0,48.0,-39.0,5075.0,115.0,20.0,7.282239908150327,62.23229166101573,
3790,357.14545,275.95760876538213,32.659960081606854,252.70078692989566,29.0,0.8367,398.0,60.0,198.0,1292.0,29.0,256.0,163.0,439.0,32.82845490872394,109,8,52,60,196.0,-35.0,57.0,45.0,134.0,25.0,-62.0,5046.0,93.0,-2.0,7.286711655100168,62.23229166101573,
3791,609.00635,273.21653213038354,62.68742550802281,255.0,29.0,0.8129,398.0,60.0,198.0,1292.0,29.0,256.0,163.0,439.0,49.51992271742912,107,18,56,59,196.0,-35.0,57.0,45.0,134.0,25.0,-62.0,5046.0,93.0,-2.0,7.291183402050009,62.23229166101573,
3792,828.26624,116.35228203541372,38.65595258377653,90.9833358969056,28.0,0.8405,352.0,51.0,169.0,1137.0,31.0,222.0,145.0,391.0,33.92746442075122,114,3,56,55,201.0,-25.0,58.0,59.0,149.0,37.0,-52.0,5205.0,107.0,9.0,7.389561834946299,62.23229166101573,
3793,681.4062,112.233198752304,41.64772770760374,80.82413774321773,29.0,0.86195,307.0,44.0,144.0,1010.0,33.0,193.0,128.0,356.0,36.7906927072551,123,2,57,57,200.0,-7.0,58.0,80.0,167.0,57.0,-33.0,5227.0,126.0,28.0,7.394033581896141,62.23229166101573,
3794,512.0246,113.09230456764453,44.98319353089873,77.90688319730926,29.0,0.8752,307.0,44.0,144.0,1010.0,33.0,193.0,128.0,356.0,38.37956129001681,130,3,61,56,200.0,-7.0,58.0,80.0,167.0,57.0,-33.0,5227.0,126.0,28.0,7.3985053288459826,62.23229166101573,
3795,342.1368,116.69912710617022,49.72674005126205,79.34853647683009,28.0,0.855,293.0,42.0,138.0,977.0,33.0,187.0,123.0,347.0,39.835626500625736,130,5,58,59,201.0,-1.0,58.0,87.0,173.0,63.0,-28.0,5255.0,132.0,33.0,7.402977075795823,62.23229166101573,
3796,183.62181,296.16911116846154,61.8655735003625,253.9230163693835,29.0,0.8644,337.0,49.0,161.0,1092.0,31.0,214.0,139.0,376.0,44.7463288252267,116,10,51,61,202.0,-25.0,59.0,61.0,150.0,39.0,-52.0,5232.0,108.0,9.0,7.429807557494799,62.23229166101573,
3797,438.79736,295.27235013588785,81.06222172656825,255.0,29.0,0.84445,382.0,63.0,204.0,1276.0,27.0,272.0,155.0,421.0,54.470095691464614,123,9,52,57,202.0,-52.0,59.0,30.0,122.0,9.0,-80.0,5163.0,78.0,-18.0,7.43427930444464,62.23229166101573,
3798,945.86334,107.13453906714645,18.026134080730536,124.89704475808738,29.0,0.7784,264.0,44.0,152.0,932.0,25.0,223.0,107.0,298.0,18.86883533973321,130,5,54,55,224.0,-58.0,65.0,37.0,136.0,11.0,-88.0,5723.0,88.0,-21.0,7.908284481126948,62.23229166101573,
3799,895.49713,113.72577988151835,8.11966333865481,158.1446083453347,29.0,0.7516,264.0,44.0,152.0,933.0,25.0,224.0,107.0,298.0,8.068196598303567,132,6,55,55,224.0,-59.0,65.0,37.0,135.0,11.0,-89.0,5738.0,87.0,-21.0,7.912756228076789,62.23229166101573,
3800,866.99884,119.55058151566476,7.5643309008523545,161.69733434617228,28.0,0.6965,273.0,46.0,161.0,973.0,25.0,236.0,110.0,308.0,8.017518791026953,146,4,56,55,225.0,-63.0,65.0,31.0,131.0,6.0,-94.0,5721.0,82.0,-26.0,7.91722797502663,62.23229166101573,
3801,872.0504,319.20627877073713,11.934571609309977,199.1181412604407,28.0,0.7124,273.0,46.0,161.0,973.0,25.0,236.0,110.0,308.0,9.03455478529005,138,1,53,54,225.0,-63.0,65.0,31.0,131.0,6.0,-94.0,5721.0,82.0,-26.0,7.921699721976401,62.23229166101573,
3802,890.04974,307.08850288134335,13.442466520877533,187.532099784689,28.0,0.7328,284.0,49.0,171.0,1014.0,24.0,248.0,114.0,318.0,7.551942478471687,138,6,56,55,225.0,-67.0,64.0,26.0,126.0,1.0,-99.0,5694.0,77.0,-31.0,7.926171468926241,62.23229166101573,
3803,910.833,325.2618974171127,21.456599644227918,206.5931842894047,28.0,0.7736,284.0,49.0,171.0,1014.0,24.0,248.0,114.0,318.0,14.57800676367647,118,7,55,55,225.0,-67.0,64.0,26.0,126.0,1.0,-99.0,5694.0,77.0,-31.0,7.930643215876082,62.23229166101573,
3804,940.75006,332.90972795780107,24.763291252821166,201.33904818749707,28.0,0.81375,300.0,54.0,185.0,1079.0,23.0,265.0,120.0,335.0,14.802640953007728,122,7,53,54,222.0,-74.0,64.0,18.0,117.0,-6.0,-105.0,5637.0,69.0,-37.0,7.935114962825924,62.23229166101573,
3805,976.2061,326.13027031370655,32.171723547334395,215.0298916390129,28.0,0.7777,300.0,54.0,185.0,1079.0,23.0,265.0,120.0,335.0,20.166899839007385,138,6,53,55,222.0,-74.0,64.0,18.0,117.0,-6.0,-105.0,5637.0,69.0,-37.0,7.939586709775765,62.23229166101573,
3806,945.5365,229.55670210022632,32.25604097426329,235.1024290381301,28.0,0.7914,216.0,39.0,142.0,847.0,24.0,236.0,88.0,259.0,23.81452781918181,109,6,51,57,248.0,-75.0,71.0,-10.0,139.0,2.0,-109.0,6296.0,86.0,77.0,8.462781102906254,62.23229166101573,
3807,1047.0326,143.16481853467306,32.33498870458453,142.18344333057172,28.0,0.76665,197.0,40.0,141.0,834.0,24.0,251.0,92.0,268.0,20.621558539687086,129,6,51,59,266.0,-83.0,75.0,-11.0,147.0,1.0,-119.0,6765.0,90.0,80.0,8.950201520438014,62.23229166101573,
3808,1003.41095,152.9721175509466,28.92014030287319,154.2297801196606,28.0,0.8004,197.0,40.0,141.0,834.0,24.0,251.0,92.0,268.0,18.760290146908496,123,11,52,58,266.0,-83.0,75.0,-11.0,147.0,1.0,-119.0,6765.0,90.0,80.0,8.954673267387854,62.23229166101573,
3809,973.702,157.79125709755724,23.63664838134538,162.99264736162897,28.0,0.7914,203.0,41.0,146.0,856.0,24.0,259.0,94.0,274.0,14.685953002018197,124,9,54,58,264.0,-85.0,74.0,-17.0,142.0,-4.0,-122.0,6684.0,85.0,75.0,8.959145014337695,62.23229166101573,
3810,955.63696,155.6916438047767,15.721433884270352,169.03214221884352,28.0,0.746,203.0,41.0,146.0,856.0,24.0,259.0,94.0,274.0,8.602288218732015,114,17,55,57,264.0,-85.0,74.0,-17.0,142.0,-4.0,-122.0,6684.0,85.0,75.0,8.963616761287538,62.23229166101573,
3811,957.3184,278.27741347807756,8.185144930509221,194.2077092385732,28.0,0.70885,209.0,43.0,152.0,881.0,23.0,266.0,97.0,281.0,5.472073469996155,126,5,56,56,262.0,-89.0,74.0,-21.0,136.0,-8.0,-126.0,6634.0,80.0,70.0,8.972560255187148,62.23229166101573,
3812,981.16974,312.45936858891685,12.567171075648139,199.66200732691317,28.0,0.7382,218.0,45.0,160.0,916.0,23.0,277.0,101.0,291.0,8.527869148438766,118,4,55,58,259.0,-95.0,73.0,-69.0,128.0,-15.0,-131.0,6546.0,72.0,62.0,8.97703200213699,62.23229166101573,
3813,741.85,41.90352174985562,37.99851116199558,137.01799156693977,28.0,0.8009,376.0,53.0,177.0,1207.0,32.0,227.0,155.0,420.0,21.420565852264815,108,7,47,62,196.0,-18.0,56.0,64.0,152.0,43.0,-44.0,5103.0,111.0,16.0,7.268322728013588,62.23020832768258,
3814,621.3147,61.099374190085484,59.73017099956701,76.26704305335288,28.0,0.8314,376.0,53.0,177.0,1207.0,32.0,227.0,155.0,420.0,41.69949618070008,101,11,52,58,196.0,-18.0,56.0,64.0,152.0,43.0,-44.0,5103.0,111.0,16.0,7.272794166172726,62.23020832768258,
3815,437.2241,66.83255636439345,42.17838433395388,86.2218826628668,28.0,0.85605,361.0,51.0,169.0,1164.0,32.0,218.0,149.0,407.0,34.76977213332347,105,8,51,57,195.0,-14.0,56.0,69.0,156.0,48.0,-39.0,5075.0,115.0,20.0,7.277265604331864,62.23020832768258,
3816,324.2961,69.63219999472676,24.632639444725154,126.49256709579316,28.0,0.8454,361.0,51.0,169.0,1164.0,32.0,218.0,149.0,407.0,20.61189831055543,107,9,51,61,195.0,-14.0,56.0,69.0,156.0,48.0,-39.0,5075.0,115.0,20.0,7.281737042491003,62.23020832768258,
3817,324.07718,245.70694562258208,24.325399535291606,230.51766817028343,29.0,0.83045,398.0,60.0,198.0,1292.0,29.0,256.0,163.0,439.0,21.848964099149445,106,12,51,60,196.0,-35.0,57.0,45.0,134.0,25.0,-62.0,5046.0,93.0,-2.0,7.286208480650141,62.23020832768258,
3818,530.3672,250.03661068759365,70.84420368961513,255.0,29.0,0.83225,398.0,60.0,198.0,1292.0,29.0,256.0,163.0,439.0,51.62165162773911,101,6,54,60,196.0,-35.0,57.0,45.0,134.0,25.0,-62.0,5046.0,93.0,-2.0,7.29067991880928,62.23020832768258,
3819,742.961,243.805556417236,42.521144020949315,242.8896137664583,28.0,0.7964,402.0,62.0,203.0,1311.0,29.0,263.0,164.0,442.0,30.124456634862604,112,6,52,61,197.0,-39.0,57.0,40.0,131.0,21.0,-66.0,5047.0,88.0,-6.0,7.295151356968419,62.23020832768258,
3820,789.0178,107.29725292285815,36.76830228442077,86.09954917896174,28.0,0.83455,352.0,51.0,169.0,1137.0,31.0,222.0,145.0,391.0,33.921660973733566,117,4,56,55,201.0,-25.0,58.0,59.0,149.0,37.0,-52.0,5205.0,107.0,9.0,7.389051558310112,62.23020832768258,
3821,635.41394,109.54100894906145,42.134234750208044,79.23523964029118,29.0,0.85995,307.0,44.0,144.0,1010.0,33.0,193.0,128.0,356.0,37.040834193880514,120,3,59,56,200.0,-7.0,58.0,80.0,167.0,57.0,-33.0,5227.0,126.0,28.0,7.393522996469251,62.23020832768258,
3822,463.36642,108.91645317730384,46.144217895570634,73.38168693885771,29.0,0.85535,307.0,44.0,144.0,1010.0,33.0,193.0,128.0,356.0,38.96236741351416,136,3,58,58,200.0,-7.0,58.0,80.0,167.0,57.0,-33.0,5227.0,126.0,28.0,7.39799443462839,62.23020832768258,
3823,271.63055,109.71110509675201,50.737646159632824,67.30020292822796,28.0,0.85615,293.0,42.0,138.0,977.0,33.0,187.0,123.0,347.0,42.23162321450688,135,8,59,58,201.0,-1.0,58.0,87.0,173.0,63.0,-28.0,5255.0,132.0,33.0,7.402465872787528,62.23020832768258,
3824,296.31226,288.53619343447735,65.0093258036912,254.38791612188618,29.0,0.7464,337.0,49.0,161.0,1092.0,31.0,214.0,139.0,376.0,46.15142279321618,108,5,53,63,202.0,-25.0,59.0,61.0,150.0,39.0,-52.0,5232.0,108.0,9.0,7.429294501742287,62.23020832768258,
3825,486.536,239.71334525091285,81.54718959174832,226.4664172090072,29.0,0.7149,382.0,63.0,204.0,1276.0,27.0,272.0,155.0,421.0,50.60687711246584,107,3,55,59,202.0,-52.0,59.0,30.0,122.0,9.0,-80.0,5163.0,78.0,-18.0,7.433765939901427,62.23020832768258,
3826,1044.8271,98.6365227375983,29.029584966317447,91.65401415506611,29.0,0.66135,264.0,44.0,152.0,932.0,25.0,223.0,107.0,298.0,31.036344022771182,127,18,57,54,224.0,-58.0,65.0,37.0,136.0,11.0,-88.0,5723.0,88.0,-21.0,7.903266946610113,62.23020832768258,
3827,936.04224,92.71913181361718,14.767262938559785,132.02543110569619,29.0,0.7675,264.0,44.0,152.0,932.0,25.0,223.0,107.0,298.0,16.1622048313986,131,5,54,55,224.0,-58.0,65.0,37.0,136.0,11.0,-88.0,5723.0,88.0,-21.0,7.907738384769251,62.23020832768258,
3828,879.27045,172.4458036398818,7.182959994395851,178.197476775502,28.0,0.7246,273.0,46.0,161.0,973.0,25.0,236.0,110.0,308.0,6.755171991483365,138,22,55,53,225.0,-63.0,65.0,31.0,131.0,6.0,-94.0,5721.0,82.0,-26.0,7.916681261087527,62.23020832768258,
3829,896.95746,314.21994152835896,12.139450131236474,199.53986737209203,28.0,0.746,273.0,46.0,161.0,973.0,25.0,236.0,110.0,308.0,8.555362311719355,138,6,54,53,225.0,-63.0,65.0,31.0,131.0,6.0,-94.0,5721.0,82.0,-26.0,7.921152699246595,62.23020832768258,
3830,920.66345,326.0271069622975,18.4712057639664,199.9502775291456,28.0,0.7732,284.0,49.0,171.0,1014.0,24.0,248.0,114.0,318.0,11.200937494569851,119,8,55,54,225.0,-67.0,64.0,26.0,126.0,1.0,-99.0,5694.0,77.0,-31.0,7.925624137405733,62.23020832768258,
3831,961.27277,319.72878755429406,30.78292548931159,220.72180435447123,28.0,0.78225,284.0,49.0,171.0,1014.0,24.0,248.0,114.0,318.0,20.351114697906148,119,3,52,55,225.0,-67.0,64.0,26.0,126.0,1.0,-99.0,5694.0,77.0,-31.0,7.93009557556487,62.23020832768258,
3832,993.8032,137.78735809901892,23.691817013593898,145.45882397965195,28.0,0.76385,197.0,40.0,141.0,832.0,24.0,250.0,91.0,266.0,16.841552345803965,131,5,51,57,266.0,-82.0,75.0,-10.0,148.0,1.0,-118.0,6778.0,91.0,81.0,8.949583475846593,62.23020832768258,
3833,956.8614,142.10356747133113,15.436394733713431,162.49542567949425,28.0,0.75035,197.0,40.0,141.0,834.0,24.0,251.0,92.0,268.0,9.250486587446172,128,10,55,57,266.0,-83.0,75.0,-11.0,147.0,1.0,-119.0,6765.0,90.0,80.0,8.954054914005733,62.23020832768258,
3834,945.2052,194.72931922252127,7.427809820900705,179.19516757592226,28.0,0.7232,203.0,41.0,146.0,856.0,24.0,259.0,94.0,274.0,3.5989471088443636,118,8,53,56,264.0,-85.0,74.0,-17.0,142.0,-4.0,-122.0,6684.0,85.0,75.0,8.95852635216487,62.23020832768258,
3835,946.4838,233.18097718825967,8.315823414066514,182.48575673583522,28.0,0.7257,203.0,41.0,146.0,856.0,24.0,259.0,94.0,274.0,3.298127272893917,115,5,58,56,264.0,-85.0,74.0,-17.0,142.0,-4.0,-122.0,6684.0,85.0,75.0,8.96299779032401,62.23020832768258,
3836,956.33887,295.2683094338954,23.178583570915325,194.51854477220385,28.0,0.7464,209.0,43.0,152.0,881.0,23.0,266.0,97.0,281.0,10.840450684750495,124,7,58,58,262.0,-89.0,74.0,-21.0,136.0,-8.0,-126.0,6634.0,80.0,70.0,8.967469228483148,62.23020832768258,
3837,989.7267,329.75976779774095,35.112736795787,209.04873497846208,28.0,0.76575,209.0,43.0,152.0,881.0,23.0,266.0,97.0,281.0,20.499842539069856,134,5,57,56,262.0,-89.0,74.0,-21.0,136.0,-8.0,-126.0,6634.0,80.0,70.0,8.971940666642213,62.23020832768258,
3838,1025.8859,334.6334699553855,38.59712976958485,209.39481637117888,28.0,0.7573,218.0,45.0,160.0,916.0,23.0,277.0,101.0,291.0,22.505843385253662,126,0,57,57,259.0,-95.0,73.0,-69.0,128.0,-15.0,-131.0,6546.0,72.0,62.0,8.976412104801353,62.23020832768258,
3839,1074.3617,333.2156128816445,49.151504944821646,218.86195092821595,28.0,0.74,218.0,45.0,160.0,916.0,23.0,277.0,101.0,291.0,28.469663706002528,128,0,57,55,259.0,-95.0,73.0,-69.0,128.0,-15.0,-131.0,6546.0,72.0,62.0,8.980883542960491,62.23020832768258,
3840,523.39374,160.14109192603487,16.754406044221206,182.7543337856244,28.0,0.8297,398.0,58.0,192.0,1279.0,31.0,245.0,164.0,441.0,19.80966222014846,105,4,55,61,195.0,-26.0,56.0,55.0,143.0,35.0,-52.0,5064.0,102.0,8.0,7.249936349983532,62.22812499434943,
3841,606.0,272.04308825911636,28.12794578923115,251.34735631425067,28.0,0.8286,410.0,62.0,205.0,1331.0,29.0,263.0,168.0,452.0,29.5952986407026,117,8,53,59,195.0,-37.0,56.0,43.0,132.0,23.0,-63.0,5039.0,91.0,-3.0,7.254407479400521,62.22812499434943,
3842,753.4325,285.5509724355951,31.606984311306462,235.48066835420798,28.0,0.7844,405.0,61.0,202.0,1315.0,29.0,259.0,166.0,447.0,26.87342418084029,127,8,51,55,195.0,-34.0,56.0,45.0,133.0,25.0,-62.0,5014.0,92.0,-1.0,7.258878608817439,62.22812499434943,
3843,538.8964,58.462657130973554,66.04989807312222,79.27242000997381,28.0,0.82395,361.0,51.0,169.0,1164.0,32.0,218.0,149.0,407.0,42.90376527410463,111,8,50,58,195.0,-14.0,56.0,69.0,156.0,48.0,-39.0,5075.0,115.0,20.0,7.276763126485401,62.22812499434943,
3844,390.18066,62.46478962967052,40.9589550724278,96.4764529439945,28.0,0.85515,361.0,51.0,169.0,1164.0,32.0,218.0,149.0,407.0,31.81985428153723,99,8,48,61,195.0,-14.0,56.0,69.0,156.0,48.0,-39.0,5075.0,115.0,20.0,7.28123425590239,62.22812499434943,
3845,307.49335,196.79785528492297,17.686609491180427,169.93328102219292,29.0,0.8449,398.0,60.0,198.0,1292.0,29.0,256.0,163.0,439.0,12.062257293797703,124,7,51,62,196.0,-35.0,57.0,45.0,134.0,25.0,-62.0,5046.0,93.0,-2.0,7.285705385319381,62.22812499434943,
3846,399.9869,245.8438924556744,54.035588642297306,251.7998682430772,29.0,0.84065,398.0,60.0,198.0,1292.0,29.0,256.0,163.0,439.0,39.719381642119004,115,6,55,61,196.0,-35.0,57.0,45.0,134.0,25.0,-62.0,5046.0,93.0,-2.0,7.2901765147363715,62.22812499434943,
3847,612.5925,241.959333020801,68.81462479362956,254.9698606203242,28.0,0.8013,402.0,62.0,203.0,1311.0,29.0,263.0,164.0,442.0,47.87041258681758,116,9,54,60,197.0,-39.0,57.0,40.0,131.0,21.0,-66.0,5047.0,88.0,-6.0,7.294647644153361,62.22812499434943,
3848,768.2622,96.43429633400095,35.669654388564815,81.68888230495074,28.0,0.8285,352.0,51.0,169.0,1137.0,31.0,222.0,145.0,391.0,36.38054567130057,121,7,59,53,201.0,-25.0,58.0,59.0,149.0,37.0,-52.0,5205.0,107.0,9.0,7.388541361909939,62.22812499434943,
3849,599.99805,104.21422765810142,42.6776564558205,72.16719927939646,29.0,0.8331,307.0,44.0,144.0,1010.0,33.0,193.0,128.0,356.0,39.87766495239754,137,6,64,55,200.0,-7.0,58.0,80.0,167.0,57.0,-33.0,5227.0,126.0,28.0,7.39301249132693,62.22812499434943,
3850,420.51382,112.56249686041492,44.58838517923532,75.7510045297792,29.0,0.8443,307.0,44.0,144.0,1010.0,33.0,193.0,128.0,356.0,39.181545470545224,140,4,60,54,200.0,-7.0,58.0,80.0,167.0,57.0,-33.0,5227.0,126.0,28.0,7.39748362074392,62.22812499434943,
3851,230.76913,106.7578143158907,47.55468347805299,66.13737431661716,28.0,0.863,293.0,42.0,138.0,977.0,33.0,187.0,123.0,347.0,41.88940066358612,135,5,57,55,201.0,-1.0,58.0,87.0,173.0,63.0,-28.0,5255.0,132.0,33.0,7.40195475016091,62.22812499434943,
3852,282.15784,198.71907001921215,82.74976621037806,213.3288092751039,29.0,0.6986,337.0,49.0,161.0,1092.0,31.0,214.0,139.0,376.0,40.605313778074326,114,3,57,62,202.0,-25.0,59.0,61.0,150.0,39.0,-52.0,5232.0,108.0,9.0,7.4332526560797705,62.22812499434943,
3853,950.0476,75.50915077500275,14.964280202411729,131.02595889187745,29.0,0.7894,264.0,44.0,152.0,932.0,25.0,223.0,107.0,298.0,17.212214113153095,142,3,56,54,224.0,-58.0,65.0,37.0,136.0,11.0,-88.0,5723.0,88.0,-21.0,7.9071923742798695,62.22812499434943,
3854,907.1245,82.13239321732519,7.094985876317418,156.06217059252802,29.0,0.7906,264.0,44.0,152.0,933.0,25.0,224.0,107.0,298.0,8.002162327446761,144,6,58,55,224.0,-59.0,65.0,37.0,135.0,11.0,-89.0,5738.0,87.0,-21.0,7.91166350369686,62.22812499434943,
3855,887.2885,210.1320576731014,6.748689392195064,184.60059721707006,29.0,0.7624,264.0,44.0,152.0,933.0,25.0,224.0,107.0,298.0,5.710383926043512,139,6,56,54,224.0,-59.0,65.0,37.0,135.0,11.0,-89.0,5738.0,87.0,-21.0,7.91613463311385,62.22812499434943,
3856,961.8738,311.04943344968984,27.841626457653195,224.61356192414823,28.0,0.8053,284.0,49.0,171.0,1014.0,24.0,248.0,114.0,318.0,19.296917477384177,121,5,54,55,225.0,-67.0,64.0,26.0,126.0,1.0,-99.0,5694.0,77.0,-31.0,7.925076891947757,62.22812499434943,
3857,1012.80725,117.99900857766976,20.753567643727727,130.77336933121384,28.0,0.78,197.0,40.0,141.0,832.0,24.0,250.0,91.0,266.0,18.27073950192661,116,4,52,59,266.0,-82.0,75.0,-10.0,148.0,1.0,-118.0,6778.0,91.0,81.0,8.944494399019657,62.22812499434943,
3858,963.254,129.05727287396294,13.483814881871414,155.42886145623746,28.0,0.7845,197.0,40.0,141.0,832.0,24.0,250.0,91.0,266.0,10.149609231979204,117,6,55,57,266.0,-82.0,75.0,-10.0,148.0,1.0,-118.0,6778.0,91.0,81.0,8.948965528436647,62.22812499434943,
3859,942.0207,172.51087887901497,6.408368459740698,174.4212910527533,28.0,0.73865,197.0,40.0,141.0,834.0,24.0,251.0,92.0,268.0,4.405975331974654,120,5,57,55,266.0,-83.0,75.0,-11.0,147.0,1.0,-119.0,6765.0,90.0,80.0,8.953436657853636,62.22812499434943,
3860,949.5547,305.78807726088024,9.156027986863677,194.856314356033,28.0,0.7278,197.0,40.0,141.0,834.0,24.0,251.0,92.0,268.0,6.693623188695572,123,6,58,56,266.0,-83.0,75.0,-11.0,147.0,1.0,-119.0,6765.0,90.0,80.0,8.957907787270626,62.22812499434943,
3861,977.5389,323.6505413345764,30.31789271121079,212.59917388402232,28.0,0.76155,203.0,41.0,146.0,856.0,24.0,259.0,94.0,274.0,18.268476284620675,122,5,58,53,264.0,-85.0,74.0,-17.0,142.0,-4.0,-122.0,6684.0,85.0,75.0,8.962378916687618,62.22812499434943,
3862,1050.9119,333.27554853230174,61.91441647120484,218.80239089684883,28.0,0.7407,209.0,43.0,152.0,881.0,23.0,266.0,97.0,281.0,34.71112636469024,129,4,55,54,262.0,-89.0,74.0,-21.0,136.0,-8.0,-126.0,6634.0,80.0,70.0,8.966850046104609,62.22812499434943,
3863,639.25696,71.89875765517117,17.349686873294296,129.42086468276892,28.0,0.81405,399.0,58.0,192.0,1280.0,31.0,243.0,164.0,442.0,17.385974042769732,106,9,53,55,195.0,-25.0,56.0,56.0,144.0,36.0,-51.0,5055.0,103.0,9.0,7.2404941618563905,62.22604166101629,
3864,583.58563,53.46232148963331,14.960176926719225,149.58473982907256,28.0,0.81265,398.0,58.0,192.0,1279.0,31.0,245.0,164.0,441.0,12.340211277486,107,6,54,56,195.0,-26.0,56.0,55.0,143.0,35.0,-52.0,5064.0,102.0,8.0,7.244964982579775,62.22604166101629,
3865,590.55194,274.17101174339234,20.061823095997926,242.78712799959663,28.0,0.8283,410.0,62.0,205.0,1331.0,29.0,263.0,168.0,452.0,21.80842229691319,111,7,53,57,195.0,-37.0,56.0,43.0,132.0,23.0,-63.0,5039.0,91.0,-3.0,7.253906624026547,62.22604166101629,
3866,724.22845,264.0156486432372,37.57305314404282,244.74100845599398,28.0,0.7984,405.0,61.0,202.0,1315.0,29.0,259.0,166.0,447.0,33.3231442561885,116,10,54,57,195.0,-34.0,56.0,45.0,133.0,25.0,-62.0,5014.0,92.0,-1.0,7.2583774447498595,62.22604166101629,
3867,512.45026,54.17358787152407,79.3968806558191,79.72631232778164,28.0,0.826,361.0,51.0,169.0,1164.0,32.0,218.0,149.0,407.0,45.789952207995405,114,19,50,58,195.0,-14.0,56.0,69.0,156.0,48.0,-39.0,5075.0,115.0,20.0,7.280731548366786,62.22604166101629,
3868,348.0798,91.15766900576708,37.65466424327885,113.21545095792317,29.0,0.83615,398.0,60.0,198.0,1292.0,29.0,256.0,163.0,439.0,26.306392838510916,106,9,48,64,196.0,-35.0,57.0,45.0,134.0,25.0,-62.0,5046.0,93.0,-2.0,7.285202369090172,62.22604166101629,
3869,325.96094,229.65703207031603,25.75309275387095,216.50700549994977,29.0,0.8323,398.0,60.0,198.0,1292.0,29.0,256.0,163.0,439.0,17.22631373158385,108,7,54,61,196.0,-35.0,57.0,45.0,134.0,25.0,-62.0,5046.0,93.0,-2.0,7.2896731898135565,62.22604166101629,
3870,468.7103,239.72512856362357,69.00033279918843,254.86803729147397,28.0,0.7971,402.0,62.0,203.0,1311.0,29.0,263.0,164.0,442.0,47.56306968588372,110,3,51,64,197.0,-39.0,57.0,40.0,131.0,21.0,-66.0,5047.0,88.0,-6.0,7.294144010536943,62.22604166101629,
3871,813.7248,70.36109663621464,39.230449969431966,85.844271867092,28.0,0.7979,352.0,51.0,169.0,1137.0,31.0,222.0,145.0,391.0,35.4691673820638,120,8,56,54,201.0,-25.0,58.0,59.0,149.0,37.0,-52.0,5205.0,107.0,9.0,7.388031245727818,62.22604166101629,
3872,630.6596,76.81480681890929,50.21687613838273,59.91545571097975,29.0,0.8315,307.0,44.0,144.0,1010.0,33.0,193.0,128.0,356.0,43.88503034807073,137,6,62,54,200.0,-7.0,58.0,80.0,167.0,57.0,-33.0,5227.0,126.0,28.0,7.392502066451203,62.22604166101629,
3873,419.05164,85.68484070565228,45.958795060782336,64.07286034601513,29.0,0.8298,307.0,44.0,144.0,1010.0,33.0,193.0,128.0,356.0,41.22107287104577,133,5,63,53,200.0,-7.0,58.0,80.0,167.0,57.0,-33.0,5227.0,126.0,28.0,7.39697288717459,62.22604166101629,
3874,220.97784,84.6954460309401,41.04182433766401,75.21749240633216,28.0,0.86915,293.0,42.0,138.0,977.0,33.0,187.0,123.0,347.0,37.72940188639882,134,11,58,58,201.0,-1.0,58.0,87.0,173.0,63.0,-28.0,5255.0,132.0,33.0,7.401443707897974,62.22604166101629,
3875,1034.9677,124.69599586757442,34.09376224885427,113.3282809443504,29.0,0.735,264.0,44.0,152.0,932.0,25.0,223.0,107.0,298.0,27.497289580801493,123,6,55,54,224.0,-58.0,65.0,37.0,136.0,11.0,-88.0,5723.0,88.0,-21.0,7.9021756289161935,62.22604166101629,
3876,956.6649,117.94977303070017,19.037324499734456,139.27644348267071,29.0,0.811,264.0,44.0,152.0,932.0,25.0,223.0,107.0,298.0,16.12440167302837,148,4,58,55,224.0,-58.0,65.0,37.0,136.0,11.0,-88.0,5723.0,88.0,-21.0,7.90664644963958,62.22604166101629,
3877,906.037,116.27984674766336,9.279867891379572,155.300429062878,29.0,0.77745,264.0,44.0,152.0,933.0,25.0,224.0,107.0,298.0,9.382967363353599,137,5,55,57,224.0,-59.0,65.0,37.0,135.0,11.0,-89.0,5738.0,87.0,-21.0,7.911117270362965,62.22604166101629,
3878,934.1559,289.17333837722254,21.720868521997357,209.63375341370835,28.0,0.7839,273.0,46.0,161.0,973.0,25.0,236.0,110.0,308.0,15.299812772762767,139,7,54,55,225.0,-63.0,65.0,31.0,131.0,6.0,-94.0,5721.0,82.0,-26.0,7.9200589118096625,62.22604166101629,
3879,1010.0241,297.41558466657875,33.64604389042675,249.57998539622912,28.0,0.7922,273.0,46.0,161.0,973.0,25.0,236.0,110.0,308.0,29.298066088162688,126,5,54,54,225.0,-63.0,65.0,31.0,131.0,6.0,-94.0,5721.0,82.0,-26.0,7.924529732533047,62.22604166101629,
3880,981.66583,131.64011177021052,21.931073708276536,141.6195782960564,28.0,0.80015,197.0,40.0,141.0,832.0,24.0,250.0,91.0,266.0,16.680744619331655,115,5,54,59,266.0,-82.0,75.0,-10.0,148.0,1.0,-118.0,6778.0,91.0,81.0,8.943876857463028,62.22604166101629,
3881,945.76025,178.38207726259955,8.606996631797852,166.58364428225707,28.0,0.74295,197.0,40.0,141.0,832.0,24.0,250.0,91.0,266.0,6.907968126043779,118,3,57,58,266.0,-82.0,75.0,-10.0,148.0,1.0,-118.0,6778.0,91.0,81.0,8.948347678186414,62.22604166101629,
3882,945.2367,278.06438417662486,4.888531368122813,189.88648006273388,28.0,0.72505,197.0,40.0,141.0,834.0,24.0,251.0,92.0,268.0,4.095384312989871,122,3,59,56,266.0,-83.0,75.0,-11.0,147.0,1.0,-119.0,6765.0,90.0,80.0,8.9528184989098,62.22604166101629,
3883,966.39935,302.12281632648524,13.100002966777613,204.357211348221,28.0,0.7498,197.0,40.0,141.0,834.0,24.0,251.0,92.0,268.0,9.322924682965702,125,6,57,54,266.0,-83.0,75.0,-11.0,147.0,1.0,-119.0,6765.0,90.0,80.0,8.957289319633183,62.22604166101629,
3884,1034.5934,300.1123445815995,41.31553315637049,245.35435274371724,28.0,0.76085,203.0,41.0,146.0,856.0,24.0,259.0,94.0,274.0,32.018998915056294,139,6,56,55,264.0,-85.0,74.0,-17.0,142.0,-4.0,-122.0,6684.0,85.0,75.0,8.96176014035657,62.22604166101629,
3885,754.3418,72.60245655786998,25.27171516486711,107.94739669212719,28.0,0.8009,403.0,59.0,195.0,1296.0,30.0,248.0,165.0,445.0,25.078499482994324,109,7,54,54,194.0,-28.0,56.0,53.0,140.0,32.0,-54.0,5028.0,100.0,5.0,7.235523799083427,62.22395832768315,
3886,671.2104,68.93079634992056,17.88459674172385,129.544940989493,28.0,0.8236,403.0,59.0,195.0,1296.0,30.0,248.0,165.0,445.0,17.506711884116683,117,14,54,54,194.0,-28.0,56.0,53.0,140.0,32.0,-54.0,5028.0,100.0,5.0,7.23999431116174,62.22395832768315,
3887,614.1697,67.51782060063032,12.728377203689693,145.43252107202926,28.0,0.8222,400.0,58.0,194.0,1288.0,30.0,248.0,164.0,442.0,12.113122692986876,108,5,53,54,195.0,-27.0,56.0,53.0,141.0,33.0,-54.0,5044.0,100.0,6.0,7.244464823240053,62.22395832768315,
3888,570.21747,122.79699969544164,11.650366933130963,155.6237091708537,28.0,0.80865,400.0,58.0,194.0,1288.0,30.0,248.0,164.0,442.0,13.384147023061114,116,5,53,54,195.0,-27.0,56.0,53.0,141.0,33.0,-54.0,5044.0,100.0,6.0,7.248935335318365,62.22395832768315,
3889,590.1014,281.39606898792465,12.671619004975014,221.6266891739582,28.0,0.82,413.0,63.0,208.0,1344.0,29.0,268.0,169.0,455.0,13.95930602381751,122,10,53,56,194.0,-38.0,56.0,41.0,129.0,21.0,-65.0,5018.0,88.0,-6.0,7.253405847396678,62.22395832768315,
3890,683.85406,266.37065508831427,34.25090800312734,249.52217446145028,28.0,0.8015,413.0,63.0,208.0,1344.0,29.0,268.0,169.0,455.0,33.873279130154366,119,8,54,56,194.0,-38.0,56.0,41.0,129.0,21.0,-65.0,5018.0,88.0,-6.0,7.257876359474919,62.22395832768315,
3891,699.53937,57.88077259138244,60.366420379970805,95.81972539129845,29.0,0.8158,392.0,57.0,190.0,1261.0,30.0,244.0,161.0,433.0,36.01299404468765,120,11,53,58,196.0,-28.0,57.0,53.0,141.0,32.0,-55.0,5066.0,100.0,5.0,7.280228919866484,62.22395832768315,
3892,470.31766,58.610846784651145,75.47474603269387,72.05001779149615,29.0,0.8523,369.0,52.0,174.0,1185.0,32.0,223.0,152.0,412.0,46.24273280093241,112,12,51,61,196.0,-18.0,57.0,65.0,153.0,44.0,-43.0,5130.0,112.0,16.0,7.284699431944797,62.22395832768315,
3893,338.5119,55.75522300567733,28.05027313055643,143.7946231933053,29.0,0.8202,369.0,52.0,174.0,1185.0,32.0,223.0,152.0,412.0,17.942844593232163,107,6,51,61,196.0,-18.0,57.0,65.0,153.0,44.0,-43.0,5130.0,112.0,16.0,7.28916994402311,62.22395832768315,
3894,344.68246,219.94912508532465,38.17113643800117,221.81809455105187,28.0,0.7957,385.0,56.0,185.0,1237.0,31.0,239.0,158.0,425.0,23.092746002872314,112,9,51,62,197.0,-27.0,57.0,55.0,143.0,34.0,-54.0,5074.0,101.0,6.0,7.293640456101424,62.22395832768315,
3895,524.78143,230.43151863698742,91.31086707596893,254.6241796418515,28.0,0.7623,385.0,56.0,185.0,1237.0,31.0,239.0,158.0,425.0,52.20256012810978,122,4,56,57,197.0,-27.0,57.0,55.0,143.0,34.0,-54.0,5074.0,101.0,6.0,7.298110968179665,62.22395832768315,
3896,705.20435,218.94914209649775,67.57976815241324,245.31443250893906,28.0,0.819,396.0,60.0,198.0,1289.0,29.0,258.0,162.0,436.0,37.849112993459094,132,6,57,55,197.0,-37.0,57.0,43.0,133.0,23.0,-64.0,5084.0,91.0,-4.0,7.302581480257977,62.22395832768315,
3897,816.63544,223.1883996070594,47.77917286793124,239.75513352698073,28.0,0.8156,396.0,60.0,198.0,1289.0,29.0,258.0,162.0,436.0,31.934000648954413,146,9,55,58,197.0,-37.0,57.0,43.0,133.0,23.0,-64.0,5084.0,91.0,-4.0,7.30705199233629,62.22395832768315,
3898,743.79694,62.83441956293814,55.351872535985855,78.67266681018495,28.0,0.81315,339.0,49.0,160.0,1094.0,31.0,211.0,140.0,379.0,41.13117547168967,136,8,53,57,202.0,-21.0,58.0,66.0,155.0,43.0,-47.0,5262.0,113.0,14.0,7.391991721824093,62.22395832768315,
3899,313.476,54.089805632967774,66.40479528204229,79.46352953471897,29.0,0.869,321.0,46.0,151.0,1045.0,32.0,201.0,133.0,365.0,45.24523630659444,147,12,58,60,202.0,-14.0,59.0,73.0,161.0,50.0,-41.0,5242.0,119.0,20.0,7.400932745980718,62.22395832768315,
3900,1078.5135,152.96723217512815,47.55497826900875,140.8012020926533,28.0,0.74,269.0,45.0,156.0,954.0,25.0,230.0,109.0,304.0,29.222498514782462,135,7,56,53,224.0,-60.0,64.0,34.0,133.0,9.0,-91.0,5697.0,85.0,-23.0,7.892689074594212,62.22395832768315,
3901,1025.1348,153.5544242332618,45.38294343572908,143.0973782519896,28.0,0.78095,269.0,45.0,156.0,954.0,25.0,230.0,109.0,304.0,27.727693477245456,124,4,53,54,224.0,-60.0,64.0,34.0,133.0,9.0,-91.0,5697.0,85.0,-23.0,7.897159586672525,62.22395832768315,
3902,965.69165,143.32436925197788,34.380103616095944,140.2603885789158,28.0,0.7951,283.0,48.0,167.0,1003.0,24.0,243.0,114.0,316.0,21.733192834531188,121,6,53,56,223.0,-65.0,64.0,28.0,127.0,3.0,-96.0,5663.0,79.0,-28.0,7.901630098750839,62.22395832768315,
3903,921.0043,143.47985793238004,17.60908428642271,153.52290678994453,28.0,0.7984,283.0,48.0,167.0,1003.0,24.0,243.0,114.0,316.0,13.695975451858311,137,5,54,56,223.0,-65.0,64.0,28.0,127.0,3.0,-96.0,5663.0,79.0,-28.0,7.906100610829152,62.22395832768315,
3904,905.9194,285.73233079096127,16.12772958047124,191.87530451180186,28.0,0.8001,293.0,51.0,177.0,1046.0,24.0,255.0,118.0,328.0,9.195466318065812,134,2,53,55,222.0,-69.0,64.0,23.0,122.0,-2.0,-100.0,5644.0,74.0,-33.0,7.910571122907465,62.22395832768315,
3905,938.24316,325.5499443114493,28.257954815472843,211.09229876400698,28.0,0.7965,293.0,51.0,177.0,1046.0,24.0,255.0,118.0,328.0,17.662344975924483,136,4,51,54,222.0,-69.0,64.0,23.0,122.0,-2.0,-100.0,5644.0,74.0,-33.0,7.915041634985777,62.22395832768315,
3906,993.86115,301.3485814733599,36.737404372350504,218.84920283959062,28.0,0.7305,294.0,52.0,179.0,1053.0,24.0,258.0,118.0,329.0,23.045003017723275,133,3,53,56,222.0,-70.0,64.0,22.0,121.0,-3.0,-101.0,5642.0,73.0,-34.0,7.919512147064019,62.22395832768315,
3907,992.1821,132.61607685714128,27.921886078220204,138.07715513040355,28.0,0.8038,195.0,39.0,139.0,827.0,25.0,250.0,91.0,266.0,18.85314240642464,122,5,51,54,267.0,-82.0,75.0,-10.0,148.0,1.0,-119.0,6781.0,91.0,81.0,8.93878890091751,62.22395832768315,
3908,948.11505,138.94808132383457,15.199773658639238,156.21682659346308,28.0,0.7721,206.0,42.0,149.0,869.0,23.0,263.0,96.0,278.0,11.463614652450742,119,5,56,58,262.0,-88.0,74.0,-20.0,137.0,-8.0,-125.0,6633.0,81.0,70.0,8.943259412995822,62.22395832768315,
3909,938.33685,248.15684493679538,4.198811878038805,187.5208436771885,28.0,0.727,206.0,42.0,149.0,869.0,23.0,263.0,96.0,278.0,4.20943552314104,125,5,57,61,262.0,-88.0,74.0,-20.0,137.0,-8.0,-125.0,6633.0,81.0,70.0,8.947729925074135,62.22395832768315,
3910,950.9874,293.27137402491246,7.8713329794564855,196.25743256883996,28.0,0.74255,221.0,46.0,163.0,926.0,22.0,279.0,101.0,293.0,5.668783598418718,125,6,56,57,258.0,-96.0,73.0,-70.0,126.0,-17.0,-132.0,6520.0,70.0,60.0,8.952200437152449,62.22395832768315,
3911,992.13617,303.9784782282529,26.27681001302049,227.82904876128384,28.0,0.77615,221.0,46.0,163.0,926.0,22.0,279.0,101.0,293.0,19.630305240172692,131,6,56,56,258.0,-96.0,73.0,-70.0,126.0,-17.0,-132.0,6520.0,70.0,60.0,8.95667094923076,62.22395832768315,
3912,803.2535,74.55553284238275,28.843488465410573,97.44639116601454,28.0,0.7097,403.0,59.0,195.0,1296.0,30.0,248.0,165.0,445.0,28.58143389869146,104,7,53,55,194.0,-28.0,56.0,53.0,140.0,32.0,-54.0,5028.0,100.0,5.0,7.2350243355662345,62.221874994349996,
3913,702.2532,75.72747554045203,18.38884772668364,122.63956269371255,28.0,0.7991,403.0,59.0,195.0,1296.0,30.0,248.0,165.0,445.0,19.270146017281313,119,8,55,54,194.0,-28.0,56.0,53.0,140.0,32.0,-54.0,5028.0,100.0,5.0,7.239494539047996,62.221874994349996,
3914,632.8116,79.34464170724844,12.867613010845053,137.04051167721047,28.0,0.81775,400.0,58.0,194.0,1288.0,30.0,248.0,164.0,442.0,14.2098595507527,120,10,54,55,195.0,-27.0,56.0,53.0,141.0,33.0,-54.0,5044.0,100.0,6.0,7.243964742529758,62.221874994349996,
3915,585.05786,100.1807842585543,10.185489920516893,154.34483775856447,28.0,0.8073,400.0,58.0,194.0,1288.0,30.0,248.0,164.0,442.0,11.7048118734903,117,3,54,54,195.0,-27.0,56.0,53.0,141.0,33.0,-54.0,5044.0,100.0,6.0,7.248434946011521,62.221874994349996,
3916,651.5402,265.0307914063582,23.816302731433286,244.42722073011146,28.0,0.8174,413.0,63.0,208.0,1344.0,29.0,268.0,169.0,455.0,24.80276464996,111,10,54,55,194.0,-38.0,56.0,41.0,129.0,21.0,-65.0,5018.0,88.0,-6.0,7.2573753529749725,62.221874994349996,
3917,792.9356,253.64450244513017,33.66917422728948,253.89901489713378,29.0,0.7968,417.0,65.0,213.0,1364.0,29.0,275.0,170.0,459.0,33.445009098890345,123,8,52,57,196.0,-43.0,57.0,36.0,126.0,16.0,-70.0,5026.0,84.0,-10.0,7.261845556456736,62.221874994349996,
3918,643.7868,50.05661192681471,73.66458084658636,90.62411111588058,29.0,0.8184,369.0,52.0,174.0,1185.0,32.0,223.0,152.0,412.0,43.75994978367049,115,15,52,57,196.0,-18.0,57.0,65.0,153.0,44.0,-43.0,5130.0,112.0,16.0,7.284196573865548,62.221874994349996,
3919,336.98618,130.63390906519473,27.238332991457604,159.92332977912272,28.0,0.8456,385.0,56.0,185.0,1237.0,31.0,239.0,158.0,425.0,15.422440036183874,114,5,52,61,197.0,-27.0,57.0,55.0,143.0,34.0,-54.0,5074.0,101.0,6.0,7.293136980829073,62.221874994349996,
3920,366.6387,258.7164310565565,40.30714316117339,235.42369095282146,28.0,0.81105,385.0,56.0,185.0,1237.0,31.0,239.0,158.0,425.0,24.51929869285194,111,10,51,58,197.0,-27.0,57.0,55.0,143.0,34.0,-54.0,5074.0,101.0,6.0,7.297607184310762,62.221874994349996,
3921,684.6989,245.93965597480334,52.18473881660651,254.47951736600135,28.0,0.8573,396.0,60.0,198.0,1289.0,29.0,258.0,162.0,436.0,41.72800018607781,124,6,53,58,197.0,-37.0,57.0,43.0,133.0,23.0,-64.0,5084.0,91.0,-4.0,7.306547591274287,62.221874994349996,
3922,821.33734,214.06509124735493,37.65038097056276,221.81681889746739,28.0,0.8224,394.0,60.0,198.0,1287.0,29.0,258.0,161.0,435.0,27.57986062615116,123,5,53,60,198.0,-39.0,57.0,42.0,132.0,22.0,-66.0,5079.0,90.0,-5.0,7.311017794756049,62.221874994349996,
3923,913.5813,171.41339226192736,37.1506329466257,171.60996083995198,28.0,0.74015,394.0,61.0,201.0,1294.0,29.0,264.0,161.0,435.0,20.075132769836358,122,7,53,45,199.0,-43.0,57.0,38.0,128.0,18.0,-71.0,5104.0,86.0,-10.0,7.3378390156465505,62.221874994349996,
3924,814.6215,80.60432294416712,32.77141541785668,83.80322040449838,29.0,0.8179,363.0,54.0,178.0,1180.0,30.0,235.0,149.0,402.0,33.567304521215746,133,3,54,57,200.0,-33.0,58.0,50.0,140.0,29.0,-60.0,5173.0,98.0,1.0,7.391481457427628,62.221874994349996,
3925,659.81885,71.69030750227553,46.87979786985647,83.73956524549696,28.0,0.8308,339.0,49.0,160.0,1094.0,31.0,211.0,140.0,379.0,35.738858384532946,137,8,63,54,202.0,-21.0,58.0,66.0,155.0,43.0,-47.0,5262.0,113.0,14.0,7.3959516609093905,62.221874994349996,
3926,484.0017,60.154292561821016,63.67179647902412,75.7560418665139,29.0,0.85775,321.0,46.0,151.0,1045.0,32.0,201.0,133.0,365.0,43.441299085604314,144,9,60,54,202.0,-14.0,59.0,73.0,161.0,50.0,-41.0,5242.0,119.0,20.0,7.400421864391152,62.221874994349996,
3927,1044.3798,168.01330652067352,47.43333203331432,164.2586087552482,28.0,0.803,277.0,47.0,161.0,979.0,25.0,234.0,112.0,312.0,26.56847754484692,128,5,54,53,222.0,-60.0,64.0,33.0,131.0,7.0,-91.0,5649.0,83.0,-24.0,7.878733636938864,62.221874994349996,
3928,1027.2933,169.0836287481525,48.79179561891079,164.95492772248997,28.0,0.80825,277.0,47.0,161.0,979.0,25.0,234.0,112.0,312.0,27.455934034145567,133,6,54,52,222.0,-60.0,64.0,33.0,131.0,7.0,-91.0,5649.0,83.0,-24.0,7.883203840420554,62.221874994349996,
3929,1007.0989,165.3710848045831,48.54511586605014,159.90104954873672,28.0,0.79175,272.0,46.0,158.0,964.0,25.0,231.0,110.0,307.0,26.94686337963054,129,5,56,55,223.0,-61.0,64.0,34.0,132.0,8.0,-91.0,5706.0,84.0,-24.0,7.887674043902318,62.221874994349996,
3930,973.4169,158.64670049489987,39.68348333388887,155.50958793529682,28.0,0.80365,269.0,45.0,156.0,954.0,25.0,230.0,109.0,304.0,22.075453459115103,125,5,56,55,224.0,-60.0,64.0,34.0,133.0,9.0,-91.0,5697.0,85.0,-23.0,7.8921442473840795,62.221874994349996,
3931,943.4832,153.43256010063516,26.2796015538021,157.96391908494724,28.0,0.8067,269.0,45.0,156.0,954.0,25.0,230.0,109.0,304.0,16.220071731030075,131,3,56,58,224.0,-60.0,64.0,34.0,133.0,9.0,-91.0,5697.0,85.0,-23.0,7.896614450865841,62.221874994349996,
3932,917.84045,136.07592676139564,15.58768134017619,165.9246596599178,28.0,0.8018,283.0,48.0,167.0,1003.0,24.0,243.0,114.0,316.0,8.369255759371452,122,3,55,57,223.0,-65.0,64.0,28.0,127.0,3.0,-96.0,5663.0,79.0,-28.0,7.9010846543476045,62.221874994349996,
3933,915.01013,276.80313436730125,18.26432083830076,192.06093507596805,28.0,0.7915,283.0,48.0,167.0,1003.0,24.0,243.0,114.0,316.0,10.472562560302764,124,5,53,55,223.0,-65.0,64.0,28.0,127.0,3.0,-96.0,5663.0,79.0,-28.0,7.905554857829368,62.221874994349996,
3934,955.502,326.3747513807713,35.275885329272185,219.3720403246982,28.0,0.8004,293.0,51.0,177.0,1046.0,24.0,255.0,118.0,328.0,23.007531774113147,147,5,52,54,222.0,-69.0,64.0,23.0,122.0,-2.0,-100.0,5644.0,74.0,-33.0,7.91002506131113,62.221874994349996,
3935,1014.95685,331.11672176862646,42.86200428311404,218.6002402753871,28.0,0.78645,293.0,51.0,177.0,1046.0,24.0,255.0,118.0,328.0,25.991465397115206,134,4,53,55,222.0,-69.0,64.0,23.0,122.0,-2.0,-100.0,5644.0,74.0,-33.0,7.914495264792891,62.221874994349996,
3936,819.3296,142.29645108320756,19.475968745310375,164.85846881421747,28.0,0.8124,236.0,40.0,146.0,877.0,24.0,228.0,95.0,271.0,20.55537089839134,119,3,56,57,236.0,-68.0,67.0,-7.0,136.0,5.0,-100.0,5983.0,85.0,-29.0,8.151416049325794,62.221874994349996,
3937,861.83246,263.6025155023781,15.871694464666657,234.77334695548728,28.0,0.81775,236.0,40.0,146.0,877.0,24.0,228.0,95.0,271.0,17.983930244176605,114,6,55,56,236.0,-68.0,67.0,-7.0,136.0,5.0,-100.0,5983.0,85.0,-29.0,8.155886252807557,62.221874994349996,
3938,948.2228,263.5247029839251,21.925614663996722,246.42418796711735,28.0,0.7707,245.0,42.0,154.0,911.0,24.0,238.0,98.0,278.0,23.797512600975306,136,4,54,55,234.0,-71.0,67.0,-11.0,131.0,1.0,-103.0,5944.0,80.0,-32.0,8.160356456289318,62.221874994349996,
3939,1005.8413,128.5427730724954,30.047097177329253,125.83016454977007,28.0,0.789,195.0,39.0,139.0,827.0,25.0,250.0,91.0,266.0,23.166441843890663,119,6,51,55,267.0,-82.0,75.0,-10.0,148.0,1.0,-119.0,6781.0,91.0,81.0,8.93370165863277,62.221874994349996,
3940,946.55133,137.85275332112852,19.846643657705766,150.82024038224185,28.0,0.7908,195.0,39.0,139.0,827.0,25.0,250.0,91.0,266.0,14.541610392739498,108,3,54,55,267.0,-82.0,75.0,-10.0,148.0,1.0,-119.0,6781.0,91.0,81.0,8.938171862114533,62.221874994349996,
3941,928.6133,216.1744558310973,8.877621715528674,183.62901353027053,28.0,0.7355,206.0,42.0,149.0,869.0,23.0,263.0,96.0,278.0,6.217771258257209,116,7,54,58,262.0,-88.0,74.0,-20.0,137.0,-8.0,-125.0,6633.0,81.0,70.0,8.942642065596296,62.221874994349996,
3942,941.08997,284.8225339424289,14.142592020207179,190.98899975099002,28.0,0.752,206.0,42.0,149.0,869.0,23.0,263.0,96.0,278.0,6.217768208989179,120,14,54,60,262.0,-88.0,74.0,-20.0,137.0,-8.0,-125.0,6633.0,81.0,70.0,8.947112269078058,62.221874994349996,
3943,970.9575,316.3726243514769,30.6430925289896,215.00257072482802,28.0,0.77965,221.0,46.0,163.0,926.0,22.0,279.0,101.0,293.0,17.40286991907179,112,4,55,56,258.0,-96.0,73.0,-70.0,126.0,-17.0,-132.0,6520.0,70.0,60.0,8.951582472559819,62.221874994349996,
3944,1046.5593,312.93869387020214,47.08201724749108,245.445875835366,28.0,0.7633,221.0,46.0,163.0,926.0,22.0,279.0,101.0,293.0,31.908642583269895,129,7,55,57,258.0,-96.0,73.0,-70.0,126.0,-17.0,-132.0,6520.0,70.0,60.0,8.956052676041582,62.221874994349996,
3945,1171.0796,299.8421136072053,44.70131089479889,249.28138552249385,28.0,0.6519,239.0,51.0,179.0,994.0,21.0,298.0,108.0,311.0,31.718669757930908,139,3,56,53,253.0,-104.0,72.0,-80.0,113.0,-27.0,-140.0,6387.0,58.0,48.0,8.960522879523346,62.221874994349996,
3946,734.8145,72.16262256798242,22.288020126788425,115.47117314245381,28.0,0.7657,403.0,59.0,195.0,1296.0,30.0,248.0,165.0,445.0,22.251602493547235,122,11,54,54,194.0,-28.0,56.0,53.0,140.0,32.0,-54.0,5028.0,100.0,5.0,7.238994845497572,62.219791661016856,
3947,656.5311,73.29992134290238,16.510771738677704,129.07059611339517,28.0,0.813,400.0,58.0,194.0,1288.0,30.0,248.0,164.0,442.0,17.311757120869284,125,8,56,56,195.0,-27.0,56.0,53.0,141.0,33.0,-54.0,5044.0,100.0,6.0,7.243464740431294,62.219791661016856,
3948,602.0877,73.24657350839502,9.990722256386734,151.12789647101005,28.0,0.79095,400.0,58.0,194.0,1288.0,30.0,248.0,164.0,442.0,10.053617411692306,118,4,54,56,195.0,-27.0,56.0,53.0,141.0,33.0,-54.0,5044.0,100.0,6.0,7.247934635365017,62.219791661016856,
3949,599.6104,291.84951395481517,10.098764504320593,202.99184902220205,28.0,0.7992,413.0,63.0,208.0,1344.0,29.0,268.0,169.0,455.0,9.379891457393661,113,12,54,55,194.0,-38.0,56.0,41.0,129.0,21.0,-65.0,5018.0,88.0,-6.0,7.252404530298739,62.219791661016856,
3950,642.38666,285.78834411872043,16.047545947523236,229.73951471541147,28.0,0.8208,413.0,63.0,208.0,1344.0,29.0,268.0,169.0,455.0,17.479458999058465,120,13,53,55,194.0,-38.0,56.0,41.0,129.0,21.0,-65.0,5018.0,88.0,-6.0,7.2568744252323905,62.219791661016856,
3951,758.418,272.99424415128965,34.81160349344403,254.82109816488918,29.0,0.8159,417.0,65.0,213.0,1364.0,29.0,275.0,170.0,459.0,35.63881219167559,109,12,52,55,196.0,-43.0,57.0,36.0,126.0,16.0,-70.0,5026.0,84.0,-10.0,7.2613443201661125,62.219791661016856,
3952,782.2849,143.41099730252463,41.1227704527103,165.54937008989967,29.0,0.7895,369.0,52.0,174.0,1185.0,32.0,223.0,152.0,412.0,21.552000166559253,117,14,50,56,196.0,-18.0,57.0,65.0,153.0,44.0,-43.0,5130.0,112.0,16.0,7.2836937948347265,62.219791661016856,
3953,658.44507,48.94131225229548,92.18554913535841,77.00334850598787,29.0,0.8252,369.0,52.0,174.0,1185.0,32.0,223.0,152.0,412.0,50.603526393751636,116,11,47,58,196.0,-18.0,57.0,65.0,153.0,44.0,-43.0,5130.0,112.0,16.0,7.2881636897684485,62.219791661016856,
3954,386.108,223.22413281191098,32.20477124859485,206.76154527468947,28.0,0.8278,385.0,56.0,185.0,1237.0,31.0,239.0,158.0,425.0,23.727722403005576,123,11,54,60,197.0,-27.0,57.0,55.0,143.0,34.0,-54.0,5074.0,101.0,6.0,7.2971034796358225,62.219791661016856,
3955,492.7365,291.22818496056396,40.003576558035704,245.21952535527777,28.0,0.8272,396.0,60.0,198.0,1289.0,29.0,258.0,162.0,436.0,35.364623556097456,108,5,54,59,197.0,-37.0,57.0,43.0,133.0,23.0,-64.0,5084.0,91.0,-4.0,7.301573374569545,62.219791661016856,
3956,659.5512,267.0371578191053,45.65041463885436,253.48651222582131,28.0,0.83905,396.0,60.0,198.0,1289.0,29.0,258.0,162.0,436.0,39.24589990104276,119,7,57,61,197.0,-37.0,57.0,43.0,133.0,23.0,-64.0,5084.0,91.0,-4.0,7.306043269503267,62.219791661016856,
3957,761.2405,185.81149883174524,49.33567619669249,188.06124188023313,28.0,0.84355,394.0,60.0,198.0,1287.0,29.0,258.0,161.0,435.0,27.210972162579573,123,5,52,56,198.0,-39.0,57.0,42.0,132.0,22.0,-66.0,5079.0,90.0,-5.0,7.314983059370713,62.219791661016856,
3958,752.539,184.02266995359707,84.57223892101531,189.1364586944618,28.0,0.8305,394.0,61.0,200.0,1291.0,29.0,261.0,161.0,435.0,42.547242909366545,103,10,49,52,199.0,-41.0,57.0,40.0,131.0,20.0,-68.0,5094.0,88.0,-7.0,7.3239228492381585,62.219791661016856,
3959,788.10803,191.80299746681217,73.03783271648601,202.92090270173352,28.0,0.8468,394.0,61.0,201.0,1292.0,29.0,262.0,161.0,435.0,35.52141290707405,118,8,47,51,199.0,-42.0,57.0,39.0,129.0,18.0,-70.0,5111.0,87.0,-9.0,7.328392744171881,62.219791661016856,
3960,811.5051,179.6761969266422,50.036858561974974,180.2862076981187,28.0,0.84,394.0,61.0,201.0,1292.0,29.0,262.0,161.0,435.0,25.889541199909427,111,10,46,52,199.0,-42.0,57.0,39.0,129.0,18.0,-70.0,5111.0,87.0,-9.0,7.332862639105603,62.219791661016856,
3961,814.04535,190.69781587120698,45.19533652169544,195.4120871627043,28.0,0.83135,394.0,61.0,201.0,1294.0,29.0,264.0,161.0,435.0,26.215861866484765,109,10,45,50,199.0,-43.0,57.0,38.0,128.0,18.0,-71.0,5104.0,86.0,-10.0,7.337332534039253,62.219791661016856,
3962,839.63525,198.631679086939,31.172556134143978,198.62668692018858,29.0,0.8138,393.0,61.0,202.0,1291.0,28.0,265.0,160.0,432.0,18.23047103789993,115,9,44,52,199.0,-44.0,58.0,37.0,128.0,17.0,-71.0,5108.0,85.0,-11.0,7.341802428972977,62.219791661016856,
3963,709.16046,99.43221685655632,35.12647371836169,79.71577867061389,28.0,0.81415,339.0,49.0,160.0,1094.0,31.0,211.0,140.0,379.0,35.39800295429103,120,0,59,54,202.0,-21.0,58.0,66.0,155.0,43.0,-47.0,5262.0,113.0,14.0,7.395441168177577,62.219791661016856,
3964,568.40344,80.26751624643245,31.44875584620503,95.60875027872974,28.0,0.83535,339.0,49.0,160.0,1094.0,31.0,211.0,140.0,379.0,30.18383181348689,122,4,52,53,202.0,-21.0,58.0,66.0,155.0,43.0,-47.0,5262.0,113.0,14.0,7.399911063111299,62.219791661016856,
3965,1043.6123,159.71799947726828,35.56797322508586,158.9204833642156,28.0,0.8184,286.0,49.0,166.0,1007.0,25.0,241.0,115.0,319.0,20.112947387411616,119,6,52,55,221.0,-63.0,64.0,30.0,128.0,5.0,-93.0,5621.0,80.0,-26.0,7.864780136217587,62.219791661016856,
3966,1011.36957,156.16499349637917,31.11050984709829,157.85808414551687,28.0,0.80315,282.0,48.0,163.0,993.0,25.0,237.0,114.0,316.0,18.293484460462977,136,2,55,53,222.0,-62.0,64.0,31.0,130.0,6.0,-92.0,5639.0,82.0,-25.0,7.869250031151309,62.219791661016856,
3967,983.5624,154.76114840352744,26.640929721608906,162.66546921619417,28.0,0.7923,282.0,48.0,163.0,993.0,25.0,237.0,114.0,316.0,16.1738258494907,126,5,53,56,222.0,-62.0,64.0,31.0,130.0,6.0,-92.0,5639.0,82.0,-25.0,7.873719926085033,62.219791661016856,
3968,964.38556,156.7189087382011,20.947441388388913,168.68794980571155,28.0,0.7879,277.0,47.0,161.0,979.0,25.0,234.0,112.0,312.0,13.072402386169632,122,6,54,57,222.0,-60.0,64.0,33.0,131.0,7.0,-91.0,5649.0,83.0,-24.0,7.878189821018755,62.219791661016856,
3969,951.56244,162.29939199921827,17.635086549987204,170.00154853969278,28.0,0.7777,277.0,47.0,161.0,979.0,25.0,234.0,112.0,312.0,10.113583625114662,124,5,55,57,222.0,-60.0,64.0,33.0,131.0,7.0,-91.0,5649.0,83.0,-24.0,7.882659715952405,62.219791661016856,
3970,937.89154,188.60987688181862,18.739783110875145,170.36790025290082,28.0,0.778,272.0,46.0,158.0,964.0,25.0,231.0,110.0,307.0,12.730367268299903,130,5,54,56,223.0,-61.0,64.0,34.0,132.0,8.0,-91.0,5706.0,84.0,-24.0,7.887129610886127,62.219791661016856,
3971,927.48126,179.41001879464005,18.98506604424938,176.59968382259865,28.0,0.79625,272.0,46.0,158.0,964.0,25.0,231.0,110.0,307.0,11.068779238649551,131,6,53,58,223.0,-61.0,64.0,34.0,132.0,8.0,-91.0,5706.0,84.0,-24.0,7.891599505819849,62.219791661016856,
3972,926.5655,186.53046389264102,20.242136365030987,182.4986397715514,28.0,0.80325,269.0,45.0,156.0,954.0,25.0,230.0,109.0,304.0,10.072061619964039,130,3,53,55,224.0,-60.0,64.0,34.0,133.0,9.0,-91.0,5697.0,85.0,-23.0,7.896069400753573,62.219791661016856,
3973,940.0151,319.4565295856154,30.42783520827489,200.61996678803763,28.0,0.80155,283.0,48.0,167.0,1003.0,24.0,243.0,114.0,316.0,17.80758213704076,122,4,55,55,223.0,-65.0,64.0,28.0,127.0,3.0,-96.0,5663.0,79.0,-28.0,7.900539295687297,62.219791661016856,
3974,976.2717,331.9641484947886,41.965436511138165,215.7399211451746,28.0,0.74645,283.0,48.0,167.0,1003.0,24.0,243.0,114.0,316.0,24.843600548997646,126,3,53,55,223.0,-65.0,64.0,28.0,127.0,3.0,-96.0,5663.0,79.0,-28.0,7.905009190621019,62.219791661016856,
3975,1040.9218,322.37415844731885,46.51112765317617,233.70024939165293,28.0,0.72285,293.0,51.0,177.0,1046.0,24.0,255.0,118.0,328.0,30.260241803185206,130,4,54,56,222.0,-69.0,64.0,23.0,122.0,-2.0,-100.0,5644.0,74.0,-33.0,7.909479085554741,62.219791661016856,
3976,846.18396,251.37833477978313,15.07981919821858,226.36496648267675,28.0,0.8163,236.0,40.0,146.0,877.0,24.0,228.0,95.0,271.0,17.455053982579958,111,6,53,57,236.0,-68.0,67.0,-7.0,136.0,5.0,-100.0,5983.0,85.0,-29.0,8.155323306908981,62.219791661016856,
3977,925.3091,264.48760245618274,16.434653109119026,237.10771880097892,28.0,0.7758,245.0,42.0,154.0,911.0,24.0,238.0,98.0,278.0,18.470877122892986,114,6,54,56,234.0,-71.0,67.0,-11.0,131.0,1.0,-103.0,5944.0,80.0,-32.0,8.159793201842703,62.219791661016856,
3978,981.1115,108.06478302861277,18.253754703840883,130.40834853627587,28.0,0.8092,195.0,39.0,139.0,826.0,25.0,249.0,91.0,266.0,17.287219816093106,121,4,52,54,266.0,-82.0,75.0,-10.0,148.0,1.0,-118.0,6806.0,92.0,82.0,8.933085025375277,62.219791661016856,
3979,928.2233,121.28718626190333,8.146620324573323,159.39138573824798,28.0,0.7363,195.0,39.0,139.0,827.0,25.0,250.0,91.0,266.0,7.605482965557097,108,5,55,56,267.0,-82.0,75.0,-10.0,148.0,1.0,-119.0,6781.0,91.0,81.0,8.937554920309001,62.219791661016856,
3980,997.2587,318.72132017896473,38.739405672555456,228.71936751864223,28.0,0.7636,206.0,42.0,149.0,869.0,23.0,263.0,96.0,278.0,28.89281358286402,124,4,55,56,262.0,-88.0,74.0,-20.0,137.0,-8.0,-125.0,6633.0,81.0,70.0,8.946494710176445,62.219791661016856,
3981,778.19965,73.09248127913015,25.32457676139292,106.59836383440297,28.0,0.7785,403.0,59.0,195.0,1296.0,30.0,248.0,165.0,445.0,25.39827891951223,117,12,53,57,194.0,-28.0,56.0,53.0,140.0,32.0,-54.0,5028.0,100.0,5.0,7.238495230492875,62.2177083276837,
3982,687.4161,75.06115644440513,18.557312837806116,120.51966161377325,28.0,0.80995,400.0,58.0,194.0,1288.0,30.0,248.0,164.0,442.0,20.061248769226754,135,10,54,58,195.0,-27.0,56.0,53.0,141.0,33.0,-54.0,5044.0,100.0,6.0,7.242964816927057,62.2177083276837,
3983,621.23346,67.01178031983821,12.066109054427326,145.9222633455903,28.0,0.79565,400.0,58.0,194.0,1288.0,30.0,248.0,164.0,442.0,11.903458574087605,126,2,53,59,195.0,-27.0,56.0,53.0,141.0,33.0,-54.0,5044.0,100.0,6.0,7.247434403361241,62.2177083276837,
3984,613.9912,264.7478614627645,10.161179841471105,201.84484127900458,28.0,0.7993,413.0,63.0,208.0,1344.0,29.0,268.0,169.0,455.0,9.040782071913615,123,11,53,56,194.0,-38.0,56.0,41.0,129.0,21.0,-65.0,5018.0,88.0,-6.0,7.251903989795423,62.2177083276837,
3985,651.1453,290.8389289413113,14.88550757928717,220.5279481160749,28.0,0.8058,413.0,63.0,208.0,1344.0,29.0,268.0,169.0,455.0,14.063760780480704,116,13,50,56,194.0,-38.0,56.0,41.0,129.0,21.0,-65.0,5018.0,88.0,-6.0,7.256373576229534,62.2177083276837,
3986,920.7875,259.3022326607348,25.192352312417864,226.87613071486862,29.0,0.72695,417.0,65.0,213.0,1364.0,29.0,275.0,170.0,459.0,23.059096271290233,113,4,53,55,196.0,-43.0,57.0,36.0,126.0,16.0,-70.0,5026.0,84.0,-10.0,7.2653127490979,62.2177083276837,
3987,688.63544,45.52400063865096,95.585240024864,90.90169942057601,28.0,0.80485,385.0,56.0,185.0,1237.0,31.0,239.0,158.0,425.0,47.92953175448723,118,11,45,60,197.0,-27.0,57.0,55.0,143.0,34.0,-54.0,5074.0,101.0,6.0,7.292130267702997,62.2177083276837,
3988,450.933,149.80840813417984,41.90202834165018,192.9140351119847,28.0,0.805,396.0,60.0,198.0,1289.0,29.0,258.0,162.0,436.0,29.113029831612987,110,5,53,60,197.0,-37.0,57.0,43.0,133.0,23.0,-64.0,5084.0,91.0,-4.0,7.301069440571291,62.2177083276837,
3989,532.28394,233.36585885444944,62.559009833712885,240.12660186621474,28.0,0.8042,396.0,60.0,198.0,1289.0,29.0,258.0,162.0,436.0,40.442975101305,125,6,60,58,197.0,-37.0,57.0,43.0,133.0,23.0,-64.0,5084.0,91.0,-4.0,7.305539027005472,62.2177083276837,
3990,663.45306,136.62981881059451,40.24262866914514,126.74418274871533,28.0,0.82715,394.0,60.0,198.0,1287.0,29.0,258.0,161.0,435.0,26.840355292261208,111,3,56,62,198.0,-39.0,57.0,42.0,132.0,22.0,-66.0,5079.0,90.0,-5.0,7.314478199873839,62.2177083276837,
3991,597.4179,160.29634973188246,59.207724430330934,148.59897455232377,28.0,0.84275,394.0,61.0,200.0,1291.0,29.0,261.0,161.0,435.0,33.094703652925524,128,6,54,58,199.0,-41.0,57.0,40.0,131.0,20.0,-68.0,5094.0,88.0,-7.0,7.318947786308022,62.2177083276837,
3992,573.0022,181.59177163576095,59.02982056887572,182.43135900729982,28.0,0.8593,394.0,61.0,200.0,1291.0,29.0,261.0,161.0,435.0,29.170374257516876,111,9,52,57,199.0,-41.0,57.0,40.0,131.0,20.0,-68.0,5094.0,88.0,-7.0,7.323417372742204,62.2177083276837,
3993,600.1974,198.90412390387357,69.41363593678447,215.24185781365722,28.0,0.8556,394.0,61.0,201.0,1292.0,29.0,262.0,161.0,435.0,36.311942322955666,99,9,50,52,199.0,-42.0,57.0,39.0,129.0,18.0,-70.0,5111.0,87.0,-9.0,7.3278869591763875,62.2177083276837,
3994,682.2736,198.1970281458153,64.64789460881619,213.44667717864462,28.0,0.85495,394.0,61.0,201.0,1292.0,29.0,262.0,161.0,435.0,34.31331631618468,112,7,52,54,199.0,-42.0,57.0,39.0,129.0,18.0,-70.0,5111.0,87.0,-9.0,7.33235654561057,62.2177083276837,
3995,708.86414,193.10229765770825,44.15460477987806,197.19241486218172,28.0,0.8596,394.0,61.0,201.0,1294.0,29.0,264.0,161.0,435.0,24.46645568932233,119,11,51,57,199.0,-43.0,57.0,38.0,128.0,18.0,-71.0,5104.0,86.0,-10.0,7.3368261320446795,62.2177083276837,
3996,755.1457,214.17552044047014,37.582383251761684,220.9876522446726,28.0,0.85095,394.0,61.0,201.0,1294.0,29.0,264.0,161.0,435.0,23.546499745075234,116,9,53,56,199.0,-43.0,57.0,38.0,128.0,18.0,-71.0,5104.0,86.0,-10.0,7.3412957184788645,62.2177083276837,
3997,803.51843,211.38907373070893,29.091185210003484,210.2393876198619,29.0,0.82765,393.0,61.0,202.0,1291.0,28.0,265.0,160.0,432.0,18.490085871498106,117,12,53,58,199.0,-44.0,58.0,37.0,128.0,17.0,-71.0,5108.0,85.0,-11.0,7.345765304913047,62.2177083276837,
3998,585.203,68.35133217501352,35.35575412157653,114.02718357077272,28.0,0.7833,339.0,49.0,160.0,1094.0,31.0,211.0,140.0,379.0,26.94129399064118,130,10,55,56,202.0,-21.0,58.0,66.0,155.0,43.0,-47.0,5262.0,113.0,14.0,7.399400342123169,62.2177083276837,
3999,1067.9159,153.02903210898322,27.48310908183301,156.88421613226794,28.0,0.7782,295.0,51.0,173.0,1041.0,25.0,249.0,119.0,330.0,17.33791356616609,119,5,55,55,221.0,-65.0,63.0,26.0,125.0,2.0,-96.0,5595.0,77.0,-29.0,7.850828571974771,62.2177083276837,
4000,1034.3759,154.55061424198436,28.466544641664203,158.06615845715504,28.0,0.8151,295.0,51.0,173.0,1041.0,25.0,249.0,119.0,330.0,17.259351476690483,125,8,53,56,221.0,-65.0,63.0,26.0,125.0,2.0,-96.0,5595.0,77.0,-29.0,7.855298158408954,62.2177083276837,
4001,1002.0988,152.8730450733575,24.652676759915035,160.62192797518637,28.0,0.80615,286.0,49.0,166.0,1007.0,25.0,241.0,115.0,319.0,14.760969935265717,119,5,52,56,221.0,-63.0,64.0,30.0,128.0,5.0,-93.0,5621.0,80.0,-26.0,7.859767744843136,62.2177083276837,
4002,982.08026,164.55694184014192,17.460505267825308,170.25739606052676,28.0,0.7971,286.0,49.0,166.0,1007.0,25.0,241.0,115.0,319.0,9.388215639410841,121,5,54,57,221.0,-63.0,64.0,30.0,128.0,5.0,-93.0,5621.0,80.0,-26.0,7.8642373312773195,62.2177083276837,
4003,973.3608,189.78275088270905,15.903588410233501,178.20818144642334,28.0,0.7514,282.0,48.0,163.0,993.0,25.0,237.0,114.0,316.0,7.880901981389981,123,7,55,58,222.0,-62.0,64.0,31.0,130.0,6.0,-92.0,5639.0,82.0,-25.0,7.868706917711502,62.2177083276837,
4004,972.17737,150.96225174243986,19.338900522832724,178.95465245831437,28.0,0.74555,282.0,48.0,163.0,993.0,25.0,237.0,114.0,316.0,10.853506543254127,132,3,53,59,222.0,-62.0,64.0,31.0,130.0,6.0,-92.0,5639.0,82.0,-25.0,7.873176504145686,62.2177083276837,
4005,970.3627,130.46282979803738,21.521250372320885,178.92117358917707,28.0,0.7677,277.0,47.0,161.0,979.0,25.0,234.0,112.0,312.0,12.620659904600013,124,5,53,58,222.0,-60.0,64.0,33.0,131.0,7.0,-91.0,5649.0,83.0,-24.0,7.877646090579869,62.2177083276837,
4006,977.25006,285.35225214647227,35.12597838666414,190.60487652324292,28.0,0.79795,272.0,46.0,158.0,964.0,25.0,231.0,110.0,307.0,17.736106667465936,116,5,57,56,223.0,-61.0,64.0,34.0,132.0,8.0,-91.0,5706.0,84.0,-24.0,7.886585263448161,62.2177083276837,
4007,991.18384,285.0917641919797,46.43169353276932,192.71529076001457,28.0,0.8018,272.0,46.0,158.0,964.0,25.0,231.0,110.0,307.0,24.655867366226666,117,5,55,57,223.0,-61.0,64.0,34.0,132.0,8.0,-91.0,5706.0,84.0,-24.0,7.8910548498823445,62.2177083276837,
4008,1007.63855,303.0282612760524,49.917985084806254,194.97129144958285,28.0,0.7846,269.0,45.0,156.0,954.0,25.0,230.0,109.0,304.0,27.755787482739944,116,4,55,54,224.0,-60.0,64.0,34.0,133.0,9.0,-91.0,5697.0,85.0,-23.0,7.895524436316527,62.2177083276837,
4009,850.47504,208.41227083619663,19.770318831922168,193.84063552557484,28.0,0.7865,236.0,40.0,146.0,877.0,24.0,228.0,95.0,271.0,22.029732067567945,109,8,53,55,236.0,-68.0,67.0,-7.0,136.0,5.0,-100.0,5983.0,85.0,-29.0,8.154760449498628,62.2177083276837,
4010,917.6053,282.06120908535144,15.66748127879914,231.38694608999563,28.0,0.764,245.0,42.0,154.0,911.0,24.0,238.0,98.0,278.0,17.27211751783837,111,9,55,56,234.0,-71.0,67.0,-11.0,131.0,1.0,-103.0,5944.0,80.0,-32.0,8.15923003593281,62.2177083276837,
4011,961.38434,117.79901549305391,18.775075338486335,140.85356370626056,28.0,0.7958,195.0,39.0,139.0,826.0,25.0,249.0,91.0,266.0,15.764384764481752,126,4,51,55,266.0,-82.0,75.0,-10.0,148.0,1.0,-118.0,6806.0,92.0,82.0,8.932468489045004,62.2177083276837,
4012,926.07495,95.85357057017669,9.139224416806409,165.0127506994891,28.0,0.7536,195.0,39.0,139.0,827.0,25.0,250.0,91.0,266.0,9.209247313725186,108,6,56,57,267.0,-82.0,75.0,-10.0,148.0,1.0,-119.0,6781.0,91.0,81.0,8.936938075479185,62.2177083276837,
4013,930.515,273.45800438771073,8.715257954345084,205.90129645773504,28.0,0.735,195.0,39.0,139.0,827.0,25.0,250.0,91.0,266.0,8.560125043284593,115,4,57,57,267.0,-82.0,75.0,-10.0,148.0,1.0,-119.0,6781.0,91.0,81.0,8.941407661913367,62.2177083276837,
4014,1014.61597,261.51734869048863,29.114372216437015,248.93098291182983,28.0,0.7334,206.0,42.0,149.0,869.0,23.0,263.0,96.0,278.0,30.48911407869064,124,2,58,53,262.0,-88.0,74.0,-20.0,137.0,-8.0,-125.0,6633.0,81.0,70.0,8.94587724834755,62.2177083276837,
4015,713.2331,81.14299227735135,18.231105812564138,118.63442785479495,28.0,0.8175,408.0,61.0,201.0,1317.0,30.0,257.0,167.0,449.0,20.309532166383967,129,5,51,59,195.0,-33.0,56.0,47.0,135.0,27.0,-60.0,5016.0,94.0,0.0,7.242464971999459,62.21562499435056,
4016,643.0659,75.12304408365705,12.348039617672281,140.9307093822083,28.0,0.81545,408.0,61.0,201.0,1317.0,30.0,257.0,167.0,449.0,13.277586332010603,126,5,54,59,195.0,-33.0,56.0,47.0,135.0,27.0,-60.0,5016.0,94.0,0.0,7.246934249982591,62.21562499435056,
4017,632.36597,301.1265240228149,12.967783145252412,202.85732945947424,28.0,0.7951,426.0,67.0,222.0,1402.0,28.0,287.0,173.0,468.0,9.901397275587989,124,13,53,56,195.0,-47.0,56.0,31.0,120.0,12.0,-75.0,4976.0,78.0,-14.0,7.251403527965723,62.21562499435056,
4018,674.1627,306.3863922704724,19.293186085180604,220.43268989182803,28.0,0.7939,426.0,67.0,222.0,1402.0,28.0,287.0,173.0,468.0,16.060256904580147,122,16,49,59,195.0,-47.0,56.0,31.0,120.0,12.0,-75.0,4976.0,78.0,-14.0,7.255872805948783,62.21562499435056,
4019,777.5238,287.6228245022019,39.346483085532064,254.29897538766724,28.0,0.7544,428.0,69.0,226.0,1414.0,27.0,292.0,174.0,470.0,36.132960914764595,111,7,51,55,195.0,-49.0,56.0,28.0,118.0,9.0,-77.0,4979.0,76.0,-17.0,7.260342083931915,62.21562499435056,
4020,699.2299,54.84398674830165,63.963433068688445,92.91043342550124,28.0,0.8157,387.0,57.0,188.0,1247.0,30.0,242.0,159.0,427.0,37.82815855944473,119,8,51,62,197.0,-29.0,57.0,53.0,141.0,32.0,-56.0,5084.0,99.0,4.0,7.296096307796902,62.21562499435056,
4021,547.6874,43.887592272353714,56.33989839618507,106.19884812445639,28.0,0.8284,385.0,56.0,186.0,1239.0,30.0,241.0,158.0,425.0,36.58886915342868,113,5,56,61,198.0,-30.0,57.0,53.0,142.0,32.0,-56.0,5120.0,100.0,4.0,7.300565585780033,62.21562499435056,
4022,478.0693,95.11922545921284,30.51174304349122,160.13997027910602,28.0,0.79355,385.0,56.0,186.0,1239.0,30.0,241.0,158.0,425.0,17.08741828420069,121,9,55,58,198.0,-30.0,57.0,53.0,142.0,32.0,-56.0,5120.0,100.0,4.0,7.305034863763166,62.21562499435056,
4023,528.1642,203.71713923862416,64.03203603824691,224.25335940944956,28.0,0.8002,377.0,55.0,182.0,1215.0,31.0,235.0,155.0,418.0,34.33648771586351,128,8,57,56,198.0,-27.0,57.0,56.0,145.0,35.0,-53.0,5137.0,103.0,7.0,7.309504141746298,62.21562499435056,
4024,592.94507,146.77450518784815,52.8698729269651,143.9596399284615,28.0,0.8063,377.0,55.0,182.0,1215.0,31.0,235.0,155.0,418.0,34.60489126311634,119,8,54,58,198.0,-27.0,57.0,56.0,145.0,35.0,-53.0,5137.0,103.0,7.0,7.313973419729429,62.21562499435056,
4025,514.474,111.77135979665404,25.95424918881107,139.9510511292458,28.0,0.7868,369.0,53.0,175.0,1186.0,31.0,227.0,152.0,410.0,17.0259385454121,109,5,54,61,198.0,-23.0,57.0,60.0,149.0,39.0,-49.0,5116.0,107.0,10.0,7.318442697712562,62.21562499435056,
4026,532.96063,185.13435730950187,44.49126567883913,219.43155945895566,29.0,0.8113,367.0,53.0,175.0,1179.0,31.0,226.0,151.0,407.0,24.868055906295925,91,29,52,60,199.0,-23.0,58.0,60.0,149.0,38.0,-50.0,5129.0,107.0,10.0,7.331850531661958,62.21562499435056,
4027,603.975,206.9029550611455,46.40794499991048,218.21394177296122,29.0,0.8481,381.0,58.0,190.0,1240.0,29.0,247.0,156.0,421.0,27.44262464005151,104,22,52,55,200.0,-36.0,58.0,47.0,137.0,26.0,-63.0,5149.0,95.0,-2.0,7.336319809645019,62.21562499435056,
4028,664.4674,220.0592236083409,37.79199337806063,228.762955879137,29.0,0.8757,381.0,58.0,190.0,1240.0,29.0,247.0,156.0,421.0,24.93802133797599,109,7,53,58,200.0,-36.0,58.0,47.0,137.0,26.0,-63.0,5149.0,95.0,-2.0,7.340789087628152,62.21562499435056,
4029,736.3813,239.70377009037307,24.523812052645496,232.32220379924948,29.0,0.8535,393.0,61.0,200.0,1288.0,28.0,264.0,160.0,432.0,20.614675562310772,118,12,55,58,200.0,-44.0,58.0,38.0,128.0,17.0,-72.0,5128.0,85.0,-11.0,7.345258365611283,62.21562499435056,
4030,803.8427,245.38900202864383,18.991815745062606,229.92783338591784,29.0,0.8224,393.0,61.0,200.0,1288.0,28.0,264.0,160.0,432.0,17.959591651490772,122,9,54,57,200.0,-44.0,58.0,38.0,128.0,17.0,-72.0,5128.0,85.0,-11.0,7.349727643594416,62.21562499435056,
4031,1022.2266,145.46984661249624,18.85684710923621,157.25154241991214,28.0,0.76145,298.0,51.0,175.0,1051.0,24.0,252.0,120.0,332.0,12.981437870780393,118,4,53,59,221.0,-67.0,64.0,25.0,124.0,0.0,-97.0,5592.0,75.0,-31.0,7.850286777704285,62.21562499435056,
4032,991.90656,123.65752273352695,13.988139203934903,161.53754517136687,28.0,0.7603,298.0,51.0,175.0,1051.0,24.0,252.0,120.0,332.0,9.608585748649029,130,2,53,61,221.0,-67.0,64.0,25.0,124.0,0.0,-97.0,5592.0,75.0,-31.0,7.854756055687416,62.21562499435056,
4033,979.8271,213.50514224652218,10.88098654414154,179.98711403540494,28.0,0.7632,307.0,54.0,184.0,1088.0,24.0,262.0,123.0,341.0,5.7221306201951085,126,7,54,57,220.0,-71.0,63.0,20.0,119.0,-4.0,-101.0,5576.0,71.0,-34.0,7.859225333670548,62.21562499435056,
4034,875.7819,181.38868248550705,24.338228196804035,170.18577120275685,28.0,0.77165,236.0,40.0,147.0,879.0,24.0,229.0,95.0,271.0,27.43516864022265,104,7,54,55,234.0,-68.0,67.0,-8.0,134.0,4.0,-100.0,5959.0,84.0,-30.0,8.154197680556697,62.21562499435056,
4035,909.649,22.672433253754225,26.3534011158303,162.57335441496136,28.0,0.79295,229.0,39.0,144.0,863.0,25.0,228.0,92.0,264.0,14.85427012800641,143,0,55,58,238.0,-69.0,68.0,-8.0,136.0,4.0,-102.0,6044.0,85.0,-30.0,8.207829016354212,62.21562499435056,
4036,888.47876,21.077113457826783,29.735829543210144,160.81235439596793,28.0,0.79735,223.0,38.0,140.0,841.0,24.0,222.0,90.0,258.0,17.577138809081607,137,7,59,59,239.0,-68.0,68.0,-5.0,139.0,6.0,-100.0,6082.0,87.0,-29.0,8.212298294337343,62.21562499435056,
4037,976.0487,130.02781584428283,30.912806670752584,128.46043760255904,27.0,0.7953,192.0,38.0,136.0,812.0,25.0,244.0,89.0,261.0,22.322830861106745,120,5,50,54,269.0,-81.0,75.0,-7.0,152.0,4.0,-117.0,6862.0,95.0,85.0,8.927382771637125,62.21562499435056,
4038,926.6867,140.36728920389083,18.85873748509601,154.23650663363586,27.0,0.8018,192.0,38.0,136.0,812.0,25.0,244.0,89.0,261.0,13.40192152421881,115,6,56,55,269.0,-81.0,75.0,-7.0,152.0,4.0,-117.0,6862.0,95.0,85.0,8.93185204962026,62.21562499435056,
4039,901.8552,158.6323842806049,12.010676519656904,171.42344113246114,28.0,0.7554,200.0,41.0,145.0,849.0,24.0,256.0,93.0,272.0,9.086179252346968,113,4,57,55,264.0,-85.0,74.0,-57.0,142.0,-4.0,-122.0,6673.0,85.0,75.0,8.936321327603391,62.21562499435056,
4040,921.8547,253.06874086751682,12.236538586750388,217.84760162825037,28.0,0.7634,200.0,41.0,145.0,849.0,24.0,256.0,93.0,272.0,12.994985381729824,114,5,57,55,264.0,-85.0,74.0,-57.0,142.0,-4.0,-122.0,6673.0,85.0,75.0,8.940790605586523,62.21562499435056,
4041,992.76807,276.3896019426183,22.067091028174048,242.21387320240572,28.0,0.77415,217.0,45.0,158.0,909.0,23.0,274.0,100.0,289.0,23.164959696036355,110,3,56,53,260.0,-94.0,73.0,-28.0,129.0,-15.0,-131.0,6569.0,73.0,63.0,8.945259883569655,62.21562499435056,
4042,1113.9143,266.81695212900235,26.04956078791901,251.53228088972904,28.0,0.6811,217.0,45.0,158.0,909.0,23.0,274.0,100.0,289.0,30.64483551758051,127,1,57,53,260.0,-94.0,73.0,-28.0,129.0,-15.0,-131.0,6569.0,73.0,63.0,8.949729161552787,62.21562499435056,
4043,736.3809,82.82268402791308,19.504476590252818,114.59782816186362,28.0,0.8319,408.0,61.0,201.0,1317.0,30.0,257.0,167.0,449.0,21.59920789055886,122,8,53,60,195.0,-33.0,56.0,47.0,135.0,27.0,-60.0,5016.0,94.0,0.0,7.241965205630905,62.21354166101741,
4044,661.4612,73.09369470439667,12.256016093293184,140.63776227353614,28.0,0.82705,408.0,61.0,201.0,1317.0,30.0,257.0,167.0,449.0,13.39630916136303,126,6,53,60,195.0,-33.0,56.0,47.0,135.0,27.0,-60.0,5016.0,94.0,0.0,7.246434175211465,62.21354166101741,
4045,654.3006,274.86834509144046,14.833906735478143,211.1609235883488,28.0,0.8096,426.0,67.0,222.0,1402.0,28.0,287.0,173.0,468.0,12.584455726142723,124,12,49,59,195.0,-47.0,56.0,31.0,120.0,12.0,-75.0,4976.0,78.0,-14.0,7.250903144792024,62.21354166101741,
4046,703.8746,302.8447879855334,19.339395502566866,220.58913393172324,28.0,0.7734,426.0,67.0,222.0,1402.0,28.0,287.0,173.0,468.0,15.468723673438348,119,13,49,59,195.0,-47.0,56.0,31.0,120.0,12.0,-75.0,4976.0,78.0,-14.0,7.255372114372513,62.21354166101741,
4047,794.3693,63.9700308026266,38.43040571947752,96.37506513404392,28.0,0.8121,387.0,57.0,188.0,1247.0,30.0,242.0,159.0,427.0,31.317110860670443,123,5,54,62,197.0,-29.0,57.0,53.0,141.0,32.0,-56.0,5084.0,99.0,4.0,7.295592840597479,62.21354166101741,
4048,663.1596,60.57363938204313,41.76975690889656,98.73835313745784,28.0,0.85,385.0,56.0,186.0,1239.0,30.0,241.0,158.0,425.0,31.79562262698667,114,5,53,59,198.0,-30.0,57.0,53.0,142.0,32.0,-56.0,5120.0,100.0,4.0,7.300061810178038,62.21354166101741,
4049,546.8747,57.1215416750561,33.95651598147991,119.32276877085874,28.0,0.8544,385.0,56.0,186.0,1239.0,30.0,241.0,158.0,425.0,26.94126889729979,120,11,53,59,198.0,-30.0,57.0,53.0,142.0,32.0,-56.0,5120.0,100.0,4.0,7.304530779758599,62.21354166101741,
4050,496.05237,98.45040197005255,31.047997825791942,164.5339306997417,28.0,0.8462,377.0,55.0,182.0,1215.0,31.0,235.0,155.0,418.0,16.223157893745103,123,21,52,58,198.0,-27.0,57.0,56.0,145.0,35.0,-53.0,5137.0,103.0,7.0,7.308999749339159,62.21354166101741,
4051,506.04245,231.25346354851996,48.45059785592315,205.55657527326377,28.0,0.8295,377.0,55.0,182.0,1215.0,31.0,235.0,155.0,418.0,28.10047395738435,129,16,51,59,198.0,-27.0,57.0,56.0,145.0,35.0,-53.0,5137.0,103.0,7.0,7.313468718919718,62.21354166101741,
4052,538.9393,130.07305486691763,45.667224945176876,167.62923758929966,28.0,0.7745,369.0,53.0,175.0,1186.0,31.0,227.0,152.0,410.0,25.63885911384207,117,24,52,59,198.0,-23.0,57.0,60.0,149.0,39.0,-49.0,5116.0,107.0,10.0,7.317937688500277,62.21354166101741,
4053,505.61682,70.37111782427287,17.10315692397494,165.7825929967073,28.0,0.6828,369.0,53.0,175.0,1186.0,31.0,227.0,152.0,410.0,9.08811693158355,129,7,54,59,198.0,-23.0,57.0,60.0,149.0,39.0,-49.0,5116.0,107.0,10.0,7.322406658080837,62.21354166101741,
4054,514.3653,193.37518177383447,23.103393302885074,211.6988858570851,29.0,0.7974,381.0,58.0,190.0,1240.0,29.0,247.0,156.0,421.0,14.63331881297076,116,17,61,55,200.0,-36.0,58.0,47.0,137.0,26.0,-63.0,5149.0,95.0,-2.0,7.335813566822444,62.21354166101741,
4055,594.9646,248.9909305987478,33.89986784510922,247.23200194885732,29.0,0.8403,381.0,58.0,190.0,1240.0,29.0,247.0,156.0,421.0,30.15811096706816,117,10,56,59,200.0,-36.0,58.0,47.0,137.0,26.0,-63.0,5149.0,95.0,-2.0,7.340282536403004,62.21354166101741,
4056,712.94977,269.9118210241007,19.694737515162092,238.26295037222798,29.0,0.823,393.0,61.0,200.0,1288.0,28.0,264.0,160.0,432.0,19.910040933415544,116,8,54,58,200.0,-44.0,58.0,38.0,128.0,17.0,-72.0,5128.0,85.0,-11.0,7.344751505983565,62.21354166101741,
4057,784.87964,273.35267224433437,15.360665325888949,228.13485468740168,29.0,0.8137,393.0,61.0,200.0,1288.0,28.0,264.0,160.0,432.0,15.95774407906965,129,9,54,56,200.0,-44.0,58.0,38.0,128.0,17.0,-72.0,5128.0,85.0,-11.0,7.349220475564125,62.21354166101741,
4058,1016.8822,106.53913691610886,9.845744816612143,160.1481677788438,28.0,0.6816,287.0,49.0,166.0,1011.0,25.0,241.0,116.0,322.0,9.638706124040544,132,6,55,60,221.0,-63.0,64.0,30.0,128.0,5.0,-93.0,5600.0,80.0,-26.0,7.845276099005329,62.21354166101741,
4059,999.3349,120.30255981463995,7.996435973845536,174.11141529975365,28.0,0.6991,287.0,49.0,166.0,1011.0,25.0,241.0,116.0,322.0,4.437002382819501,127,5,54,56,221.0,-63.0,64.0,30.0,128.0,5.0,-93.0,5600.0,80.0,-26.0,7.8497450685858885,62.21354166101741,
4060,940.4466,99.90843471971502,16.97363129727977,124.58435593323644,28.0,0.7695,233.0,39.0,144.0,866.0,25.0,225.0,94.0,268.0,18.62657208881914,111,10,52,56,236.0,-67.0,68.0,-6.0,137.0,6.0,-99.0,6012.0,86.0,-28.0,8.14916603048282,62.21354166101741,
4061,914.14087,256.3883825193853,26.847885347187876,201.89675228841847,28.0,0.75385,236.0,40.0,147.0,879.0,24.0,229.0,95.0,271.0,22.45191958188046,107,10,53,55,234.0,-68.0,67.0,-8.0,134.0,4.0,-100.0,5959.0,84.0,-30.0,8.15363500006338,62.21354166101741,
4062,925.4595,29.76674870805788,21.636955163469334,159.99488343078195,28.0,0.74435,223.0,38.0,140.0,841.0,24.0,222.0,90.0,258.0,13.295740407822311,129,1,57,56,239.0,-68.0,68.0,-5.0,139.0,6.0,-100.0,6082.0,87.0,-29.0,8.216200574191145,62.21354166101741,
4063,904.0738,60.362394931039525,24.21590394948293,170.22018516231614,28.0,0.78515,218.0,37.0,135.0,823.0,25.0,219.0,88.0,253.0,13.949464492194606,118,6,57,54,240.0,-66.0,68.0,-3.0,141.0,8.0,-99.0,6101.0,90.0,-27.0,8.220669543771704,62.21354166101741,
4064,1018.86444,118.48296245596921,34.66911852792575,106.37933228124021,27.0,0.764,192.0,38.0,136.0,812.0,25.0,244.0,89.0,261.0,28.184515730721714,120,6,44,51,269.0,-81.0,75.0,-7.0,152.0,4.0,-117.0,6875.0,95.0,85.0,8.922297767918298,62.21354166101741,
4065,935.3964,126.69075418291304,21.894044873803978,138.2428874154461,27.0,0.8103,192.0,38.0,136.0,812.0,25.0,244.0,89.0,261.0,16.925792039213402,105,6,49,55,269.0,-81.0,75.0,-7.0,152.0,4.0,-117.0,6862.0,95.0,85.0,8.926766737498786,62.21354166101741,
4066,896.68304,148.00116790722805,13.703220833388901,163.85395713062692,27.0,0.7972,192.0,38.0,136.0,812.0,25.0,244.0,89.0,261.0,9.332101050805662,110,6,55,54,269.0,-81.0,75.0,-7.0,152.0,4.0,-117.0,6862.0,95.0,85.0,8.931235707079349,62.21354166101741,
4067,883.87164,161.22285458371655,8.184170128114275,173.7751357705449,28.0,0.7532,200.0,41.0,145.0,849.0,24.0,256.0,93.0,272.0,6.045877607102195,114,5,57,58,264.0,-85.0,74.0,-57.0,142.0,-4.0,-122.0,6673.0,85.0,75.0,8.935704676659908,62.21354166101741,
4068,901.3342,261.66188945662884,11.202231717670989,218.44243725739463,28.0,0.75505,200.0,41.0,145.0,849.0,24.0,256.0,93.0,272.0,12.599471531738008,114,4,57,58,264.0,-85.0,74.0,-57.0,142.0,-4.0,-122.0,6673.0,85.0,75.0,8.940173646240467,62.21354166101741,
4069,985.1265,275.48544370522103,23.2758191020113,249.5444579209617,28.0,0.79905,217.0,45.0,158.0,909.0,23.0,274.0,100.0,289.0,25.13948680003235,115,2,57,57,260.0,-94.0,73.0,-28.0,129.0,-15.0,-131.0,6569.0,73.0,63.0,8.944642615821026,62.21354166101741,
4070,852.5696,93.48603011868887,22.303871999036314,103.678420870414,28.0,0.7551,408.0,60.0,200.0,1315.0,30.0,255.0,167.0,450.0,25.236847415913275,104,15,54,56,195.0,-31.0,56.0,49.0,137.0,29.0,-58.0,5035.0,96.0,2.0,7.236996856577362,62.21145832768427,
4071,750.5158,93.60510925935888,18.47714355195791,114.04889761954733,28.0,0.82885,408.0,60.0,200.0,1315.0,30.0,255.0,167.0,450.0,21.751814976337844,130,16,54,56,195.0,-31.0,56.0,49.0,137.0,29.0,-58.0,5035.0,96.0,2.0,7.241465517803816,62.21145832768427,
4072,679.21893,80.13563730533855,12.11247084982612,146.8212034434312,28.0,0.82975,408.0,61.0,201.0,1317.0,30.0,257.0,167.0,449.0,12.269453495545912,127,8,52,56,195.0,-33.0,56.0,47.0,135.0,27.0,-60.0,5016.0,94.0,0.0,7.245934179030271,62.21145832768427,
4073,683.6678,298.2926808931687,19.772507034077783,214.44976149491066,28.0,0.81,426.0,67.0,222.0,1402.0,28.0,287.0,173.0,468.0,15.121976955690329,124,13,50,58,195.0,-47.0,56.0,31.0,120.0,12.0,-75.0,4976.0,78.0,-14.0,7.250402840256726,62.21145832768427,
4074,735.45435,310.33858059752697,23.696331294695927,222.62380318613694,28.0,0.7757,426.0,67.0,222.0,1402.0,28.0,287.0,173.0,468.0,17.960367445415578,120,14,48,58,195.0,-47.0,56.0,31.0,120.0,12.0,-75.0,4976.0,78.0,-14.0,7.254871501483108,62.21145832768427,
4075,731.4867,64.70034917188761,34.88486588818685,99.1984202466535,28.0,0.8214,387.0,57.0,188.0,1247.0,30.0,242.0,159.0,427.0,30.34553426382162,122,11,50,60,197.0,-29.0,57.0,53.0,141.0,32.0,-56.0,5084.0,99.0,4.0,7.299558113747585,62.21145832768427,
4076,626.417,109.65473280453816,48.88936975726795,141.68184573523394,28.0,0.8569,385.0,56.0,186.0,1239.0,30.0,241.0,158.0,425.0,30.96430265691806,115,5,53,57,198.0,-30.0,57.0,53.0,142.0,32.0,-56.0,5120.0,100.0,4.0,7.304026774974041,62.21145832768427,
4077,606.95465,103.41777722075618,77.48545174532275,173.86952796174003,28.0,0.86075,377.0,55.0,182.0,1215.0,31.0,235.0,155.0,418.0,36.5971881447776,118,13,50,56,198.0,-27.0,57.0,56.0,145.0,35.0,-53.0,5137.0,103.0,7.0,7.308495436200496,62.21145832768427,
4078,681.4773,100.61846854829147,61.198849021543246,131.08616491484145,28.0,0.8382,369.0,53.0,175.0,1186.0,31.0,227.0,152.0,410.0,36.78670416551325,121,9,51,59,198.0,-23.0,57.0,60.0,149.0,39.0,-49.0,5116.0,107.0,10.0,7.317432758653404,62.21145832768427,
4079,570.2576,67.15943659964641,33.88315386325149,121.2052588362074,28.0,0.8244,369.0,53.0,175.0,1186.0,31.0,227.0,152.0,410.0,25.493003337694372,131,9,54,59,198.0,-23.0,57.0,60.0,149.0,39.0,-49.0,5116.0,107.0,10.0,7.321901419879859,62.21145832768427,
4080,515.1665,37.25820219487473,16.022042488202356,154.2588497055544,29.0,0.7372,367.0,53.0,175.0,1179.0,31.0,226.0,151.0,407.0,12.070563204074464,124,6,54,57,199.0,-23.0,58.0,60.0,149.0,38.0,-50.0,5129.0,107.0,10.0,7.326370081106314,62.21145832768427,
4081,532.1657,220.90601772475145,29.299385367891386,233.33875084029663,29.0,0.69195,381.0,58.0,190.0,1240.0,29.0,247.0,156.0,421.0,24.046673840557187,113,22,55,56,200.0,-36.0,58.0,47.0,137.0,26.0,-63.0,5149.0,95.0,-2.0,7.339776064785608,62.21145832768427,
4082,673.1009,240.91561086236862,38.529856686785465,239.9811900065228,29.0,0.8027,393.0,61.0,200.0,1288.0,28.0,264.0,160.0,432.0,28.780436284983466,126,19,56,58,200.0,-44.0,58.0,38.0,128.0,17.0,-72.0,5128.0,85.0,-11.0,7.344244726012063,62.21145832768427,
4083,762.5919,250.7793649289472,23.849093184537967,244.5096422156056,29.0,0.8394,393.0,61.0,200.0,1288.0,28.0,264.0,160.0,432.0,22.723844042156287,126,7,53,59,200.0,-44.0,58.0,38.0,128.0,17.0,-72.0,5128.0,85.0,-11.0,7.348713387238518,62.21145832768427,
4084,871.47003,272.17760767726304,29.328466324675162,253.34245869842698,29.0,0.7998,404.0,65.0,213.0,1337.0,27.0,280.0,164.0,443.0,29.342226343515126,127,6,52,55,199.0,-51.0,58.0,29.0,119.0,9.0,-80.0,5059.0,77.0,-18.0,7.353182048464973,62.21145832768427,
4085,940.72253,180.35176217032506,16.890867284456533,167.219797617941,28.0,0.7367,233.0,39.0,144.0,866.0,25.0,225.0,94.0,268.0,17.842796405743464,107,7,54,54,236.0,-67.0,68.0,-6.0,137.0,6.0,-99.0,6012.0,86.0,-28.0,8.148603746772427,62.21145832768427,
4086,957.7547,65.18513604560755,22.542569839839466,173.30813860016687,28.0,0.7611,218.0,37.0,135.0,823.0,25.0,219.0,88.0,253.0,12.999357454837186,124,0,55,54,240.0,-66.0,68.0,-3.0,141.0,8.0,-99.0,6101.0,90.0,-27.0,8.220102326395633,62.21145832768427,
4087,941.5272,41.822401572051206,24.05819075027221,166.82283397408776,28.0,0.7737,218.0,37.0,135.0,823.0,25.0,219.0,88.0,253.0,14.250178662266437,134,18,55,55,240.0,-66.0,68.0,-3.0,141.0,8.0,-99.0,6101.0,90.0,-27.0,8.224570987622089,62.21145832768427,
4088,930.9025,87.09286109688907,25.006331317495935,175.4535403271828,28.0,0.78435,213.0,36.0,133.0,810.0,25.0,216.0,86.0,249.0,13.942865268697307,133,17,54,55,240.0,-65.0,69.0,-1.0,143.0,10.0,-97.0,6112.0,91.0,-26.0,8.229039648848472,62.21145832768427,
4089,916.7508,17.314582255585545,26.030234354133828,168.3876383011839,28.0,0.79975,210.0,35.0,130.0,798.0,25.0,213.0,85.0,246.0,15.002499250443897,128,1,54,52,241.0,-65.0,69.0,0.0,144.0,11.0,-97.0,6166.0,92.0,-25.0,8.233508310074926,62.21145832768427,
4090,913.83435,110.86335247211511,13.916719685271731,140.34985875156565,27.0,0.7965,192.0,38.0,136.0,812.0,25.0,244.0,89.0,261.0,13.792938814714498,101,4,49,54,269.0,-81.0,75.0,-7.0,152.0,4.0,-117.0,6862.0,95.0,85.0,8.926150800174135,62.21145832768427,
4091,880.9833,122.49101128167386,6.482052618248171,165.54609178726548,27.0,0.77635,192.0,38.0,136.0,812.0,25.0,244.0,89.0,261.0,5.625454307184286,107,5,58,56,269.0,-81.0,75.0,-7.0,152.0,4.0,-117.0,6862.0,95.0,85.0,8.930619461400589,62.21145832768427,
4092,898.7356,282.19629756368005,11.919786620250182,216.1326770383187,28.0,0.78505,200.0,41.0,145.0,849.0,24.0,256.0,93.0,272.0,12.047490854786146,123,2,57,57,264.0,-85.0,74.0,-57.0,142.0,-4.0,-122.0,6673.0,85.0,75.0,8.9395567838535,62.21145832768427,
4093,984.6966,283.407669296689,26.976654325953135,252.69675060036175,28.0,0.7987,217.0,45.0,158.0,909.0,23.0,274.0,100.0,289.0,29.40988386860775,124,1,56,55,260.0,-94.0,73.0,-28.0,129.0,-15.0,-131.0,6569.0,73.0,63.0,8.944025445079953,62.21145832768427,
4094,753.75824,94.80366947961872,17.330657815300448,118.767745067227,28.0,0.84115,408.0,60.0,200.0,1315.0,30.0,255.0,167.0,450.0,20.063391577442793,134,11,51,60,195.0,-31.0,56.0,49.0,137.0,29.0,-58.0,5035.0,96.0,2.0,7.240965908500611,62.209374994351116,
4095,694.91223,139.2782723128818,10.552635511317895,162.18011011113268,28.0,0.82775,408.0,61.0,201.0,1317.0,30.0,257.0,167.0,449.0,9.768258492823842,130,11,54,58,195.0,-33.0,56.0,47.0,135.0,27.0,-60.0,5016.0,94.0,0.0,7.245434261421418,62.209374994351116,
4096,717.77576,305.10455115313124,20.363653486428344,222.1006864195473,28.0,0.8188,408.0,61.0,201.0,1317.0,30.0,257.0,167.0,449.0,16.435457859780886,131,8,52,56,195.0,-33.0,56.0,47.0,135.0,27.0,-60.0,5016.0,94.0,0.0,7.249902614342224,62.209374994351116,
4097,779.374,308.02736920009727,27.861218512434906,228.42652277064857,28.0,0.805,426.0,67.0,222.0,1402.0,28.0,287.0,173.0,468.0,20.274803442358166,123,7,47,57,195.0,-47.0,56.0,31.0,120.0,12.0,-75.0,4976.0,78.0,-14.0,7.25437096726296,62.209374994351116,
4098,640.4574,57.60402700895455,35.46832762239914,110.64941878493296,28.0,0.8503,369.0,53.0,175.0,1186.0,31.0,227.0,152.0,410.0,27.326698255437705,125,9,55,56,198.0,-23.0,57.0,60.0,149.0,39.0,-49.0,5116.0,107.0,10.0,7.321396261074985,62.209374994351116,
4099,561.5742,54.22995662751673,26.8566585505355,131.5992800818612,29.0,0.8535,367.0,53.0,175.0,1179.0,31.0,226.0,151.0,407.0,19.717389317593813,127,9,58,59,199.0,-23.0,58.0,60.0,149.0,38.0,-50.0,5129.0,107.0,10.0,7.325864613995791,62.209374994351116,
4100,703.39636,241.71512363737847,35.97431520324958,251.2624293988505,29.0,0.8336,393.0,61.0,200.0,1288.0,28.0,264.0,160.0,432.0,29.39818013854653,120,8,54,60,200.0,-44.0,58.0,38.0,128.0,17.0,-72.0,5128.0,85.0,-11.0,7.348206378599752,62.209374994351116,
4101,839.13135,259.64733305126487,38.12634298836455,255.0,29.0,0.7709,404.0,65.0,213.0,1337.0,27.0,280.0,164.0,443.0,37.86818856603691,142,18,53,58,199.0,-51.0,58.0,29.0,119.0,9.0,-80.0,5059.0,77.0,-18.0,7.352674731520559,62.209374994351116,
4102,1039.0665,245.46332608604214,39.61890538743279,235.24637035564012,29.0,0.6362,404.0,65.0,213.0,1337.0,27.0,280.0,164.0,443.0,33.48539419870102,129,3,54,56,199.0,-51.0,58.0,29.0,119.0,9.0,-80.0,5059.0,77.0,-18.0,7.357143084441365,62.209374994351116,
4103,673.32544,156.346140122099,58.00441537372392,144.62735260452052,28.0,0.8423,346.0,56.0,181.0,1154.0,27.0,247.0,141.0,382.0,38.13744762573332,99,12,59,56,207.0,-48.0,60.0,38.0,131.0,16.0,-76.0,5291.0,87.0,-13.0,7.522472142510918,62.209374994351116,
4104,717.72107,208.18988574503754,67.77824787430141,230.08672826182445,28.0,0.82645,357.0,59.0,192.0,1200.0,26.0,261.0,145.0,394.0,37.42209486158863,105,8,57,58,207.0,-54.0,60.0,30.0,124.0,9.0,-83.0,5281.0,80.0,-20.0,7.526940495431653,62.209374994351116,
4105,793.93713,200.0124459685988,73.37351424610308,218.03167224688772,28.0,0.79845,357.0,59.0,192.0,1200.0,26.0,261.0,145.0,394.0,37.715341988324994,118,9,53,56,207.0,-54.0,60.0,30.0,124.0,9.0,-83.0,5281.0,80.0,-20.0,7.531408848352458,62.209374994351116,
4106,904.5395,106.73351775289275,13.731494312331625,141.90851150063028,27.0,0.7934,192.0,38.0,136.0,812.0,25.0,244.0,89.0,261.0,13.26731693298088,97,5,50,55,269.0,-81.0,75.0,-7.0,152.0,4.0,-117.0,6862.0,95.0,85.0,8.925534959641494,62.209374994351116,
4107,872.54926,143.25831129258455,6.662213807993445,171.51264661575883,27.0,0.75915,192.0,38.0,136.0,812.0,25.0,244.0,89.0,261.0,5.839707327427308,110,5,58,53,269.0,-81.0,75.0,-7.0,152.0,4.0,-117.0,6862.0,95.0,85.0,8.930003312562302,62.209374994351116,
4108,878.68646,293.6010512471242,5.378373224960533,194.13145218564526,28.0,0.7447,200.0,41.0,145.0,849.0,24.0,256.0,93.0,272.0,5.659429330995815,115,5,58,54,264.0,-85.0,74.0,-57.0,142.0,-4.0,-122.0,6673.0,85.0,75.0,8.934471665483109,62.209374994351116,
4109,991.7546,275.20654246360743,24.392181113271036,251.21170959859057,28.0,0.8069,217.0,45.0,158.0,909.0,23.0,274.0,100.0,289.0,26.356180460135263,130,3,57,55,260.0,-94.0,73.0,-28.0,129.0,-15.0,-131.0,6569.0,73.0,63.0,8.94340837132472,62.209374994351116,
4110,755.2238,96.05135391338031,15.450896503895402,124.3099492942291,28.0,0.836,413.0,62.0,206.0,1341.0,29.0,265.0,169.0,456.0,18.253855520383905,117,10,53,57,195.0,-36.0,56.0,43.0,132.0,23.0,-63.0,5029.0,91.0,-3.0,7.240466377703723,62.207291661017976,
4111,712.57227,219.38447575295797,13.549671963329487,184.3676175691375,29.0,0.8135,423.0,66.0,218.0,1388.0,28.0,282.0,172.0,465.0,10.380446353839261,117,10,51,58,196.0,-44.0,57.0,33.0,124.0,14.0,-72.0,4994.0,81.0,-12.0,7.2449344223673275,62.207291661017976,
4112,754.27655,310.27178570109857,23.45273872828278,223.31363763349924,29.0,0.8153,423.0,66.0,218.0,1388.0,28.0,282.0,172.0,465.0,18.411798178111408,127,10,50,57,196.0,-44.0,57.0,33.0,124.0,14.0,-72.0,4994.0,81.0,-12.0,7.249402467030931,62.207291661017976,
4113,649.8095,34.765600634340935,57.67261114771073,126.2349145010645,29.0,0.84445,366.0,53.0,175.0,1178.0,31.0,226.0,151.0,407.0,33.11390301299427,126,18,53,57,199.0,-24.0,58.0,60.0,149.0,38.0,-50.0,5140.0,107.0,10.0,7.325359226312052,62.207291661017976,
4114,547.59644,59.59803704332152,34.59130389590947,112.44947159840193,29.0,0.7886,366.0,53.0,175.0,1178.0,31.0,226.0,151.0,407.0,26.522465244918966,135,10,57,58,199.0,-24.0,58.0,60.0,149.0,38.0,-50.0,5140.0,107.0,10.0,7.329827270975656,62.207291661017976,
4115,513.14764,269.0533076216425,17.527468018749932,215.09048149624888,29.0,0.76545,383.0,59.0,193.0,1252.0,29.0,253.0,157.0,423.0,13.51267690164734,138,21,54,59,199.0,-39.0,58.0,43.0,133.0,22.0,-66.0,5109.0,91.0,-5.0,7.343231404966397,62.207291661017976,
4116,622.0152,247.75504212796562,37.84146342378954,254.81313430881488,29.0,0.8421,383.0,59.0,193.0,1252.0,29.0,253.0,157.0,423.0,34.72076539905519,121,8,56,62,199.0,-39.0,58.0,43.0,133.0,22.0,-66.0,5109.0,91.0,-5.0,7.34769944963,62.207291661017976,
4117,774.9581,252.21353078406915,41.21293902212586,255.0,29.0,0.7297,422.0,71.0,232.0,1414.0,26.0,304.0,170.0,461.0,37.36313144938991,126,19,56,57,199.0,-61.0,58.0,17.0,110.0,-2.0,-89.0,5053.0,66.0,-28.0,7.352167494293604,62.207291661017976,
4118,615.4666,194.30299390681586,73.31040217983072,207.04349096364325,29.0,0.8385,313.0,47.0,153.0,1027.0,30.0,210.0,129.0,350.0,37.314685607893125,109,6,60,59,208.0,-32.0,61.0,57.0,149.0,33.0,-59.0,5378.0,105.0,3.0,7.5308892808374,62.207291661017976,
4119,750.4615,208.69675778323239,73.12710055942007,234.90076272591583,28.0,0.8031,322.0,50.0,162.0,1066.0,29.0,223.0,132.0,359.0,42.03643595177519,109,12,56,55,209.0,-39.0,60.0,50.0,142.0,26.0,-67.0,5355.0,97.0,-4.0,7.539825370164607,62.207291661017976,
4120,853.7629,215.82883271169018,70.25610426925718,246.16047405032546,28.0,0.7998,347.0,58.0,186.0,1168.0,27.0,254.0,141.0,384.0,40.2579610563721,118,12,55,54,208.0,-52.0,60.0,33.0,127.0,11.0,-81.0,5315.0,83.0,-18.0,7.54429341482821,62.207291661017976,
4121,917.4281,208.53577626226,24.858569412340632,201.81106813655478,27.0,0.8093,190.0,38.0,135.0,806.0,25.0,242.0,88.0,260.0,13.85930476043626,118,4,50,54,269.0,-80.0,75.0,-6.0,153.0,5.0,-116.0,6860.0,96.0,86.0,8.902578992561269,62.207291661017976,
4122,958.4665,211.03841244263037,36.991870805552296,212.95706820237584,27.0,0.7995,190.0,38.0,135.0,806.0,25.0,242.0,88.0,260.0,22.243883409478595,120,4,45,53,269.0,-80.0,75.0,-6.0,153.0,5.0,-116.0,6860.0,96.0,86.0,8.907047037224872,62.207291661017976,
4123,997.89355,192.1473546521575,46.42210402877441,204.32100531187115,28.0,0.77145,189.0,37.0,133.0,800.0,25.0,241.0,88.0,258.0,30.49309910942761,106,6,45,51,270.0,-79.0,76.0,-5.0,154.0,6.0,-116.0,6890.0,97.0,87.0,8.911515081888474,62.207291661017976,
4124,920.5182,138.437959524919,25.26308419079366,145.36458061231104,27.0,0.81735,189.0,38.0,134.0,802.0,25.0,241.0,88.0,258.0,16.884847187092394,114,6,47,55,270.0,-80.0,75.0,-5.0,154.0,6.0,-116.0,6901.0,97.0,87.0,8.920451171215682,62.207291661017976,
4125,885.3151,136.87329407744713,14.060752089314947,156.97956539585462,27.0,0.8037,189.0,38.0,134.0,802.0,25.0,241.0,88.0,258.0,11.738600199544825,111,7,50,58,270.0,-80.0,75.0,-5.0,154.0,6.0,-116.0,6901.0,97.0,87.0,8.924919215879214,62.207291661017976,
4126,861.7255,192.60347371880474,8.416622134891304,179.8919373536768,27.0,0.7705,191.0,38.0,136.0,810.0,25.0,244.0,89.0,261.0,9.56250940201822,110,7,57,53,269.0,-81.0,75.0,-49.0,152.0,4.0,-117.0,6851.0,94.0,84.0,8.92938726054282,62.207291661017976,
4127,915.6415,274.21214064643334,10.407572183864122,218.7316814995467,27.0,0.80725,200.0,40.0,144.0,846.0,24.0,256.0,93.0,271.0,12.530306090100504,123,4,58,55,265.0,-85.0,74.0,-57.0,143.0,-4.0,-122.0,6698.0,85.0,75.0,8.938323349870027,62.207291661017976,
4128,983.74866,275.87830143329705,20.734597386025467,242.75353680029147,28.0,0.7938,213.0,44.0,155.0,896.0,23.0,271.0,99.0,286.0,23.1989453453112,134,3,57,54,259.0,-93.0,73.0,-26.0,131.0,-13.0,-128.0,6589.0,75.0,65.0,8.94279139453363,62.207291661017976,
4129,836.22064,92.94917158004664,19.331689490671096,113.8394537719369,28.0,0.795,413.0,62.0,206.0,1341.0,29.0,265.0,169.0,456.0,21.758025275680797,121,10,54,58,195.0,-36.0,56.0,43.0,132.0,23.0,-63.0,5029.0,91.0,-3.0,7.23549918894074,62.20520832768482,
4130,760.0453,83.48710430913498,13.41545854423507,134.1970712649299,28.0,0.8329,413.0,62.0,206.0,1341.0,29.0,265.0,169.0,456.0,15.047042906706194,100,9,53,56,195.0,-36.0,56.0,43.0,132.0,23.0,-63.0,5029.0,91.0,-3.0,7.239966925395576,62.20520832768482,
4131,742.3141,267.3394979954053,16.76923348062193,206.6775271880595,29.0,0.81965,423.0,66.0,218.0,1388.0,28.0,282.0,172.0,465.0,13.466999659270884,119,9,54,56,196.0,-44.0,57.0,33.0,124.0,14.0,-72.0,4994.0,81.0,-12.0,7.244434661850414,62.20520832768482,
4132,794.27045,304.4309648340973,22.31425403041339,224.22455558537436,29.0,0.7934,423.0,66.0,218.0,1388.0,28.0,282.0,172.0,465.0,17.271433091941923,135,9,54,58,196.0,-44.0,57.0,33.0,124.0,14.0,-72.0,4994.0,81.0,-12.0,7.248902398305249,62.20520832768482,
4133,654.94696,60.48400515401181,58.86766437015063,74.5106231418747,29.0,0.80595,366.0,53.0,175.0,1178.0,31.0,226.0,151.0,407.0,43.86999521563789,126,17,55,59,199.0,-24.0,58.0,60.0,149.0,38.0,-50.0,5140.0,107.0,10.0,7.329321654492156,62.20520832768482,
4134,524.1256,187.6301263387195,13.782585132668835,187.52125548833783,29.0,0.7561,383.0,59.0,193.0,1252.0,29.0,253.0,157.0,423.0,13.593290597544005,133,19,54,63,199.0,-39.0,58.0,43.0,133.0,22.0,-66.0,5109.0,91.0,-5.0,7.342724863856593,62.20520832768482,
4135,569.215,258.1445015706331,25.324339673053167,242.19125431428347,29.0,0.82625,383.0,59.0,193.0,1252.0,29.0,253.0,157.0,423.0,25.780481626560217,122,9,54,60,199.0,-39.0,58.0,43.0,133.0,22.0,-66.0,5109.0,91.0,-5.0,7.347192600311429,62.20520832768482,
4136,712.17505,258.20933985975245,34.47970089199202,255.0,29.0,0.68775,422.0,71.0,232.0,1414.0,26.0,304.0,170.0,461.0,32.95632488491278,125,10,54,60,199.0,-61.0,58.0,17.0,110.0,-2.0,-89.0,5053.0,66.0,-28.0,7.351660336766265,62.20520832768482,
4137,714.0212,228.32154803938187,42.685310651165715,240.39419521004638,28.0,0.8738,347.0,58.0,186.0,1168.0,27.0,254.0,141.0,384.0,27.80466502841304,110,11,55,52,208.0,-52.0,60.0,33.0,127.0,11.0,-81.0,5315.0,83.0,-18.0,7.543773004323858,62.20520832768482,
4138,814.9931,224.61200603044182,60.61132472373227,248.71649742772618,28.0,0.8095,347.0,58.0,186.0,1168.0,27.0,254.0,141.0,384.0,38.63474438550706,119,8,59,51,208.0,-52.0,60.0,33.0,127.0,11.0,-81.0,5315.0,83.0,-18.0,7.548240740778695,62.20520832768482,
4139,1012.0561,301.85137182430327,21.989426902154896,206.86953261174116,28.0,0.7766,226.0,40.0,147.0,874.0,24.0,240.0,90.0,266.0,14.556056644714824,116,7,54,56,243.0,-76.0,69.0,-13.0,134.0,-1.0,-109.0,6178.0,82.0,45.0,8.34796556619285,62.20520832768482,
4140,835.86475,212.1366906178766,12.910031630308286,194.8131534629329,27.0,0.7539,189.0,37.0,133.0,801.0,25.0,241.0,88.0,258.0,9.799462712904138,115,5,52,55,269.0,-79.0,75.0,-5.0,154.0,6.0,-115.0,6867.0,97.0,87.0,8.897497150136687,62.20520832768482,
4141,902.3144,216.68441572312707,21.32437957672225,205.90522327710346,27.0,0.80485,190.0,38.0,135.0,806.0,25.0,242.0,88.0,260.0,14.533252983235062,118,1,51,54,269.0,-80.0,75.0,-6.0,153.0,5.0,-116.0,6860.0,96.0,86.0,8.906432623046358,62.20520832768482,
4142,920.9063,173.89666656192523,24.12931250856274,175.9627609004889,28.0,0.80955,189.0,37.0,133.0,800.0,25.0,241.0,88.0,258.0,11.472780962548603,105,1,46,53,270.0,-79.0,76.0,-5.0,154.0,6.0,-116.0,6890.0,97.0,87.0,8.910900359501195,62.20520832768482,
4143,902.5953,158.93499187571038,30.646476276455047,163.35749220854777,28.0,0.8216,189.0,37.0,133.0,800.0,25.0,241.0,88.0,258.0,16.402594762073246,112,5,46,58,270.0,-79.0,76.0,-5.0,154.0,6.0,-116.0,6890.0,97.0,87.0,8.915368095956032,62.20520832768482,
4144,878.7298,153.65878103243702,17.922525075871345,166.41275278245647,27.0,0.8218,189.0,38.0,134.0,802.0,25.0,241.0,88.0,258.0,10.862338390138449,118,11,48,55,270.0,-80.0,75.0,-5.0,154.0,6.0,-116.0,6901.0,97.0,87.0,8.919835832410866,62.20520832768482,
4145,865.1165,139.49602290859633,11.479402032741604,164.7457734943878,27.0,0.7968,189.0,38.0,134.0,802.0,25.0,241.0,88.0,258.0,8.945470687279771,113,8,56,57,270.0,-80.0,75.0,-5.0,154.0,6.0,-116.0,6901.0,97.0,87.0,8.92430356886563,62.20520832768482,
4146,852.1495,224.24324766803048,7.756715254521603,189.7069187594196,27.0,0.7714,191.0,38.0,136.0,810.0,25.0,244.0,89.0,261.0,8.989626594104726,118,5,57,53,269.0,-81.0,75.0,-49.0,152.0,4.0,-117.0,6851.0,94.0,84.0,8.928771305320469,62.20520832768482,
4147,873.7734,236.3673004964043,6.208469669394235,197.87412664691612,27.0,0.775,191.0,38.0,136.0,810.0,25.0,244.0,89.0,261.0,6.73241683748873,121,1,57,53,269.0,-81.0,75.0,-49.0,152.0,4.0,-117.0,6851.0,94.0,84.0,8.933239041775304,62.20520832768482,
4148,905.11005,261.72585775127783,9.235658702989923,208.90100845664776,27.0,0.80445,200.0,40.0,144.0,846.0,24.0,256.0,93.0,271.0,9.708715765028186,127,2,58,56,265.0,-85.0,74.0,-57.0,143.0,-4.0,-122.0,6698.0,85.0,75.0,8.93770677823014,62.20520832768482,
4149,968.31146,259.35325533142816,20.042911865583832,245.19160055247175,28.0,0.80885,213.0,44.0,155.0,896.0,23.0,271.0,99.0,286.0,22.662040767420176,133,3,57,56,259.0,-93.0,73.0,-26.0,131.0,-13.0,-128.0,6589.0,75.0,65.0,8.942174514684975,62.20520832768482,
4150,777.8477,79.31020074380022,11.704829535635913,140.39244526785728,28.0,0.8174,413.0,62.0,206.0,1341.0,29.0,265.0,169.0,456.0,13.081551698391959,101,14,54,56,195.0,-36.0,56.0,43.0,132.0,23.0,-63.0,5029.0,91.0,-3.0,7.239467551558619,62.20312499435168,
4151,766.9164,74.42130488628187,52.65773392597007,64.13497348870561,29.0,0.779,366.0,53.0,175.0,1178.0,31.0,226.0,151.0,407.0,43.08106795716248,137,22,58,58,199.0,-24.0,58.0,60.0,149.0,38.0,-50.0,5140.0,107.0,10.0,7.328816117448323,62.20312499435168,
4152,521.88226,207.33072757152812,13.902561963231097,210.0757968563074,29.0,0.7787,383.0,59.0,193.0,1252.0,29.0,253.0,157.0,423.0,12.372584371510161,114,3,57,63,199.0,-39.0,58.0,43.0,133.0,22.0,-66.0,5109.0,91.0,-5.0,7.342218402331729,62.20312499435168,
4153,567.4367,280.0162556613148,18.51353602351205,230.86643271716792,29.0,0.8252,383.0,59.0,193.0,1252.0,29.0,253.0,157.0,423.0,19.059251144003277,116,8,58,60,199.0,-39.0,58.0,43.0,133.0,22.0,-66.0,5109.0,91.0,-5.0,7.346685830626222,62.20312499435168,
4154,675.82184,266.79478598397463,26.98407333465221,254.42584119475404,29.0,0.7685,422.0,71.0,232.0,1414.0,26.0,304.0,170.0,461.0,29.03888160594721,123,10,57,58,199.0,-61.0,58.0,17.0,110.0,-2.0,-89.0,5053.0,66.0,-28.0,7.351153258920714,62.20312499435168,
4155,698.8414,221.12637663411834,41.32782230344295,233.25483333051895,28.0,0.8505,347.0,58.0,186.0,1168.0,27.0,254.0,141.0,384.0,26.479125627832676,122,7,58,56,208.0,-52.0,60.0,33.0,127.0,11.0,-81.0,5315.0,83.0,-18.0,7.547720103878023,62.20312499435168,
4156,867.6687,174.70201939236551,22.2059431107371,178.27473521765725,28.0,0.7865,189.0,37.0,133.0,800.0,25.0,241.0,88.0,258.0,13.808641647306942,122,5,55,55,270.0,-79.0,76.0,-5.0,154.0,6.0,-116.0,6890.0,97.0,87.0,8.9102857336957,62.20312499435168,
4157,859.6506,163.76947591257962,19.073104035994955,171.66115479951,28.0,0.7964,189.0,37.0,133.0,800.0,25.0,241.0,88.0,258.0,11.969867192276809,118,4,50,55,270.0,-79.0,76.0,-5.0,154.0,6.0,-116.0,6890.0,97.0,87.0,8.914753161990191,62.20312499435168,
4158,848.59357,159.31197544775418,13.800926864343912,171.7092135131215,27.0,0.8083,189.0,38.0,134.0,802.0,25.0,241.0,88.0,258.0,9.035475685435054,122,7,56,52,270.0,-80.0,75.0,-5.0,154.0,6.0,-116.0,6901.0,97.0,87.0,8.919220590284683,62.20312499435168,
4159,841.97217,168.23097612199075,11.323736349937008,172.08905019390866,27.0,0.77255,189.0,38.0,134.0,802.0,25.0,241.0,88.0,258.0,8.794154172867762,111,7,55,52,270.0,-80.0,75.0,-5.0,154.0,6.0,-116.0,6901.0,97.0,87.0,8.923688018579105,62.20312499435168,
4160,848.6655,242.13855909238313,7.332373587494394,199.27114134008048,27.0,0.7613,191.0,38.0,136.0,810.0,25.0,244.0,89.0,261.0,9.547069434778033,122,3,56,53,269.0,-81.0,75.0,-49.0,152.0,4.0,-117.0,6851.0,94.0,84.0,8.928155446873598,62.20312499435168,
4161,867.5663,214.26528958115745,4.9936055136675765,191.0531385736497,27.0,0.77385,191.0,38.0,136.0,810.0,25.0,244.0,89.0,261.0,5.256340026634709,125,5,57,54,269.0,-81.0,75.0,-49.0,152.0,4.0,-117.0,6851.0,94.0,84.0,8.932622875168091,62.20312499435168,
4162,892.61194,267.43474445381617,8.201440453658487,210.54716564252212,27.0,0.7967,200.0,40.0,144.0,846.0,24.0,256.0,93.0,271.0,9.89873246302215,126,3,57,54,265.0,-85.0,74.0,-57.0,143.0,-4.0,-122.0,6698.0,85.0,75.0,8.937090303462583,62.20312499435168,
4163,941.1179,266.9877839361653,15.449987747394367,229.96577198666546,27.0,0.8031,200.0,40.0,144.0,846.0,24.0,256.0,93.0,271.0,16.28523022207803,131,2,58,56,265.0,-85.0,74.0,-57.0,143.0,-4.0,-122.0,6698.0,85.0,75.0,8.941557731757076,62.20312499435168,
4164,1029.1661,266.07277011240745,19.931523169969502,240.88817695373928,28.0,0.7624,213.0,44.0,155.0,896.0,23.0,271.0,99.0,286.0,21.73662383701505,134,1,59,56,259.0,-93.0,73.0,-26.0,131.0,-13.0,-128.0,6589.0,75.0,65.0,8.946025160051567,62.20312499435168,
4165,843.74115,98.88445846724925,16.92539408506369,122.23537731676177,28.0,0.78775,413.0,62.0,206.0,1341.0,29.0,265.0,169.0,456.0,19.121417007989727,106,7,57,55,195.0,-36.0,56.0,43.0,132.0,23.0,-63.0,5029.0,91.0,-3.0,7.234501135992722,62.20104166101853,
4166,788.00433,84.56615619513114,8.876911761815478,151.9145002990661,28.0,0.7774,413.0,62.0,206.0,1341.0,29.0,265.0,169.0,456.0,9.564918932947027,106,8,57,57,195.0,-36.0,56.0,43.0,132.0,23.0,-63.0,5029.0,91.0,-3.0,7.238968256175284,62.20104166101853,
4167,825.9736,90.70216161480438,35.62722613634683,83.21745025047005,29.0,0.779,366.0,53.0,175.0,1178.0,31.0,226.0,151.0,407.0,33.8213611444549,143,18,58,56,199.0,-24.0,58.0,60.0,149.0,38.0,-50.0,5140.0,107.0,10.0,7.32831065982638,62.20104166101853,
4168,608.3553,82.68241543651875,41.553004398746054,67.0332888743106,29.0,0.7584,366.0,53.0,175.0,1178.0,31.0,226.0,151.0,407.0,40.468243362921456,112,15,55,58,199.0,-24.0,58.0,60.0,149.0,38.0,-50.0,5140.0,107.0,10.0,7.33277778000887,62.20104166101853,
4169,553.85443,252.93659840557186,20.32639541578575,241.94119092557924,29.0,0.799,383.0,59.0,193.0,1252.0,29.0,253.0,157.0,423.0,21.432498248538597,134,10,58,59,199.0,-39.0,58.0,43.0,133.0,22.0,-66.0,5109.0,91.0,-5.0,7.346179140556557,62.20104166101853,
4170,656.0286,263.51036278334584,25.324949790476843,253.27878178553726,29.0,0.8157,422.0,71.0,232.0,1414.0,26.0,304.0,170.0,461.0,27.041085823499433,121,9,55,58,199.0,-61.0,58.0,17.0,110.0,-2.0,-89.0,5053.0,66.0,-28.0,7.350646260739118,62.20104166101853,
4171,588.6012,233.5260729013535,16.518376106714562,209.7155277891746,28.0,0.8417,347.0,58.0,186.0,1168.0,27.0,254.0,141.0,384.0,12.317114533672246,112,6,55,58,208.0,-52.0,60.0,33.0,127.0,11.0,-81.0,5315.0,83.0,-18.0,7.5427324285889235,62.20104166101853,
4172,622.2941,221.514408846869,23.278378958585492,211.01290146094476,28.0,0.8388,347.0,58.0,186.0,1168.0,27.0,254.0,141.0,384.0,15.17914884473915,125,7,56,59,208.0,-52.0,60.0,33.0,127.0,11.0,-81.0,5315.0,83.0,-18.0,7.547199548771485,62.20104166101853,
4173,830.1434,207.7664798448111,11.48009874379728,178.22920908149587,28.0,0.7233,189.0,37.0,133.0,800.0,25.0,241.0,88.0,258.0,6.261500025025303,115,6,56,50,270.0,-79.0,76.0,-5.0,154.0,6.0,-116.0,6890.0,97.0,87.0,8.909671204450373,62.20104166101853,
4174,828.22394,224.64056409913928,7.459406377591208,181.40148199635243,28.0,0.7082,189.0,37.0,133.0,800.0,25.0,241.0,88.0,258.0,3.7244538267688507,126,7,54,53,270.0,-79.0,76.0,-5.0,154.0,6.0,-116.0,6890.0,97.0,87.0,8.914138324632935,62.20104166101853,
4175,827.85376,252.42483498521767,4.539751674096294,187.96331330389646,27.0,0.7589,189.0,38.0,134.0,802.0,25.0,241.0,88.0,258.0,3.943432625302628,112,5,58,51,270.0,-80.0,75.0,-5.0,154.0,6.0,-116.0,6901.0,97.0,87.0,8.923072564997986,62.20104166101853,
4176,842.5458,232.11863440852338,5.047171477006919,189.8699612723345,27.0,0.76925,191.0,38.0,136.0,810.0,25.0,244.0,89.0,261.0,4.835547382746433,124,3,56,54,269.0,-81.0,75.0,-49.0,152.0,4.0,-117.0,6851.0,94.0,84.0,8.92753968518055,62.20104166101853,
4177,858.54175,260.4050327115659,5.60144392998082,195.758163259318,27.0,0.78465,191.0,38.0,136.0,810.0,25.0,244.0,89.0,261.0,7.127851788430134,123,3,57,54,269.0,-81.0,75.0,-49.0,152.0,4.0,-117.0,6851.0,94.0,84.0,8.93200680536311,62.20104166101853,
4178,887.3015,269.0127894771202,7.368497511465247,207.0707554109441,27.0,0.8018,200.0,40.0,144.0,846.0,24.0,256.0,93.0,271.0,8.701548711684678,123,3,57,54,265.0,-85.0,74.0,-57.0,143.0,-4.0,-122.0,6698.0,85.0,75.0,8.936473925545673,62.20104166101853,
4179,929.89545,264.21641050349405,12.605919929525426,225.66597059778795,27.0,0.8177,200.0,40.0,144.0,846.0,24.0,256.0,93.0,271.0,14.913052282770256,122,3,58,56,265.0,-85.0,74.0,-57.0,143.0,-4.0,-122.0,6698.0,85.0,75.0,8.940941045728234,62.20104166101853,
4180,1016.80835,262.4705827826701,20.474403181337827,244.9863181008771,28.0,0.7853,213.0,44.0,155.0,896.0,23.0,271.0,99.0,286.0,22.59999512904011,125,2,56,57,259.0,-93.0,73.0,-26.0,131.0,-13.0,-128.0,6589.0,75.0,65.0,8.945408165910797,62.20104166101853,
4181,848.7305,88.63686075632019,16.075707251557947,122.23153554161074,28.0,0.7882,420.0,65.0,214.0,1372.0,29.0,275.0,171.0,462.0,18.90804911721394,110,11,55,55,196.0,-42.0,56.0,37.0,127.0,18.0,-69.0,5007.0,85.0,-9.0,7.234002227108995,62.19895832768539,
4182,826.4849,102.89601386487062,31.692653418171584,88.04629142598232,28.0,0.79935,367.0,53.0,176.0,1183.0,31.0,228.0,151.0,408.0,32.183499469660624,130,15,56,54,200.0,-25.0,57.0,59.0,148.0,37.0,-52.0,5157.0,106.0,9.0,7.327805281608563,62.19895832768539,
4183,643.1586,87.31314056491355,39.39102085164165,67.34257069279748,28.0,0.7888,367.0,53.0,176.0,1183.0,31.0,228.0,151.0,408.0,39.36193374207359,120,5,55,59,200.0,-25.0,57.0,59.0,148.0,37.0,-52.0,5157.0,106.0,9.0,7.332272093727525,62.19895832768539,
4184,519.4597,254.27101863989327,14.986140450331686,223.7486738207796,29.0,0.8189,381.0,58.0,191.0,1244.0,29.0,250.0,156.0,421.0,15.031710277271003,121,6,57,61,200.0,-38.0,58.0,45.0,135.0,24.0,-65.0,5137.0,92.0,-4.0,7.345672530084628,62.19895832768539,
4185,620.769,255.95667267993795,29.286367950989685,254.55758006059392,29.0,0.826,409.0,67.0,220.0,1363.0,27.0,289.0,166.0,449.0,30.061898252781642,128,11,55,60,200.0,-56.0,58.0,24.0,116.0,5.0,-84.0,5076.0,73.0,-22.0,7.350139342203661,62.19895832768539,
4186,574.98596,128.2460971456406,32.53828507157412,174.78167465076916,29.0,0.8617,318.0,49.0,159.0,1050.0,29.0,219.0,131.0,355.0,16.619954084017703,129,6,55,59,209.0,-37.0,61.0,52.0,144.0,28.0,-65.0,5392.0,100.0,-3.0,7.537745451202727,62.19895832768539,
4187,573.40717,231.21724616208817,13.103834171043951,197.65099718223698,29.0,0.8218,317.0,50.0,161.0,1053.0,29.0,222.0,130.0,354.0,12.511073033633803,118,6,55,60,209.0,-38.0,61.0,50.0,143.0,27.0,-66.0,5390.0,98.0,-4.0,7.54221226332176,62.19895832768539,
4188,599.94666,223.72643801049765,7.400681022220781,188.73767226988863,29.0,0.8079,317.0,50.0,161.0,1053.0,29.0,222.0,130.0,354.0,5.590270323554262,122,5,54,59,209.0,-38.0,61.0,50.0,143.0,27.0,-66.0,5390.0,98.0,-4.0,7.546679075440794,62.19895832768539,
4189,609.56854,193.66203852234042,19.292348057828267,199.95209217388546,29.0,0.7482,333.0,54.0,175.0,1117.0,27.0,242.0,136.0,370.0,11.178365906101694,113,6,52,61,209.0,-48.0,61.0,39.0,132.0,16.0,-77.0,5361.0,88.0,-13.0,7.551145887559829,62.19895832768539,
4190,838.87994,221.886316248788,11.575715362564248,193.83582714590207,27.0,0.68695,186.0,37.0,131.0,790.0,25.0,238.0,87.0,255.0,12.385876142291151,122,4,55,49,272.0,-78.0,76.0,-2.0,157.0,8.0,-115.0,6948.0,100.0,89.0,8.909056771743622,62.19895832768539,
4191,832.4363,158.82010345407593,5.268637868442866,168.63464437188372,27.0,0.7222,186.0,37.0,131.0,790.0,25.0,238.0,87.0,255.0,6.189111898664402,111,8,57,49,272.0,-78.0,76.0,-2.0,157.0,8.0,-115.0,6948.0,100.0,89.0,8.913523583862654,62.19895832768539,
4192,823.6422,137.6021291442205,3.0885585522443884,175.64309536632413,27.0,0.7111,186.0,37.0,132.0,795.0,25.0,241.0,88.0,258.0,2.3094825614285144,117,10,55,49,272.0,-79.0,76.0,-46.0,156.0,7.0,-116.0,6943.0,99.0,88.0,8.91799039598169,62.19895832768539,
4193,825.27814,245.52254127429538,2.4764593059405615,187.7779537678981,27.0,0.72915,186.0,37.0,132.0,795.0,25.0,241.0,88.0,258.0,2.64958875283275,114,8,56,50,272.0,-79.0,76.0,-46.0,156.0,7.0,-116.0,6943.0,99.0,88.0,8.922457208100651,62.19895832768539,
4194,837.2462,242.5188547433751,3.728192596595173,191.28966500296957,27.0,0.7574,189.0,38.0,136.0,808.0,25.0,244.0,89.0,261.0,4.183795228069311,122,6,58,52,270.0,-81.0,75.0,-49.0,152.0,4.0,-118.0,6872.0,95.0,84.0,8.926924020219685,62.19895832768539,
4195,855.1578,255.88216853591558,5.502973737715023,197.81431586390104,27.0,0.7772,189.0,38.0,136.0,808.0,25.0,244.0,89.0,261.0,6.13183587099539,125,2,55,57,270.0,-81.0,75.0,-49.0,152.0,4.0,-118.0,6872.0,95.0,84.0,8.93139083233872,62.19895832768539,
4196,883.67474,270.387627147426,6.944505144087108,205.28720803821335,27.0,0.79145,197.0,40.0,142.0,837.0,24.0,253.0,92.0,269.0,8.575955354592068,117,5,57,54,266.0,-85.0,74.0,-56.0,144.0,-3.0,-122.0,6762.0,87.0,77.0,8.935857644457752,62.19895832768539,
4197,916.8174,265.0158646457743,9.948662143525127,211.7802499335831,27.0,0.80245,197.0,40.0,142.0,837.0,24.0,253.0,92.0,269.0,11.07436089415442,122,4,56,56,266.0,-85.0,74.0,-56.0,144.0,-3.0,-122.0,6762.0,87.0,77.0,8.940324456576786,62.19895832768539,
4198,983.1531,260.9338045540732,20.19101439591433,241.24950740641938,28.0,0.7631,210.0,43.0,153.0,884.0,23.0,267.0,97.0,282.0,22.144166391528362,132,3,56,54,261.0,-91.0,74.0,-65.0,133.0,-11.0,-128.0,6597.0,77.0,66.0,8.94479126869582,62.19895832768539,
4199,798.9371,106.24076341736728,28.496162470664263,102.97770037971512,28.0,0.8337,367.0,53.0,176.0,1183.0,31.0,228.0,151.0,408.0,27.01424812265231,116,6,53,60,200.0,-25.0,57.0,59.0,148.0,37.0,-52.0,5157.0,106.0,9.0,7.327299982777102,62.196874994352235,
4200,669.6459,93.14039464819044,34.937121717709644,78.01236174852583,28.0,0.8194,367.0,53.0,176.0,1183.0,31.0,228.0,151.0,408.0,35.29656454162103,120,5,54,59,200.0,-25.0,57.0,59.0,148.0,37.0,-52.0,5157.0,106.0,9.0,7.3317664868809285,62.196874994352235,
4201,528.847,81.98665188843842,16.01696650205891,126.51961795113733,28.0,0.8163,364.0,53.0,174.0,1173.0,31.0,226.0,150.0,405.0,17.69520081820236,120,4,59,60,201.0,-25.0,58.0,59.0,149.0,37.0,-52.0,5168.0,106.0,9.0,7.336232990984827,62.196874994352235,
4202,506.86285,225.16785858571328,7.946653510324807,204.92204007525572,29.0,0.81035,381.0,58.0,191.0,1244.0,29.0,250.0,156.0,421.0,8.375237683535984,121,7,58,58,200.0,-38.0,58.0,45.0,135.0,24.0,-65.0,5137.0,92.0,-4.0,7.345165999192622,62.196874994352235,
4203,578.67316,267.61213455052655,24.54276278989649,246.73955429303365,29.0,0.78975,381.0,58.0,191.0,1244.0,29.0,250.0,156.0,421.0,25.69692584343301,115,9,53,63,200.0,-38.0,58.0,45.0,135.0,24.0,-65.0,5137.0,92.0,-4.0,7.349632503296519,62.196874994352235,
4204,646.0433,41.64642882096436,33.12264650586531,145.86122543869126,29.0,0.8627,318.0,49.0,159.0,1050.0,29.0,219.0,131.0,355.0,20.17322163182886,132,5,55,62,209.0,-37.0,61.0,52.0,144.0,28.0,-65.0,5392.0,100.0,-3.0,7.537225675659851,62.196874994352235,
4205,607.27686,184.792513029758,26.787847455478854,178.80323506433,29.0,0.8065,317.0,50.0,161.0,1053.0,29.0,222.0,130.0,354.0,19.813913474505732,124,3,57,59,209.0,-38.0,61.0,50.0,143.0,27.0,-66.0,5390.0,98.0,-4.0,7.541692179763748,62.196874994352235,
4206,621.32404,161.95307132335276,21.84473287612421,181.1613532309212,29.0,0.8138,317.0,50.0,161.0,1053.0,29.0,222.0,130.0,354.0,11.547675275342932,123,1,53,61,209.0,-38.0,61.0,50.0,143.0,27.0,-66.0,5390.0,98.0,-4.0,7.546158683867645,62.196874994352235,
4207,840.50104,193.61471944518306,8.926504086902758,190.75983101162336,27.0,0.743,186.0,37.0,131.0,790.0,25.0,238.0,87.0,255.0,8.998144617666538,133,5,56,51,272.0,-78.0,76.0,-2.0,157.0,8.0,-115.0,6948.0,100.0,89.0,8.90844243555384,62.196874994352235,
4208,829.7923,122.3547685473737,5.2346847349565016,169.93176442719658,27.0,0.73625,186.0,37.0,131.0,790.0,25.0,238.0,87.0,255.0,5.109314498034584,122,8,57,50,272.0,-78.0,76.0,-2.0,157.0,8.0,-115.0,6948.0,100.0,89.0,8.912908939657736,62.196874994352235,
4209,825.3881,167.77042650882177,3.936240753796645,174.50934503624873,27.0,0.70925,186.0,37.0,132.0,795.0,25.0,241.0,88.0,258.0,6.009742755862248,107,10,57,47,272.0,-79.0,76.0,-46.0,156.0,7.0,-116.0,6943.0,99.0,88.0,8.917375443761633,62.196874994352235,
4210,854.07587,260.2390998905681,5.922784043273482,198.8968260651593,27.0,0.7612,189.0,38.0,136.0,808.0,25.0,244.0,89.0,261.0,7.79551582508516,120,4,57,54,270.0,-81.0,75.0,-49.0,152.0,4.0,-118.0,6872.0,95.0,84.0,8.930774956073254,62.196874994352235,
4211,880.81415,267.05639536664034,7.276118345781452,207.97520370628462,27.0,0.7934,197.0,40.0,142.0,837.0,24.0,253.0,92.0,269.0,8.982965602159906,126,4,56,53,266.0,-85.0,74.0,-56.0,144.0,-3.0,-122.0,6762.0,87.0,77.0,8.935241460177151,62.196874994352235,
4212,920.5408,283.2144965784168,10.38491924900684,213.9574647145716,27.0,0.80185,197.0,40.0,142.0,837.0,24.0,253.0,92.0,269.0,11.586391038516732,126,4,57,55,266.0,-85.0,74.0,-56.0,144.0,-3.0,-122.0,6762.0,87.0,77.0,8.939707964281048,62.196874994352235,
4213,981.6891,282.80868800429863,18.40054634655278,239.77825339457047,28.0,0.78,210.0,43.0,153.0,884.0,23.0,267.0,97.0,282.0,20.492013346563613,128,1,55,54,261.0,-91.0,74.0,-65.0,133.0,-11.0,-128.0,6597.0,77.0,66.0,8.944174468384945,62.196874994352235,
4214,783.032,106.55518125152275,25.779287378927293,104.73395321196134,28.0,0.8649,367.0,53.0,176.0,1183.0,31.0,228.0,151.0,408.0,26.084889554387495,120,19,53,56,200.0,-25.0,57.0,59.0,148.0,37.0,-52.0,5157.0,106.0,9.0,7.3267947633142505,62.194791661019096,
4215,671.1093,100.14191680020967,28.567881109095882,91.19132631921887,28.0,0.874,367.0,53.0,176.0,1183.0,31.0,228.0,151.0,408.0,30.48627043638371,111,5,57,62,200.0,-25.0,57.0,59.0,148.0,37.0,-52.0,5157.0,106.0,9.0,7.3312609594513205,62.194791661019096,
4216,541.59174,88.00927446132589,18.494659873079083,116.58841532085935,28.0,0.8526,364.0,53.0,174.0,1173.0,31.0,226.0,150.0,405.0,20.98460865533313,115,4,59,61,201.0,-25.0,58.0,59.0,149.0,37.0,-52.0,5168.0,106.0,9.0,7.335727155588463,62.194791661019096,
4217,503.73972,200.1190415172757,5.414162966914224,196.2095290742768,29.0,0.8165,381.0,58.0,191.0,1244.0,29.0,250.0,156.0,421.0,5.9625362126018455,121,6,57,60,200.0,-38.0,58.0,45.0,135.0,24.0,-65.0,5137.0,92.0,-4.0,7.344659547862745,62.194791661019096,
4218,575.78125,278.3074283771059,24.894737374776135,248.12539006749154,29.0,0.7979,381.0,58.0,191.0,1244.0,29.0,250.0,156.0,421.0,26.591900733109206,127,10,56,62,200.0,-38.0,58.0,45.0,135.0,24.0,-65.0,5137.0,92.0,-4.0,7.349125743999888,62.194791661019096,
4219,730.25543,52.92093827479677,40.3966684021217,109.12718346639174,29.0,0.83325,318.0,49.0,159.0,1050.0,29.0,219.0,131.0,355.0,29.907912243664274,132,1,56,59,209.0,-37.0,61.0,52.0,144.0,28.0,-65.0,5392.0,100.0,-3.0,7.536705981759478,62.194791661019096,
4220,667.5903,175.55184026508923,26.458059352397054,186.92495200717934,29.0,0.81285,318.0,49.0,159.0,1050.0,29.0,219.0,131.0,355.0,21.06375667409694,123,7,54,58,209.0,-37.0,61.0,52.0,144.0,28.0,-65.0,5392.0,100.0,-3.0,7.541172177896618,62.194791661019096,
4221,697.05,141.74979939051627,30.79995163198544,181.08252512959848,29.0,0.81585,317.0,50.0,161.0,1053.0,29.0,222.0,130.0,354.0,20.470428853021623,119,3,55,63,209.0,-38.0,61.0,50.0,143.0,27.0,-66.0,5390.0,98.0,-4.0,7.545638374033761,62.194791661019096,
4222,677.0408,172.1776839071528,42.58614762702777,175.19812199899428,29.0,0.84265,333.0,54.0,175.0,1117.0,27.0,242.0,136.0,370.0,28.363882161779802,119,16,55,63,209.0,-48.0,61.0,39.0,132.0,16.0,-77.0,5361.0,88.0,-13.0,7.550104570170903,62.194791661019096,
4223,660.7728,131.15576588018388,41.03807052647799,167.60359026642553,29.0,0.76895,333.0,54.0,175.0,1117.0,27.0,242.0,136.0,370.0,31.43108558846288,121,4,56,64,209.0,-48.0,61.0,39.0,132.0,16.0,-77.0,5361.0,88.0,-13.0,7.554570766308043,62.194791661019096,
4224,779.40454,252.91167054576295,39.709891470274556,248.2227860647424,29.0,0.70025,335.0,55.0,177.0,1126.0,27.0,245.0,136.0,371.0,34.14936751570326,124,15,56,60,209.0,-50.0,61.0,37.0,130.0,14.0,-79.0,5351.0,85.0,-15.0,7.559036962445186,62.194791661019096,
4225,824.88684,168.20564520733305,5.591817250270371,178.13557502747824,27.0,0.7122,186.0,37.0,131.0,790.0,25.0,238.0,87.0,255.0,5.780330875618652,121,7,55,52,272.0,-78.0,76.0,-2.0,157.0,8.0,-115.0,6948.0,100.0,89.0,8.912294391996587,62.194791661019096,
4226,820.6306,118.05086264348895,2.0838249482116025,178.19150248969223,27.0,0.71525,186.0,37.0,132.0,795.0,25.0,241.0,88.0,258.0,1.0819189402584328,109,11,57,51,272.0,-79.0,76.0,-46.0,156.0,7.0,-116.0,6943.0,99.0,88.0,8.916760588133728,62.194791661019096,
4227,873.1846,262.00870376575017,6.862154621486172,203.43013880239357,27.0,0.7867,197.0,40.0,142.0,837.0,24.0,253.0,92.0,269.0,7.853846599172614,125,4,56,53,266.0,-85.0,74.0,-56.0,144.0,-3.0,-122.0,6762.0,87.0,77.0,8.934625372682223,62.194791661019096,
4228,914.16113,264.08861603730287,9.96986840510064,216.64799198625207,27.0,0.7933,197.0,40.0,142.0,837.0,24.0,253.0,92.0,269.0,11.689789172637102,123,5,56,54,266.0,-85.0,74.0,-56.0,144.0,-3.0,-122.0,6762.0,87.0,77.0,8.939091568819366,62.194791661019096,
4229,975.8188,264.56317172799373,16.142572497396536,236.8961614613388,28.0,0.79405,210.0,43.0,153.0,884.0,23.0,267.0,97.0,282.0,18.639032863869303,127,2,56,53,261.0,-91.0,74.0,-65.0,133.0,-11.0,-128.0,6597.0,77.0,66.0,8.943557764956505,62.194791661019096,
4230,763.3592,103.19604628310066,23.380516643841055,109.91888207129533,28.0,0.8498,367.0,53.0,176.0,1183.0,31.0,228.0,151.0,408.0,23.79861042446382,117,6,52,59,200.0,-25.0,57.0,59.0,148.0,37.0,-52.0,5157.0,106.0,9.0,7.326289623202247,62.19270832768594,
4231,667.6747,94.67899209229529,21.93082249159702,107.19649084827553,28.0,0.86525,367.0,53.0,176.0,1183.0,31.0,228.0,151.0,408.0,24.22326827569699,110,8,54,59,200.0,-25.0,57.0,59.0,148.0,37.0,-52.0,5157.0,106.0,9.0,7.330755511420931,62.19270832768594,
4232,557.153,85.91174228001348,19.957628819518515,110.92780609501415,28.0,0.84435,364.0,53.0,174.0,1173.0,31.0,226.0,150.0,405.0,22.74457308454521,121,4,54,62,201.0,-25.0,58.0,59.0,149.0,37.0,-52.0,5168.0,106.0,9.0,7.3352213996396864,62.19270832768594,
4233,734.7236,277.78922358738447,36.72984693259166,255.0,29.0,0.813,409.0,67.0,220.0,1363.0,27.0,289.0,166.0,449.0,37.06810705400531,106,2,57,56,200.0,-56.0,58.0,24.0,116.0,5.0,-84.0,5076.0,73.0,-22.0,7.35308495251471,62.19270832768594,
4234,824.8281,62.838276564125856,46.36043837440981,84.26146460831843,29.0,0.80235,318.0,49.0,159.0,1050.0,29.0,219.0,131.0,355.0,36.89092287008097,122,4,55,56,209.0,-37.0,61.0,52.0,144.0,28.0,-65.0,5392.0,100.0,-3.0,7.536186369483339,62.19270832768594,
4235,714.2708,149.00689329816407,23.3211225647754,154.62637522691782,29.0,0.8226,318.0,49.0,159.0,1050.0,29.0,219.0,131.0,355.0,21.54432696452809,112,6,54,58,209.0,-37.0,61.0,52.0,144.0,28.0,-65.0,5392.0,100.0,-3.0,7.540652257702095,62.19270832768594,
4236,727.296,211.11429416284773,9.802769782687829,188.3778226879665,29.0,0.81125,317.0,50.0,161.0,1053.0,29.0,222.0,130.0,354.0,6.1140224226485484,128,2,53,56,209.0,-38.0,61.0,50.0,143.0,27.0,-66.0,5390.0,98.0,-4.0,7.54511814592085,62.19270832768594,
4237,747.51373,214.06524068087612,21.198403809804347,202.86595166001536,29.0,0.7964,317.0,50.0,161.0,1053.0,29.0,222.0,130.0,354.0,14.37703354072064,111,2,53,60,209.0,-38.0,61.0,50.0,143.0,27.0,-66.0,5390.0,98.0,-4.0,7.549584034139605,62.19270832768594,
4238,832.1445,185.8982331446753,26.317688338864297,187.46485253518233,29.0,0.7923,354.0,62.0,200.0,1213.0,25.0,274.0,143.0,391.0,15.029171647067546,117,5,52,52,209.0,-63.0,61.0,22.0,117.0,0.0,-92.0,5318.0,71.0,-29.0,7.60317469276453,62.19270832768594,
4239,866.8832,217.63952516162908,47.17248816899385,230.02637056600662,29.0,0.7795,354.0,62.0,200.0,1213.0,25.0,274.0,143.0,391.0,29.068564973571252,114,7,53,52,209.0,-63.0,61.0,22.0,117.0,0.0,-92.0,5318.0,71.0,-29.0,7.607640580983286,62.19270832768594,
4240,865.2483,242.85463733132272,6.832523904986561,199.44712294730218,27.0,0.7864,197.0,40.0,142.0,837.0,24.0,253.0,92.0,269.0,8.021797354043555,121,5,56,52,266.0,-85.0,74.0,-56.0,144.0,-3.0,-122.0,6762.0,87.0,77.0,8.934009381951315,62.19270832768594,
4241,954.63824,266.6688798639369,13.870186110471716,228.27437294035667,28.0,0.8049,210.0,43.0,153.0,884.0,23.0,267.0,97.0,282.0,15.662765333022001,119,2,57,55,261.0,-91.0,74.0,-65.0,133.0,-11.0,-128.0,6597.0,77.0,66.0,8.942941158388827,62.19270832768594,
4242,1050.2247,271.83236006066534,24.706500995968884,254.84252175464562,28.0,0.74935,210.0,43.0,153.0,884.0,23.0,267.0,97.0,282.0,28.00103004166213,132,3,57,53,261.0,-91.0,74.0,-65.0,133.0,-11.0,-128.0,6597.0,77.0,66.0,8.947407046607582,62.19270832768594,
4243,753.6528,103.16549669847319,20.014420769523795,117.19022468944964,29.0,0.8656,370.0,54.0,177.0,1189.0,31.0,230.0,152.0,409.0,21.19397901746973,122,3,52,56,199.0,-26.0,58.0,58.0,147.0,36.0,-52.0,5167.0,105.0,8.0,7.325784562423349,62.1906249943528,
4244,669.6538,99.79678075309913,19.417699002702342,116.0538618667177,29.0,0.8854,370.0,54.0,177.0,1189.0,31.0,230.0,152.0,409.0,21.38463152106705,115,5,54,59,199.0,-26.0,58.0,58.0,147.0,36.0,-52.0,5167.0,105.0,8.0,7.330250142772006,62.1906249943528,
4245,572.6332,88.10222685467278,19.186596155012676,111.6908765564195,29.0,0.8569,364.0,53.0,174.0,1174.0,31.0,227.0,150.0,405.0,22.59215383180105,119,4,55,61,200.0,-25.0,58.0,59.0,148.0,37.0,-52.0,5188.0,106.0,9.0,7.334715723120735,62.1906249943528,
4246,729.3444,271.2049858959918,33.88733677406981,254.39692135727236,28.0,0.8338,396.0,63.0,207.0,1311.0,27.0,274.0,161.0,436.0,32.85817495255624,112,15,57,53,201.0,-49.0,58.0,32.0,124.0,12.0,-77.0,5125.0,81.0,-15.0,7.352578044515651,62.1906249943528,
4247,766.3955,77.25406469105255,43.35573614519312,109.1659492996613,29.0,0.7928,331.0,53.0,171.0,1102.0,28.0,235.0,135.0,367.0,32.769089576748165,116,3,53,59,209.0,-44.0,61.0,43.0,136.0,20.0,-73.0,5369.0,92.0,-9.0,7.540132419161913,62.1906249943528,
4248,713.0011,125.38225170283192,17.556346023286782,166.59555371415755,28.0,0.7959,319.0,50.0,161.0,1058.0,29.0,222.0,131.0,356.0,12.618054181397671,109,3,56,54,210.0,-40.0,60.0,49.0,142.0,26.0,-68.0,5400.0,97.0,-5.0,7.54459799951064,62.1906249943528,
4249,710.7429,147.23838296511647,14.53022695998436,197.31453871421127,28.0,0.78545,319.0,50.0,161.0,1058.0,29.0,222.0,131.0,356.0,10.049130028703022,112,6,53,56,210.0,-40.0,60.0,49.0,142.0,26.0,-68.0,5400.0,97.0,-5.0,7.549063579859371,62.1906249943528,
4250,735.36664,150.2809530600546,12.802004087152342,168.131137452318,29.0,0.7478,317.0,50.0,161.0,1053.0,29.0,222.0,130.0,354.0,9.46227057252601,125,11,57,61,210.0,-40.0,61.0,49.0,142.0,26.0,-68.0,5412.0,98.0,-5.0,7.557994740556827,62.1906249943528,
4251,724.5451,158.89583913043506,12.698040923055853,175.4460970354334,29.0,0.75155,314.0,49.0,159.0,1044.0,29.0,222.0,129.0,351.0,7.362129622126541,118,11,56,57,210.0,-40.0,61.0,49.0,142.0,25.0,-68.0,5398.0,97.0,-5.0,7.562460320905485,62.1906249943528,
4252,717.1409,159.95741050947007,22.625205919287957,175.38995710307088,28.0,0.7664,314.0,50.0,160.0,1045.0,28.0,222.0,129.0,351.0,11.934964124647072,100,25,55,55,211.0,-41.0,61.0,48.0,141.0,24.0,-70.0,5401.0,96.0,-6.0,7.566925901254216,62.1906249943528,
4253,723.68604,175.78882877851447,34.59451461505126,190.57457663337527,28.0,0.7813,314.0,50.0,160.0,1045.0,28.0,222.0,129.0,351.0,19.05858249391322,117,13,55,56,211.0,-41.0,61.0,48.0,141.0,24.0,-70.0,5401.0,96.0,-6.0,7.571391481602944,62.1906249943528,
4254,801.68097,196.38420151046085,29.264178837043985,201.08844088582336,28.0,0.7135,311.0,50.0,160.0,1041.0,28.0,223.0,127.0,347.0,17.95339372303216,119,7,56,59,212.0,-42.0,61.0,46.0,141.0,23.0,-71.0,5399.0,95.0,-7.0,7.584788222649132,62.1906249943528,
4255,761.4909,167.7189996538447,15.840684929543803,184.14249160671778,28.0,0.7553,313.0,50.0,161.0,1046.0,28.0,226.0,128.0,348.0,9.810463135271018,119,16,56,59,213.0,-44.0,61.0,44.0,139.0,21.0,-74.0,5434.0,93.0,-9.0,7.593719383346589,62.1906249943528,
4256,810.14276,229.8522131590724,14.892931263265218,200.48234641637725,28.0,0.7797,316.0,52.0,166.0,1061.0,27.0,231.0,129.0,351.0,8.95049437900928,119,27,56,55,212.0,-47.0,61.0,41.0,136.0,18.0,-76.0,5418.0,90.0,-12.0,7.607116124392704,62.1906249943528,
4257,824.84076,210.24191822356494,5.831976007274868,187.15572701553643,27.0,0.7573,186.0,37.0,131.0,791.0,25.0,239.0,87.0,256.0,7.77067612656704,129,11,55,48,272.0,-79.0,76.0,-4.0,156.0,7.0,-116.0,6927.0,99.0,88.0,8.924462327265333,62.1906249943528,
4258,861.2706,260.73489882129104,7.028132109791433,203.38537254645686,28.0,0.7861,197.0,40.0,142.0,839.0,25.0,255.0,93.0,271.0,8.57149695188475,122,8,55,51,266.0,-86.0,75.0,-57.0,143.0,-4.0,-123.0,6773.0,86.0,76.0,8.933393487962789,62.1906249943528,
4259,896.7645,275.55491685247966,9.044485238034795,214.44223449113846,28.0,0.79725,197.0,40.0,142.0,839.0,25.0,255.0,93.0,271.0,11.100676938603394,122,4,55,52,266.0,-86.0,75.0,-57.0,143.0,-4.0,-123.0,6773.0,86.0,76.0,8.937859068311518,62.1906249943528,
4260,946.97797,273.4604019418337,12.403825427076294,223.3022678863156,28.0,0.8111,209.0,43.0,153.0,883.0,23.0,267.0,97.0,282.0,14.010264917353474,125,3,56,54,261.0,-91.0,74.0,-65.0,133.0,-11.0,-128.0,6603.0,77.0,66.0,8.942324648660247,62.1906249943528,
4261,840.03076,102.01995505057442,22.727170145983038,108.01962354514674,29.0,0.8142,381.0,57.0,187.0,1236.0,30.0,244.0,156.0,422.0,24.36857226438659,124,5,55,55,199.0,-33.0,58.0,49.0,139.0,28.0,-60.0,5130.0,97.0,0.0,7.3208143084327615,62.18854166101965,
4262,748.4907,95.99937617023264,17.61954508119411,118.56606289576253,29.0,0.8565,370.0,54.0,177.0,1189.0,31.0,230.0,152.0,409.0,20.200950369232338,120,4,56,56,199.0,-26.0,58.0,58.0,147.0,36.0,-52.0,5167.0,105.0,8.0,7.325279580959812,62.18854166101965,
4263,668.8529,89.55833017480299,16.17013185900026,123.94220755540243,29.0,0.8726,370.0,54.0,177.0,1189.0,31.0,230.0,152.0,409.0,18.28604872853548,119,4,54,58,199.0,-26.0,58.0,58.0,147.0,36.0,-52.0,5167.0,105.0,8.0,7.32974485348679,62.18854166101965,
4264,589.27954,84.85445145412936,17.542799409777484,118.60817231608004,29.0,0.8511,364.0,53.0,174.0,1174.0,31.0,227.0,150.0,405.0,20.137654824860974,119,4,55,61,200.0,-25.0,58.0,59.0,148.0,37.0,-52.0,5188.0,106.0,9.0,7.33421012601384,62.18854166101965,
4265,696.2395,266.3253606906874,42.94211034269462,254.3252623076475,28.0,0.835,396.0,63.0,207.0,1311.0,27.0,274.0,161.0,436.0,40.560060120729204,123,17,56,56,201.0,-49.0,58.0,32.0,124.0,12.0,-77.0,5125.0,81.0,-15.0,7.3520712161220425,62.18854166101965,
4266,848.22894,270.2456950761505,23.42608895081832,243.04618731367822,28.0,0.8315,396.0,63.0,207.0,1311.0,27.0,274.0,161.0,436.0,24.31133045918767,111,18,54,57,201.0,-49.0,58.0,32.0,124.0,12.0,-77.0,5125.0,81.0,-15.0,7.356536488649095,62.18854166101965,
4267,706.78876,137.74918794667377,7.035425915046024,175.98870312597876,29.0,0.7177,314.0,49.0,159.0,1044.0,29.0,222.0,129.0,351.0,4.210815307803473,120,4,57,59,210.0,-40.0,61.0,49.0,142.0,25.0,-68.0,5398.0,97.0,-5.0,7.5619390248929905,62.18854166101965,
4268,713.2275,197.74771885686013,15.746718714343118,183.61797659167428,28.0,0.7736,313.0,50.0,160.0,1043.0,29.0,222.0,128.0,349.0,8.036191300418627,114,11,57,54,211.0,-41.0,61.0,47.0,141.0,24.0,-70.0,5404.0,96.0,-6.0,7.579800115001192,62.18854166101965,
4269,725.42096,205.53625808034414,23.197584401610335,200.71772658785702,28.0,0.7688,311.0,50.0,160.0,1041.0,28.0,223.0,127.0,347.0,14.023643888013638,113,15,58,56,212.0,-42.0,61.0,46.0,141.0,23.0,-71.0,5399.0,95.0,-7.0,7.584265387528243,62.18854166101965,
4270,748.21686,152.82990364375584,7.035294798439984,173.66102432124885,28.0,0.6928,313.0,50.0,161.0,1046.0,28.0,226.0,128.0,348.0,4.871904181332278,116,16,56,59,213.0,-44.0,61.0,44.0,139.0,21.0,-74.0,5434.0,93.0,-9.0,7.593195932582344,62.18854166101965,
4271,820.73083,178.00177203119938,4.775874603261597,178.97072584145,27.0,0.7571,186.0,37.0,131.0,791.0,25.0,239.0,87.0,256.0,3.9362513423276435,129,8,58,49,272.0,-79.0,76.0,-4.0,156.0,7.0,-116.0,6927.0,99.0,88.0,8.923847145640906,62.18854166101965,
4272,827.9429,246.79893280382612,5.164334826726508,193.88760408640448,27.0,0.7687,189.0,38.0,135.0,805.0,25.0,244.0,89.0,260.0,4.985297847592041,126,10,56,48,270.0,-81.0,75.0,-49.0,152.0,4.0,-118.0,6870.0,95.0,84.0,8.928312418167955,62.18854166101965,
4273,855.74744,256.59638292949415,7.479809263541518,205.0577198159026,27.0,0.78565,189.0,38.0,135.0,805.0,25.0,244.0,89.0,260.0,9.52266470488302,127,11,54,51,270.0,-81.0,75.0,-49.0,152.0,4.0,-118.0,6870.0,95.0,84.0,8.932777690695007,62.18854166101965,
4274,893.7618,275.82241182780206,9.546219115839436,217.28828837678574,28.0,0.7994,197.0,40.0,142.0,839.0,25.0,255.0,93.0,271.0,11.998500852052114,121,7,55,51,266.0,-86.0,75.0,-57.0,143.0,-4.0,-123.0,6773.0,86.0,76.0,8.937242963222058,62.18854166101965,
4275,947.10205,278.5669272090602,13.68066597025399,227.60308886657074,28.0,0.796,209.0,43.0,153.0,883.0,23.0,267.0,97.0,282.0,15.468200874342614,126,4,56,54,261.0,-91.0,74.0,-65.0,133.0,-11.0,-128.0,6603.0,77.0,66.0,8.941708235749108,62.18854166101965,
4276,1033.0137,274.44082152132734,22.798970388232004,250.85639457123514,28.0,0.7335,209.0,43.0,153.0,883.0,23.0,267.0,97.0,282.0,25.62046183695675,126,2,57,55,261.0,-91.0,74.0,-65.0,133.0,-11.0,-128.0,6603.0,77.0,66.0,8.946173508276157,62.18854166101965,
4277,678.95953,87.35530898819643,14.415493619799513,128.41175250192842,29.0,0.8434,370.0,54.0,177.0,1189.0,31.0,230.0,152.0,409.0,16.86558214895317,121,4,54,60,199.0,-26.0,58.0,58.0,147.0,36.0,-52.0,5167.0,105.0,8.0,7.329239643547543,62.18645832768651,
4278,605.29944,83.10406126433236,16.966230715784235,120.66871791482492,29.0,0.8396,364.0,53.0,174.0,1174.0,31.0,227.0,150.0,405.0,19.454470307175356,124,7,56,63,200.0,-25.0,58.0,59.0,148.0,37.0,-52.0,5188.0,106.0,9.0,7.333704608301252,62.18645832768651,
4279,538.45294,75.52737481905973,11.556104231001248,149.82771765602325,29.0,0.8047,364.0,53.0,174.0,1174.0,31.0,227.0,150.0,405.0,11.449070245629818,115,8,56,61,200.0,-25.0,58.0,59.0,148.0,37.0,-52.0,5188.0,106.0,9.0,7.338169573054961,62.18645832768651,
4280,664.1874,271.46768750863515,46.07821791189167,254.90599790691797,28.0,0.8142,396.0,63.0,207.0,1311.0,27.0,274.0,161.0,436.0,43.414477363493965,103,15,56,59,201.0,-49.0,58.0,32.0,124.0,12.0,-77.0,5125.0,81.0,-15.0,7.35156446731609,62.18645832768651,
4281,782.18494,50.399912548423146,42.51650036240252,108.81295322092593,28.0,0.868,319.0,50.0,161.0,1058.0,29.0,222.0,131.0,356.0,31.112593109514656,112,5,51,60,210.0,-40.0,60.0,49.0,142.0,26.0,-68.0,5400.0,97.0,-5.0,7.548022916478954,62.18645832768651,
4282,706.7326,128.7232151064729,10.586468495989548,175.5789285080568,28.0,0.7329,314.0,50.0,160.0,1045.0,28.0,222.0,129.0,351.0,6.179875394666911,139,0,55,55,211.0,-41.0,61.0,48.0,141.0,24.0,-70.0,5401.0,96.0,-6.0,7.574812705001139,62.18645832768651,
4283,706.0706,273.4961288185299,3.1265395403788587,183.37186121620664,28.0,0.7717,313.0,50.0,160.0,1043.0,29.0,222.0,128.0,349.0,1.7426427497066703,118,5,56,58,211.0,-41.0,61.0,47.0,141.0,24.0,-70.0,5404.0,96.0,-6.0,7.57927766975485,62.18645832768651,
4284,713.2652,177.70765993981036,5.7210192023619655,185.7625625574482,28.0,0.78545,311.0,50.0,160.0,1041.0,28.0,223.0,127.0,347.0,4.851450138828973,116,12,56,55,212.0,-42.0,61.0,46.0,141.0,23.0,-71.0,5399.0,95.0,-7.0,7.5837426345085595,62.18645832768651,
4285,721.9025,174.6154015161264,12.61844254079674,196.3137770795431,28.0,0.7343,311.0,50.0,160.0,1041.0,28.0,223.0,127.0,347.0,11.174250248079698,114,16,58,59,212.0,-42.0,61.0,46.0,141.0,23.0,-71.0,5399.0,95.0,-7.0,7.588207599262269,62.18645832768651,
4286,732.89777,157.0045411859375,8.56172710854637,175.6257083056938,28.0,0.6966,313.0,50.0,161.0,1046.0,28.0,226.0,128.0,348.0,6.512386618241646,115,19,59,58,213.0,-44.0,61.0,44.0,139.0,21.0,-74.0,5434.0,93.0,-9.0,7.592672564015978,62.18645832768651,
4287,736.8485,225.7021059154976,11.772436602827373,203.7037975067107,28.0,0.73245,313.0,50.0,161.0,1046.0,28.0,226.0,128.0,348.0,10.232280857071345,113,15,59,58,213.0,-44.0,61.0,44.0,139.0,21.0,-74.0,5434.0,93.0,-9.0,7.597137528769688,62.18645832768651,
4288,773.0202,186.14126991750928,7.483939449297061,185.91536204181014,28.0,0.731,316.0,52.0,166.0,1061.0,27.0,231.0,129.0,351.0,5.342503985373408,113,3,57,61,212.0,-47.0,61.0,41.0,136.0,18.0,-76.0,5418.0,90.0,-12.0,7.6060674582770345,62.18645832768651,
4289,802.30835,231.59942521573026,19.80317575777311,216.61265845437757,29.0,0.78255,323.0,54.0,173.0,1093.0,27.0,241.0,131.0,359.0,15.919399503411423,122,30,55,61,212.0,-51.0,62.0,36.0,131.0,13.0,-81.0,5393.0,86.0,-17.0,7.610532423030744,62.18645832768651,
4290,998.40607,290.56949616693515,20.44998207438595,232.2584452665073,28.0,0.7485,234.0,42.0,153.0,902.0,23.0,246.0,93.0,273.0,19.21472501081836,123,6,52,57,241.0,-78.0,69.0,-16.0,130.0,-4.0,-111.0,6123.0,78.0,42.0,8.31153188936186,62.18645832768651,
4291,824.41455,277.4280897814482,4.567893883385968,196.8566964671696,27.0,0.7533,189.0,38.0,135.0,805.0,25.0,244.0,89.0,260.0,5.40699229752794,121,7,54,48,270.0,-81.0,75.0,-49.0,152.0,4.0,-118.0,6870.0,95.0,84.0,8.927697025372636,62.18645832768651,
4292,855.5087,279.94091191175113,7.926297054092523,209.50161909727333,27.0,0.78035,189.0,38.0,135.0,805.0,25.0,244.0,89.0,260.0,9.577283371969534,122,10,56,52,270.0,-81.0,75.0,-49.0,152.0,4.0,-118.0,6870.0,95.0,84.0,8.932161990126346,62.18645832768651,
4293,893.28125,279.1867930116273,9.371672693531476,212.60501541505351,28.0,0.79395,197.0,40.0,142.0,839.0,25.0,255.0,93.0,271.0,10.555331730626333,118,8,56,51,266.0,-86.0,75.0,-57.0,143.0,-4.0,-123.0,6773.0,86.0,76.0,8.936626954880055,62.18645832768651,
4294,947.747,275.72868127771414,15.161696257509561,231.69945718732023,28.0,0.7933,197.0,40.0,142.0,839.0,25.0,255.0,93.0,271.0,16.85240648942134,117,3,56,53,266.0,-86.0,75.0,-57.0,143.0,-4.0,-123.0,6773.0,86.0,76.0,8.941091919633765,62.18645832768651,
4295,754.4561,96.4908157501373,14.593999382940373,127.8084832064856,29.0,0.7964,381.0,57.0,187.0,1236.0,30.0,244.0,156.0,422.0,17.175076944045554,114,5,54,59,199.0,-33.0,58.0,49.0,139.0,28.0,-60.0,5130.0,97.0,0.0,7.324269855907889,62.184374994353355,
4296,687.90894,91.29649434211144,13.815048261529324,130.6088336327002,29.0,0.8321,370.0,54.0,177.0,1189.0,31.0,230.0,152.0,409.0,15.989175260246434,121,4,57,59,199.0,-26.0,58.0,58.0,147.0,36.0,-52.0,5167.0,105.0,8.0,7.328734512936512,62.184374994353355,
4297,623.6022,86.6595217297602,14.532301514631168,129.3898958943908,29.0,0.8281,370.0,54.0,177.0,1189.0,31.0,230.0,152.0,409.0,16.71828381514348,127,7,55,60,199.0,-26.0,58.0,58.0,147.0,36.0,-52.0,5167.0,105.0,8.0,7.333199169965209,62.184374994353355,
4298,529.91895,251.35265356748,17.893566561910202,197.61020683612745,28.0,0.7927,382.0,59.0,193.0,1250.0,29.0,253.0,156.0,422.0,12.845666606517861,126,17,57,59,201.0,-39.0,58.0,43.0,134.0,22.0,-67.0,5133.0,91.0,-5.0,7.346593141051294,62.184374994353355,
4299,650.61426,272.76831029359505,43.825108209403396,254.51207600263643,28.0,0.8148,396.0,63.0,207.0,1311.0,27.0,274.0,161.0,436.0,42.33078630816118,105,4,57,59,201.0,-49.0,58.0,32.0,124.0,12.0,-77.0,5125.0,81.0,-15.0,7.35105779807999,62.184374994353355,
4300,765.90924,51.84896524841323,30.465992553062257,124.75956281769375,29.0,0.8641,317.0,50.0,161.0,1053.0,29.0,222.0,130.0,354.0,23.32981791556282,111,9,52,58,210.0,-40.0,61.0,49.0,142.0,26.0,-68.0,5412.0,98.0,-5.0,7.551967364370918,62.184374994353355,
4301,723.3857,106.8803810286491,25.75101376371593,174.86834418459375,29.0,0.8686,317.0,50.0,161.0,1053.0,29.0,222.0,130.0,354.0,14.205847431484147,112,0,52,55,210.0,-40.0,61.0,49.0,142.0,26.0,-68.0,5412.0,98.0,-5.0,7.556432021399613,62.184374994353355,
4302,722.8329,149.80951021827724,21.794358851297474,180.71248396623952,29.0,0.8339,314.0,49.0,159.0,1044.0,29.0,222.0,129.0,351.0,14.276774022984815,107,4,55,57,210.0,-40.0,61.0,49.0,142.0,25.0,-68.0,5398.0,97.0,-5.0,7.560896678428236,62.184374994353355,
4303,749.3228,79.40777392596777,22.722092723672855,159.93553985084336,28.0,0.7929,314.0,50.0,160.0,1045.0,28.0,222.0,129.0,351.0,15.249670437093815,131,2,54,59,211.0,-41.0,61.0,48.0,141.0,24.0,-70.0,5401.0,96.0,-6.0,7.574290649514323,62.184374994353355,
4304,720.1249,142.13369246730494,10.432455126440168,170.03460172521366,28.0,0.7649,313.0,50.0,160.0,1043.0,29.0,222.0,128.0,349.0,7.780026750302084,123,3,56,59,211.0,-41.0,61.0,47.0,141.0,24.0,-70.0,5404.0,96.0,-6.0,7.578755306543018,62.184374994353355,
4305,717.8645,166.77003842885634,6.129628352608001,183.9801685907936,28.0,0.74335,313.0,50.0,160.0,1043.0,29.0,222.0,128.0,349.0,6.7724894938023485,124,1,57,57,211.0,-41.0,61.0,47.0,141.0,24.0,-70.0,5404.0,96.0,-6.0,7.583219963571714,62.184374994353355,
4306,719.6149,139.59060220488757,4.728686306349592,178.08018428973722,28.0,0.72455,311.0,50.0,160.0,1041.0,28.0,223.0,127.0,347.0,2.952797080404482,115,10,56,59,212.0,-42.0,61.0,46.0,141.0,23.0,-71.0,5399.0,95.0,-7.0,7.587684620600408,62.184374994353355,
4307,720.06836,200.33920814938722,3.284658896401459,181.06970767013317,28.0,0.719,313.0,50.0,161.0,1046.0,28.0,226.0,128.0,348.0,1.7932284800866103,123,12,58,59,213.0,-44.0,61.0,44.0,139.0,21.0,-74.0,5434.0,93.0,-9.0,7.592149277629103,62.184374994353355,
4308,723.1649,247.7005330002866,3.8922609390202694,188.4868243159172,28.0,0.73405,313.0,50.0,161.0,1046.0,28.0,226.0,128.0,348.0,2.9681031013461596,117,13,58,58,213.0,-44.0,61.0,44.0,139.0,21.0,-74.0,5434.0,93.0,-9.0,7.596613934657799,62.184374994353355,
4309,745.83673,214.04758009821936,11.514700009511424,194.65387693009006,28.0,0.7481,316.0,52.0,166.0,1061.0,27.0,231.0,129.0,351.0,9.474400451202682,117,0,59,61,212.0,-47.0,61.0,41.0,136.0,18.0,-76.0,5418.0,90.0,-12.0,7.601078591686423,62.184374994353355,
4310,748.72504,172.40529159454022,12.813047618485033,176.86996696291618,28.0,0.7892,316.0,52.0,166.0,1061.0,27.0,231.0,129.0,351.0,8.564499212624682,120,4,58,58,212.0,-47.0,61.0,41.0,136.0,18.0,-76.0,5418.0,90.0,-12.0,7.605543248715117,62.184374994353355,
4311,750.17456,188.11629941479816,18.54162697124758,183.00871079634487,29.0,0.7969,323.0,54.0,173.0,1093.0,27.0,241.0,131.0,359.0,11.815208249281554,115,2,57,59,212.0,-51.0,62.0,36.0,131.0,13.0,-81.0,5393.0,86.0,-17.0,7.610007905743812,62.184374994353355,
4312,779.6509,243.5542214976251,20.989376016192523,230.7260353552386,29.0,0.8118,323.0,54.0,173.0,1093.0,27.0,241.0,131.0,359.0,22.490740522819987,124,6,57,59,212.0,-51.0,62.0,36.0,131.0,13.0,-81.0,5393.0,86.0,-17.0,7.614472562772508,62.184374994353355,
4313,954.60364,105.34224179899665,13.895833075487792,134.21464863530693,28.0,0.7812,219.0,38.0,140.0,844.0,24.0,231.0,88.0,258.0,15.866864203612133,129,5,53,53,242.0,-73.0,69.0,-9.0,137.0,2.0,-105.0,6174.0,85.0,48.0,8.30202974519029,62.184374994353355,
4314,959.26624,277.6079197159915,11.633047914052508,216.48495359451672,28.0,0.7767,219.0,38.0,140.0,844.0,24.0,231.0,88.0,258.0,13.036537513632133,118,0,52,54,242.0,-73.0,69.0,-9.0,137.0,2.0,-105.0,6174.0,85.0,48.0,8.306494402218984,62.184374994353355,
4315,1011.7124,277.9782030248518,17.475422732525768,234.57800215218592,28.0,0.78565,234.0,42.0,153.0,902.0,23.0,246.0,93.0,273.0,18.56597364150378,129,0,52,55,241.0,-78.0,69.0,-16.0,130.0,-4.0,-111.0,6123.0,78.0,42.0,8.310959059247681,62.184374994353355,
4316,817.54205,186.8162563621213,5.021802744635019,171.36451696533024,27.0,0.7576,186.0,37.0,131.0,791.0,25.0,239.0,87.0,256.0,4.976525388405198,112,7,58,53,272.0,-79.0,76.0,-4.0,156.0,7.0,-116.0,6927.0,99.0,88.0,8.922617072177786,62.184374994353355,
4317,854.4861,282.52423309574897,8.091028366272646,209.06014393314237,27.0,0.80095,189.0,38.0,135.0,805.0,25.0,244.0,89.0,260.0,9.703265308963731,123,8,55,56,270.0,-81.0,75.0,-49.0,152.0,4.0,-118.0,6870.0,95.0,84.0,8.931546386235174,62.184374994353355,
4318,888.4824,262.5322983332147,8.39926110876126,209.73640103448585,28.0,0.8093,197.0,40.0,142.0,839.0,25.0,255.0,93.0,271.0,9.646953395685166,120,7,55,51,266.0,-86.0,75.0,-57.0,143.0,-4.0,-123.0,6773.0,86.0,76.0,8.936011043263871,62.184374994353355,
4319,941.4728,272.14958148130665,15.721712362935243,231.76298717105234,28.0,0.7979,197.0,40.0,142.0,839.0,25.0,255.0,93.0,271.0,17.079439787495193,123,5,55,49,266.0,-86.0,75.0,-57.0,143.0,-4.0,-123.0,6773.0,86.0,76.0,8.940475700292565,62.184374994353355,
4320,690.5011,99.39120524514084,13.738586708834559,131.81152856460483,28.0,0.81355,375.0,56.0,183.0,1216.0,30.0,239.0,154.0,416.0,15.917485368390686,115,4,56,58,201.0,-32.0,58.0,52.0,142.0,30.0,-59.0,5186.0,100.0,2.0,7.328229461635973,62.182291661020216,
4321,635.5023,96.21799837014214,10.549919303548362,148.47662664780125,28.0,0.80925,375.0,56.0,183.0,1216.0,30.0,239.0,154.0,416.0,11.199634592539311,120,27,55,59,201.0,-32.0,58.0,52.0,142.0,30.0,-59.0,5186.0,100.0,2.0,7.332693810987971,62.182291661020216,
4322,643.1113,292.7283511541232,37.82859879513061,246.1591594501646,28.0,0.81365,390.0,62.0,203.0,1290.0,28.0,268.0,159.0,431.0,31.110128412841473,100,8,54,55,201.0,-47.0,58.0,35.0,127.0,15.0,-74.0,5136.0,83.0,-13.0,7.350551208395957,62.182291661020216,
4323,830.3296,278.6544607490287,32.07570527573063,245.72229981385513,28.0,0.8057,390.0,62.0,203.0,1290.0,28.0,268.0,159.0,431.0,32.11318671239962,130,13,53,55,201.0,-47.0,58.0,35.0,127.0,15.0,-74.0,5136.0,83.0,-13.0,7.355015557747954,62.182291661020216,
4324,854.3369,37.013081767032304,46.39490825986758,129.11248651638238,28.0,0.7576,347.0,59.0,189.0,1178.0,26.0,260.0,141.0,385.0,28.746098410054,111,5,53,56,209.0,-56.0,60.0,30.0,125.0,8.0,-84.0,5339.0,80.0,-21.0,7.551446929235455,62.182291661020216,
4325,817.9883,193.77823423516978,49.57642160288821,183.33817244429616,28.0,0.8155,347.0,59.0,189.0,1178.0,26.0,260.0,141.0,385.0,28.496388154123206,106,9,51,57,209.0,-56.0,60.0,30.0,125.0,8.0,-84.0,5339.0,80.0,-21.0,7.555911278587453,62.182291661020216,
4326,796.1317,45.10836829881679,43.18841106557605,144.7904761653438,29.0,0.8232,336.0,56.0,180.0,1135.0,27.0,248.0,137.0,374.0,25.42164892495213,110,6,53,60,209.0,-52.0,61.0,36.0,129.0,13.0,-80.0,5363.0,84.0,-17.0,7.560375627939377,62.182291661020216,
4327,759.37317,144.9373996170421,39.835620380422725,176.440837183493,29.0,0.8224,336.0,56.0,180.0,1135.0,27.0,248.0,137.0,374.0,19.53444980885975,121,18,52,56,209.0,-52.0,61.0,36.0,129.0,13.0,-80.0,5363.0,84.0,-17.0,7.564839977291374,62.182291661020216,
4328,773.63916,226.63577199276273,47.67819318366815,203.61085023358152,28.0,0.7593,325.0,53.0,171.0,1093.0,27.0,237.0,133.0,363.0,32.90309769944723,112,9,51,55,211.0,-48.0,61.0,41.0,134.0,17.0,-77.0,5396.0,89.0,-13.0,7.56930432664337,62.182291661020216,
4329,745.1365,56.06069164305109,18.151606876699997,155.11429844676886,28.0,0.7298,316.0,51.0,164.0,1059.0,28.0,228.0,129.0,353.0,11.713344895234131,121,5,55,56,212.0,-44.0,61.0,44.0,139.0,21.0,-73.0,5394.0,93.0,-9.0,7.578233025347365,62.182291661020216,
4330,730.0119,97.74970679506622,9.021364125551374,176.61900663273028,28.0,0.7166,316.0,51.0,164.0,1059.0,28.0,228.0,129.0,353.0,3.38997180080807,119,0,55,58,212.0,-44.0,61.0,44.0,139.0,21.0,-73.0,5394.0,93.0,-9.0,7.582697374699362,62.182291661020216,
4331,721.40894,140.99273477214643,4.264987445556168,175.1061970044338,28.0,0.6901,310.0,50.0,160.0,1038.0,28.0,223.0,127.0,347.0,2.8449863952286325,123,0,54,57,212.0,-42.0,61.0,46.0,141.0,23.0,-71.0,5409.0,95.0,-7.0,7.591626073403355,62.182291661020216,
4332,722.3714,230.736945775931,2.585055583221534,186.22863982450326,28.0,0.711,310.0,50.0,161.0,1042.0,28.0,225.0,127.0,347.0,2.639865548474831,125,0,56,60,213.0,-44.0,61.0,45.0,140.0,21.0,-73.0,5439.0,94.0,-9.0,7.596090422755351,62.182291661020216,
4333,728.8895,183.15723958077817,4.377309161845381,180.8342904315156,28.0,0.7194,312.0,51.0,163.0,1049.0,28.0,228.0,127.0,348.0,2.3204560308677595,121,0,54,62,213.0,-46.0,61.0,43.0,138.0,19.0,-75.0,5440.0,92.0,-11.0,7.6005547721072775,62.182291661020216,
4334,727.258,201.73440498658712,4.8340804896312815,179.65632295862568,28.0,0.7462,312.0,51.0,163.0,1049.0,28.0,228.0,127.0,348.0,2.5820050542671615,121,10,54,61,213.0,-46.0,61.0,43.0,138.0,19.0,-75.0,5440.0,92.0,-11.0,7.605019121459273,62.182291661020216,
4335,730.3582,206.75417385391816,4.97217024609577,185.05337739495974,28.0,0.8021,328.0,55.0,179.0,1116.0,26.0,249.0,133.0,364.0,3.730374163038282,128,0,56,58,211.0,-54.0,61.0,33.0,128.0,10.0,-83.0,5390.0,83.0,-19.0,7.609483470811271,62.182291661020216,
4336,757.4568,260.94617136407,13.494777729555329,222.97577745273125,28.0,0.8147,328.0,55.0,179.0,1116.0,26.0,249.0,133.0,364.0,14.679309032289154,123,3,58,58,211.0,-54.0,61.0,33.0,128.0,10.0,-83.0,5390.0,83.0,-19.0,7.613947820163267,62.182291661020216,
4337,825.57117,250.89728788129827,18.343609551099398,231.56871838085465,29.0,0.8254,358.0,63.0,205.0,1233.0,24.0,281.0,144.0,394.0,18.071873981794877,139,2,54,60,209.0,-67.0,61.0,17.0,113.0,-4.0,-96.0,5331.0,67.0,-33.0,7.618412169515264,62.182291661020216,
4338,920.8916,259.79168909013043,29.117216449741772,245.97239210669156,29.0,0.7589,358.0,63.0,205.0,1233.0,24.0,281.0,144.0,394.0,27.584020506946892,125,1,51,58,209.0,-67.0,61.0,17.0,113.0,-4.0,-96.0,5331.0,67.0,-33.0,7.622876518867262,62.182291661020216,
4339,972.1052,101.68461176615332,18.108310646284632,125.70898136321773,28.0,0.7992,226.0,40.0,146.0,870.0,24.0,237.0,90.0,265.0,19.16021370289593,124,7,53,54,242.0,-75.0,69.0,-13.0,134.0,-1.0,-108.0,6152.0,82.0,45.0,8.301457620369485,62.182291661020216,
4340,957.6519,283.3190761782735,9.197343505792409,210.89861475473307,28.0,0.7984,226.0,40.0,146.0,870.0,24.0,237.0,90.0,265.0,10.155231494643063,119,0,53,54,242.0,-75.0,69.0,-13.0,134.0,-1.0,-108.0,6152.0,82.0,45.0,8.305921969721483,62.182291661020216,
4341,1016.197,278.5437550452126,17.39764569653593,240.1700999293036,28.0,0.801,247.0,45.0,163.0,948.0,22.0,258.0,98.0,284.0,20.24889151644215,122,0,52,54,239.0,-82.0,68.0,-22.0,124.0,-9.0,-115.0,6063.0,72.0,36.0,8.31038631907348,62.182291661020216,
4342,811.7493,183.22377606273722,6.60561415201195,177.96890670982268,27.0,0.7653,183.0,36.0,130.0,785.0,25.0,238.0,87.0,255.0,6.030151234283526,113,8,56,52,272.0,-79.0,76.0,-46.0,156.0,7.0,-116.0,6943.0,98.0,88.0,8.922002180295896,62.182291661020216,
4343,824.55536,272.38120729577014,5.458004667527509,199.25320931552258,27.0,0.7839,190.0,38.0,136.0,812.0,25.0,247.0,90.0,263.0,6.756113054000557,125,7,56,53,269.0,-83.0,75.0,-52.0,149.0,1.0,-120.0,6839.0,92.0,82.0,8.926466529647893,62.182291661020216,
4344,856.98706,259.9609772645954,7.850039788479167,201.12221191480486,27.0,0.7971,190.0,38.0,136.0,812.0,25.0,247.0,90.0,263.0,8.176125127627186,124,8,56,53,269.0,-83.0,75.0,-52.0,149.0,1.0,-120.0,6839.0,92.0,82.0,8.93093087899989,62.182291661020216,
4345,880.2027,262.4638832892854,9.090691894578264,206.70725169596386,28.0,0.8074,199.0,40.0,144.0,845.0,24.0,257.0,94.0,272.0,8.960658161596058,129,7,53,49,264.0,-87.0,74.0,-59.0,140.0,-5.0,-124.0,6707.0,84.0,73.0,8.935395228351886,62.182291661020216,
4346,937.8056,277.2144344936123,17.702586502143316,235.85608534746328,28.0,0.7953,199.0,40.0,144.0,845.0,24.0,257.0,94.0,272.0,18.22755306993963,121,5,54,51,264.0,-87.0,74.0,-59.0,140.0,-5.0,-124.0,6707.0,84.0,73.0,8.939859577703883,62.182291661020216,
4347,1045.032,288.38445597853234,23.435435025970598,233.6488351711878,28.0,0.7277,202.0,41.0,147.0,858.0,24.0,261.0,95.0,276.0,23.898380300622627,123,4,57,55,264.0,-89.0,74.0,-61.0,138.0,-8.0,-126.0,6682.0,81.0,70.0,8.94432392705588,62.182291661020216,
4348,750.20056,101.70268348124524,14.782413841664479,131.18162011900654,29.0,0.8189,380.0,56.0,185.0,1229.0,30.0,242.0,156.0,420.0,16.1807154845073,121,6,54,59,200.0,-33.0,58.0,51.0,140.0,29.0,-60.0,5164.0,98.0,1.0,7.323260447904654,62.18020832768706,
4349,686.2568,96.60258582474276,12.265992579867609,136.5745975939862,28.0,0.8063,375.0,56.0,183.0,1216.0,30.0,239.0,154.0,416.0,14.122496407814777,137,10,55,58,201.0,-32.0,58.0,52.0,142.0,30.0,-59.0,5186.0,100.0,2.0,7.327724489628187,62.18020832768706,
4350,648.3724,82.23046160171185,7.3456148553098,161.75358943101992,28.0,0.79835,375.0,56.0,183.0,1216.0,30.0,239.0,154.0,416.0,6.265659431887072,135,18,56,58,201.0,-32.0,58.0,52.0,142.0,30.0,-59.0,5186.0,100.0,2.0,7.33218853135179,62.18020832768706,
4351,624.074,226.75657445521776,12.630111735769937,179.01489348397791,29.0,0.79185,379.0,57.0,188.0,1234.0,30.0,247.0,155.0,419.0,13.863296034228854,129,14,54,58,200.0,-36.0,58.0,47.0,137.0,26.0,-63.0,5148.0,94.0,-2.0,7.336652573075393,62.18020832768706,
4352,639.9191,315.33351591638365,22.174682395194207,195.77022778044716,29.0,0.80095,379.0,57.0,188.0,1234.0,30.0,247.0,155.0,419.0,13.15993697720521,133,5,56,60,200.0,-36.0,58.0,47.0,137.0,26.0,-63.0,5148.0,94.0,-2.0,7.341116614798998,62.18020832768706,
4353,657.4534,280.6362723715063,37.76555820413098,195.73476900920065,29.0,0.796,393.0,62.0,202.0,1294.0,28.0,267.0,160.0,433.0,21.681365165923552,111,4,55,56,200.0,-46.0,58.0,36.0,126.0,15.0,-74.0,5135.0,84.0,-12.0,7.345580656522601,62.18020832768706,
4354,931.1529,52.67024181181122,65.84177303795242,145.5781021699402,29.0,0.7118,336.0,56.0,180.0,1135.0,27.0,248.0,137.0,374.0,35.49923198320395,114,6,54,59,209.0,-52.0,61.0,36.0,129.0,13.0,-80.0,5363.0,84.0,-17.0,7.559854659255134,62.18020832768706,
4355,894.0157,198.26186638912867,66.54618399712359,193.7891151498216,29.0,0.6886,336.0,56.0,180.0,1135.0,27.0,248.0,137.0,374.0,38.521636202476714,117,9,54,58,209.0,-52.0,61.0,36.0,129.0,13.0,-80.0,5363.0,84.0,-17.0,7.564318700978737,62.18020832768706,
4356,769.18225,38.345384548211925,27.020707431046596,161.30092400853468,28.0,0.7125,316.0,51.0,164.0,1059.0,28.0,228.0,129.0,353.0,17.56731558458406,120,3,56,58,212.0,-44.0,61.0,44.0,139.0,21.0,-73.0,5394.0,93.0,-9.0,7.582174867873151,62.18020832768706,
4357,749.7092,128.48414929814683,18.759358120057943,170.31364974492874,28.0,0.7215,310.0,50.0,160.0,1038.0,28.0,223.0,127.0,347.0,10.436770272943889,114,2,54,58,212.0,-42.0,61.0,46.0,141.0,23.0,-71.0,5409.0,95.0,-7.0,7.586638909596754,62.18020832768706,
4358,737.59204,70.96422020132024,10.604935072340767,170.52442516534418,28.0,0.7304,310.0,50.0,160.0,1038.0,28.0,223.0,127.0,347.0,5.960759791436364,119,3,55,59,212.0,-42.0,61.0,46.0,141.0,23.0,-71.0,5409.0,95.0,-7.0,7.591102951320359,62.18020832768706,
4359,726.01105,86.67065621027379,5.425247301243714,174.01415516730748,28.0,0.7396,310.0,50.0,161.0,1042.0,28.0,225.0,127.0,347.0,3.0207239290740024,118,4,58,58,213.0,-44.0,61.0,45.0,140.0,21.0,-73.0,5439.0,94.0,-9.0,7.595566993043961,62.18020832768706,
4360,725.9748,290.5687362772647,8.72706018489048,186.37297595618517,28.0,0.7445,312.0,51.0,163.0,1049.0,28.0,228.0,127.0,348.0,3.8430724417365076,126,0,55,57,213.0,-46.0,61.0,43.0,138.0,19.0,-75.0,5440.0,92.0,-11.0,7.600031034767492,62.18020832768706,
4361,735.26465,229.40072183188343,17.48118659906014,184.63452655267292,28.0,0.7713,312.0,51.0,163.0,1049.0,28.0,228.0,127.0,348.0,8.198613224678857,120,0,56,58,213.0,-46.0,61.0,43.0,138.0,19.0,-75.0,5440.0,92.0,-11.0,7.604495076491096,62.18020832768706,
4362,743.2396,279.12588204071403,20.971732424174185,192.95467907623365,28.0,0.78785,328.0,55.0,179.0,1116.0,26.0,249.0,133.0,364.0,11.197050890166565,127,1,57,58,211.0,-54.0,61.0,33.0,128.0,10.0,-83.0,5390.0,83.0,-19.0,7.608959118214701,62.18020832768706,
4363,773.81415,322.88051783428637,24.002241690731562,210.3409111029719,28.0,0.8153,328.0,55.0,179.0,1116.0,26.0,249.0,133.0,364.0,16.879011298885082,120,0,53,58,211.0,-54.0,61.0,33.0,128.0,10.0,-83.0,5390.0,83.0,-19.0,7.6134231599383035,62.18020832768706,
4364,824.7865,294.0965772601168,27.489579290559455,234.51202809887766,29.0,0.83175,358.0,63.0,205.0,1233.0,24.0,281.0,144.0,394.0,21.144976523023743,127,0,54,57,209.0,-67.0,61.0,17.0,113.0,-4.0,-96.0,5331.0,67.0,-33.0,7.617887201661906,62.18020832768706,
4365,947.4386,298.1411051858401,51.19932556665282,254.99335252942132,29.0,0.79185,358.0,63.0,205.0,1233.0,24.0,281.0,144.0,394.0,38.836652091786256,128,3,51,56,209.0,-67.0,61.0,17.0,113.0,-4.0,-96.0,5331.0,67.0,-33.0,7.62235124338551,62.18020832768706,
4366,1007.7898,80.53107203468392,21.501408166397965,109.31575913393206,28.0,0.7914,226.0,40.0,146.0,870.0,24.0,237.0,90.0,265.0,23.614892965276653,122,9,53,54,242.0,-75.0,69.0,-13.0,134.0,-1.0,-108.0,6152.0,82.0,45.0,8.300885585371939,62.18020832768706,
4367,960.64374,207.67236282853736,10.478361687747523,198.68015391497386,28.0,0.7996,226.0,40.0,146.0,870.0,24.0,237.0,90.0,265.0,10.526055438581304,123,4,53,54,242.0,-75.0,69.0,-13.0,134.0,-1.0,-108.0,6152.0,82.0,45.0,8.305349627095543,62.18020832768706,
4368,1012.4933,277.57153842738103,14.61084299143098,230.26923492296964,28.0,0.8057,247.0,45.0,163.0,948.0,22.0,258.0,98.0,284.0,16.59542789567081,141,5,55,54,239.0,-82.0,68.0,-22.0,124.0,-9.0,-115.0,6063.0,72.0,36.0,8.309813668819146,62.18020832768706,
4369,809.8589,156.85230014845632,7.62541450488654,174.4819727298796,27.0,0.7657,183.0,36.0,130.0,785.0,25.0,238.0,87.0,255.0,5.311133829726291,114,9,53,52,272.0,-79.0,76.0,-46.0,156.0,7.0,-116.0,6943.0,98.0,88.0,8.916923343228063,62.18020832768706,
4370,805.09985,230.4919283891776,4.2149438248414555,186.98664959880946,27.0,0.7705,183.0,36.0,130.0,785.0,25.0,238.0,87.0,255.0,4.695383531583689,107,8,56,50,272.0,-79.0,76.0,-46.0,156.0,7.0,-116.0,6943.0,98.0,88.0,8.921387384951666,62.18020832768706,
4371,824.2368,257.76692528072095,5.393684759095316,196.2644244242365,27.0,0.7898,190.0,38.0,136.0,812.0,25.0,247.0,90.0,263.0,5.78340159443446,125,7,55,49,269.0,-83.0,75.0,-52.0,149.0,1.0,-120.0,6839.0,92.0,82.0,8.925851426675269,62.18020832768706,
4372,842.95404,229.26460925206857,8.299001276583907,195.85618237058708,27.0,0.7918,190.0,38.0,136.0,812.0,25.0,247.0,90.0,263.0,7.3453076206036885,124,7,56,52,269.0,-83.0,75.0,-52.0,149.0,1.0,-120.0,6839.0,92.0,82.0,8.930315468398874,62.18020832768706,
4373,882.9735,290.31486836817265,19.756134295434176,228.1597566379405,28.0,0.7991,199.0,40.0,144.0,845.0,24.0,257.0,94.0,272.0,18.270636098501402,122,6,56,49,264.0,-87.0,74.0,-59.0,140.0,-5.0,-124.0,6707.0,84.0,73.0,8.934779510122477,62.18020832768706,
4374,957.2221,302.82019337812187,25.04669720666738,234.16099368573455,28.0,0.7682,199.0,40.0,144.0,845.0,24.0,257.0,94.0,272.0,21.349363838740945,127,6,55,50,264.0,-87.0,74.0,-59.0,140.0,-5.0,-124.0,6707.0,84.0,73.0,8.93924355184608,62.18020832768706,
4375,803.9454,103.71966003407938,16.79974237143229,127.84513101836613,29.0,0.8002,380.0,56.0,185.0,1229.0,30.0,242.0,156.0,420.0,17.40644255701679,126,4,54,56,200.0,-33.0,58.0,51.0,140.0,29.0,-60.0,5164.0,98.0,1.0,7.318292128608494,62.17812499435392,
4376,738.63477,108.31875351387849,14.408564063516682,136.55907636071436,29.0,0.8216,380.0,56.0,185.0,1229.0,30.0,242.0,156.0,420.0,15.002026968946867,127,6,55,54,200.0,-33.0,58.0,51.0,140.0,29.0,-60.0,5164.0,98.0,1.0,7.322755862751999,62.17812499435392,
4377,686.26154,95.36950278320278,9.295669905244125,148.37821466895954,28.0,0.8017,375.0,56.0,183.0,1216.0,30.0,239.0,154.0,416.0,10.334612396357068,124,12,56,58,201.0,-32.0,58.0,52.0,142.0,30.0,-59.0,5186.0,100.0,2.0,7.327219596895431,62.17812499435392,
4378,646.3965,295.5036314771078,14.037447219251025,200.9163478507687,29.0,0.79925,379.0,57.0,188.0,1234.0,30.0,247.0,155.0,419.0,11.686744142468768,129,13,56,59,200.0,-36.0,58.0,47.0,137.0,26.0,-63.0,5148.0,94.0,-2.0,7.33614706518244,62.17812499435392,
4379,685.56287,312.851687143254,25.45733765912805,222.4513756165008,29.0,0.8149,379.0,57.0,188.0,1234.0,30.0,247.0,155.0,419.0,18.613450696245533,113,5,56,57,200.0,-36.0,58.0,47.0,137.0,26.0,-63.0,5148.0,94.0,-2.0,7.340610799325945,62.17812499435392,
4380,817.2807,50.86027888855492,32.24247028950072,156.90593331145257,28.0,0.7144,310.0,50.0,160.0,1038.0,28.0,223.0,127.0,347.0,19.053505385514967,108,2,57,57,212.0,-42.0,61.0,46.0,141.0,23.0,-71.0,5409.0,95.0,-7.0,7.586116177218249,62.17812499435392,
4381,780.3816,32.933269000588716,28.336063832770396,151.67666075678693,28.0,0.7431,310.0,50.0,160.0,1038.0,28.0,223.0,127.0,347.0,17.721190649453806,106,5,53,57,212.0,-42.0,61.0,46.0,141.0,23.0,-71.0,5409.0,95.0,-7.0,7.590579911361755,62.17812499435392,
4382,769.97,235.01534624934496,37.141835598047344,192.62506670284867,28.0,0.79405,310.0,50.0,161.0,1042.0,28.0,225.0,127.0,347.0,22.16447036252163,107,7,51,56,213.0,-44.0,61.0,45.0,140.0,21.0,-73.0,5439.0,94.0,-9.0,7.59950737964869,62.17812499435392,
4383,796.03033,284.2801831722919,32.32321857285894,198.95242996645862,28.0,0.7853,312.0,51.0,163.0,1049.0,28.0,228.0,127.0,348.0,19.248190461553666,110,1,54,58,213.0,-46.0,61.0,43.0,138.0,19.0,-75.0,5440.0,92.0,-11.0,7.603971113792195,62.17812499435392,
4384,843.69775,334.4781040810287,36.52557720681219,208.56821553359723,28.0,0.7844,328.0,55.0,179.0,1116.0,26.0,249.0,133.0,364.0,22.286088938326124,125,3,53,55,211.0,-54.0,61.0,33.0,128.0,10.0,-83.0,5390.0,83.0,-19.0,7.612898582079204,62.17812499435392,
4385,894.69135,321.3976241401236,43.85392413936531,233.97411510900267,29.0,0.7941,358.0,63.0,205.0,1233.0,24.0,281.0,144.0,394.0,29.007031805259718,124,4,53,56,209.0,-67.0,61.0,17.0,113.0,-4.0,-96.0,5331.0,67.0,-33.0,7.617362316222707,62.17812499435392,
4386,972.4019,154.80444967209695,12.298732984163294,171.133998999758,28.0,0.7888,226.0,40.0,146.0,870.0,24.0,237.0,90.0,265.0,12.108401997124872,118,5,56,56,242.0,-75.0,69.0,-13.0,134.0,-1.0,-108.0,6152.0,82.0,45.0,8.304777374321077,62.17812499435392,
4387,1010.5872,271.8979349542832,12.96287662608541,225.98492234206194,28.0,0.804,247.0,45.0,163.0,948.0,22.0,258.0,98.0,284.0,15.26544775692406,133,5,55,55,239.0,-82.0,68.0,-22.0,124.0,-9.0,-115.0,6063.0,72.0,36.0,8.309241108464581,62.17812499435392,
4388,805.9569,255.43671852691193,3.8850152663460813,190.8294512863401,27.0,0.7408,183.0,36.0,130.0,785.0,25.0,238.0,87.0,255.0,4.138478062829105,108,9,54,49,272.0,-79.0,76.0,-46.0,156.0,7.0,-116.0,6943.0,98.0,88.0,8.92077268612352,62.17812499435392,
4389,816.93756,215.7883737480126,3.545492560812658,183.3307097388322,27.0,0.7888,190.0,38.0,136.0,812.0,25.0,247.0,90.0,263.0,2.7610099601615716,125,7,56,51,269.0,-83.0,75.0,-52.0,149.0,1.0,-120.0,6839.0,92.0,82.0,8.925236420267025,62.17812499435392,
4390,833.4749,247.7439365970755,10.370207701247852,214.2996221636168,27.0,0.7948,190.0,38.0,136.0,812.0,25.0,247.0,90.0,263.0,11.857639983682981,124,5,56,52,269.0,-83.0,75.0,-52.0,149.0,1.0,-120.0,6839.0,92.0,82.0,8.92970015441053,62.17812499435392,
4391,899.6829,269.9347769801447,18.611112333525146,233.4043838163725,28.0,0.7853,199.0,40.0,144.0,845.0,24.0,257.0,94.0,272.0,19.532608648953193,136,6,57,49,264.0,-87.0,74.0,-59.0,140.0,-5.0,-124.0,6707.0,84.0,73.0,8.934163888554034,62.17812499435392,
4392,793.58276,104.62891504258499,16.995227778638387,127.20915752362315,29.0,0.8113,380.0,56.0,185.0,1229.0,30.0,242.0,156.0,420.0,17.79789936244925,122,7,57,54,200.0,-33.0,58.0,51.0,140.0,29.0,-60.0,5164.0,98.0,1.0,7.317787930196678,62.17604166102077,
4393,728.40955,104.72173527206452,13.175544229721197,138.77903593768374,29.0,0.8209,380.0,56.0,185.0,1229.0,30.0,242.0,156.0,420.0,13.911302311243166,125,11,56,56,200.0,-33.0,58.0,51.0,140.0,29.0,-60.0,5164.0,98.0,1.0,7.3222513568083665,62.17604166102077,
4394,654.0882,162.377161388993,7.640809287786197,166.92647755737164,28.0,0.7825,375.0,56.0,183.0,1216.0,30.0,239.0,154.0,416.0,9.099739759024262,116,6,56,57,201.0,-32.0,58.0,52.0,142.0,30.0,-59.0,5186.0,100.0,2.0,7.3311782100316725,62.17604166102077,
4395,667.3791,294.31936850293187,11.566958091704562,210.8803107446803,29.0,0.80645,379.0,57.0,188.0,1234.0,30.0,247.0,155.0,419.0,10.913646150430495,119,5,58,57,200.0,-36.0,58.0,47.0,137.0,26.0,-63.0,5148.0,94.0,-2.0,7.335641636643361,62.17604166102077,
4396,724.8453,297.9214987446562,26.916875941656766,237.22310562483815,29.0,0.7933,379.0,57.0,188.0,1234.0,30.0,247.0,155.0,419.0,22.084237901105915,125,4,53,54,200.0,-36.0,58.0,47.0,137.0,26.0,-63.0,5148.0,94.0,-2.0,7.3401050632550495,62.17604166102077,
4397,991.7663,106.44657628856105,12.887912093330582,143.23458535722926,28.0,0.7692,226.0,40.0,146.0,870.0,24.0,237.0,90.0,265.0,13.087704403015726,115,6,57,58,242.0,-75.0,69.0,-13.0,134.0,-1.0,-108.0,6152.0,82.0,45.0,8.304205211377997,62.17604166102077,
4398,1006.02325,274.0856169102124,12.137423998652885,227.82237639537902,28.0,0.7737,247.0,45.0,163.0,948.0,22.0,258.0,98.0,284.0,15.688643518714748,122,2,55,55,239.0,-82.0,68.0,-22.0,124.0,-9.0,-115.0,6063.0,72.0,36.0,8.308668637989685,62.17604166102077,
4399,1091.5217,270.165355192965,24.694250144714637,249.89239193722182,28.0,0.7252,247.0,45.0,163.0,948.0,22.0,258.0,98.0,284.0,27.24926842527905,121,6,54,57,239.0,-82.0,68.0,-22.0,124.0,-9.0,-115.0,6063.0,72.0,36.0,8.313132064601374,62.17604166102077,
4400,814.7208,254.44725326591433,9.852882492358784,197.31455592765437,27.0,0.7544,183.0,36.0,130.0,785.0,25.0,238.0,87.0,255.0,10.024482154136145,116,8,54,48,272.0,-79.0,76.0,-46.0,156.0,7.0,-116.0,6943.0,98.0,88.0,8.920158083789877,62.17604166102077,
4401,822.09326,159.0875585294978,11.094547085808744,176.11300324153385,27.0,0.7747,183.0,36.0,130.0,785.0,25.0,238.0,87.0,255.0,8.533140582533955,118,7,54,49,272.0,-79.0,76.0,-46.0,156.0,7.0,-116.0,6943.0,98.0,88.0,8.924621510401566,62.17604166102077,
4402,818.6624,207.8188891210786,9.561723659540352,196.98470543938453,27.0,0.79185,190.0,38.0,136.0,812.0,25.0,247.0,90.0,263.0,9.359971049101485,120,6,58,52,269.0,-83.0,75.0,-52.0,149.0,1.0,-120.0,6839.0,92.0,82.0,8.929084937013256,62.17604166102077,
4403,874.7238,252.1105402735544,16.655661849858138,226.23901696632186,28.0,0.8019,199.0,40.0,144.0,845.0,24.0,257.0,94.0,272.0,15.972317647893208,131,5,58,52,264.0,-87.0,74.0,-59.0,140.0,-5.0,-124.0,6707.0,84.0,73.0,8.933548363624944,62.17604166102077,
4404,948.1594,261.5968706840983,23.15749889154481,244.62203351760832,28.0,0.7771,199.0,40.0,144.0,845.0,24.0,257.0,94.0,272.0,25.75750794706605,122,4,56,54,264.0,-87.0,74.0,-59.0,140.0,-5.0,-124.0,6707.0,84.0,73.0,8.938011790236631,62.17604166102077,
4405,855.00024,111.03191575707883,20.86614624760407,122.8700410481008,29.0,0.736,388.0,59.0,193.0,1262.0,29.0,251.0,159.0,429.0,19.99100555594266,126,2,58,53,200.0,-37.0,58.0,46.0,136.0,25.0,-64.0,5139.0,93.0,-3.0,7.312820691799765,62.173958327687615,
4406,782.97406,95.93873901491298,14.888508819973552,129.92167046498676,29.0,0.8059,380.0,57.0,187.0,1233.0,30.0,244.0,156.0,421.0,17.168507104321694,118,8,55,56,200.0,-34.0,58.0,50.0,139.0,28.0,-61.0,5148.0,97.0,0.0,7.3172838109279095,62.173958327687615,
4407,722.6211,95.46842844209347,12.659045292463786,139.13555142079306,29.0,0.8048,380.0,57.0,187.0,1233.0,30.0,244.0,156.0,421.0,13.94120391096755,125,11,54,55,200.0,-34.0,58.0,50.0,139.0,28.0,-61.0,5148.0,97.0,0.0,7.321746930056055,62.173958327687615,
4408,678.49945,88.42905229457614,7.214814874927998,158.13713888413974,29.0,0.7706,386.0,59.0,193.0,1259.0,29.0,254.0,158.0,426.0,7.254737262082669,123,11,56,58,200.0,-39.0,58.0,43.0,134.0,22.0,-66.0,5121.0,91.0,-5.0,7.326210049184129,62.173958327687615,
4409,662.1202,194.39108079745552,7.455775122002417,182.3916987045055,29.0,0.75925,386.0,59.0,193.0,1259.0,29.0,254.0,158.0,426.0,7.031350956532786,122,6,55,53,200.0,-39.0,58.0,43.0,134.0,22.0,-66.0,5121.0,91.0,-5.0,7.330673168312275,62.173958327687615,
4410,683.5767,308.1561606426488,13.924167355104332,207.67445801804482,29.0,0.79,424.0,71.0,232.0,1423.0,26.0,306.0,171.0,465.0,10.901555624274057,119,3,57,53,200.0,-62.0,58.0,17.0,110.0,-2.0,-90.0,5064.0,66.0,-28.0,7.335136287440421,62.173958327687615,
4411,1075.3464,270.85247258626913,23.978971978087735,249.26109479835029,28.0,0.7354,252.0,46.0,167.0,967.0,22.0,263.0,100.0,290.0,27.146970490755507,118,6,55,57,239.0,-84.0,68.0,-25.0,122.0,-11.0,-117.0,6044.0,70.0,34.0,8.312559376502517,62.173958327687615,
4412,799.46277,104.48675632808191,2.3095168212353507,177.58187860151406,27.0,0.7152,181.0,36.0,128.0,776.0,25.0,235.0,86.0,252.0,1.7905452918074738,108,5,57,51,273.0,-77.0,76.0,-1.0,158.0,9.0,-115.0,6969.0,101.0,90.0,8.915080458801027,62.173958327687615,
4413,811.114,223.9023024917479,9.654088436721684,200.78543299131113,27.0,0.7418,182.0,36.0,129.0,782.0,25.0,238.0,87.0,255.0,9.145809176845933,111,9,56,47,273.0,-79.0,76.0,-46.0,157.0,7.0,-116.0,6981.0,100.0,89.0,8.919543577929176,62.173958327687615,
4414,831.3014,153.3789044778818,16.6597007226011,179.03734824790484,27.0,0.7554,182.0,36.0,129.0,782.0,25.0,238.0,87.0,255.0,13.637684039236921,115,6,59,47,273.0,-79.0,76.0,-46.0,157.0,7.0,-116.0,6981.0,100.0,89.0,8.924006697057319,62.173958327687615,
4415,845.2507,260.93990902748675,15.28980259471995,233.57094076001587,27.0,0.8088,189.0,38.0,135.0,810.0,25.0,247.0,90.0,263.0,17.504592895313472,121,4,57,49,269.0,-83.0,75.0,-52.0,149.0,1.0,-120.0,6850.0,92.0,82.0,8.93293293531361,62.173958327687615,
4416,923.1137,263.6199933652211,21.024390188786455,239.79038569471504,28.0,0.8104,202.0,41.0,147.0,858.0,24.0,261.0,95.0,276.0,22.383370674114072,125,6,57,52,264.0,-89.0,74.0,-61.0,138.0,-8.0,-126.0,6693.0,82.0,71.0,8.937396054441756,62.173958327687615,
4417,1024.4172,290.4924611682102,24.010628172999795,238.96717887628344,28.0,0.7679,204.0,42.0,148.0,864.0,24.0,263.0,96.0,277.0,21.55245106194112,123,3,55,53,264.0,-90.0,74.0,-63.0,137.0,-9.0,-127.0,6679.0,80.0,69.0,8.9418591735699,62.173958327687615,
4418,784.7506,98.84015428000511,11.69011958429366,142.85806960868354,29.0,0.8108,380.0,57.0,187.0,1233.0,30.0,244.0,156.0,421.0,12.657236991173628,131,7,56,55,200.0,-34.0,58.0,50.0,139.0,28.0,-61.0,5148.0,97.0,0.0,7.316779770784505,62.171874994354475,
4419,736.05585,102.6898679061908,11.559753014501933,147.6672824872018,29.0,0.8303,380.0,57.0,187.0,1233.0,30.0,244.0,156.0,421.0,12.451804142532424,124,11,54,56,200.0,-34.0,58.0,50.0,139.0,28.0,-61.0,5148.0,97.0,0.0,7.321242582477369,62.171874994354475,
4420,689.16986,70.62024282795045,10.427632204201588,149.1732451230599,29.0,0.778,386.0,59.0,193.0,1259.0,29.0,254.0,158.0,426.0,10.960392270761597,129,7,55,57,200.0,-39.0,58.0,43.0,134.0,22.0,-66.0,5121.0,91.0,-5.0,7.325705394170162,62.171874994354475,
4421,702.5078,290.5438083262016,17.112255532371673,221.1016008757947,29.0,0.7783,424.0,71.0,232.0,1423.0,26.0,306.0,171.0,465.0,14.698392547375985,120,3,55,56,200.0,-62.0,58.0,17.0,110.0,-2.0,-90.0,5064.0,66.0,-28.0,7.334631017555892,62.171874994354475,
4422,1029.2101,85.58910684621127,15.981661588982181,124.05708551361879,28.0,0.7497,227.0,40.0,147.0,877.0,24.0,240.0,91.0,267.0,18.48105219548248,108,5,54,54,243.0,-76.0,69.0,-14.0,133.0,-2.0,-110.0,6136.0,80.0,43.0,8.303061154905697,62.171874994354475,
4423,1006.2369,281.0638791102649,8.257529777214117,199.52251452641264,28.0,0.7588,227.0,40.0,147.0,877.0,24.0,240.0,91.0,267.0,6.9438132451021435,108,4,55,55,243.0,-76.0,69.0,-14.0,133.0,-2.0,-110.0,6136.0,80.0,43.0,8.307523966598561,62.171874994354475,
4424,800.6296,142.64216674157936,2.7223660982648115,179.17891536365514,27.0,0.739,182.0,36.0,129.0,782.0,25.0,238.0,87.0,255.0,2.127306013041884,112,10,57,52,273.0,-79.0,76.0,-46.0,157.0,7.0,-116.0,6981.0,100.0,89.0,8.91892916851985,62.171874994354475,
4425,800.6319,143.44905777235067,5.98619054265003,179.32116953751898,27.0,0.7467,182.0,36.0,129.0,782.0,25.0,238.0,87.0,255.0,2.82113332033377,121,8,55,52,273.0,-79.0,76.0,-46.0,157.0,7.0,-116.0,6981.0,100.0,89.0,8.923391980212715,62.171874994354475,
4426,804.9771,203.11968380449628,6.4892139635189885,192.23220356562211,27.0,0.7611,189.0,38.0,135.0,810.0,25.0,247.0,90.0,263.0,5.6350242399821395,123,4,57,48,269.0,-83.0,75.0,-52.0,149.0,1.0,-120.0,6850.0,92.0,82.0,8.92785479190558,62.171874994354475,
4427,837.4265,273.8181088661267,12.543454525652027,220.18905791895585,27.0,0.8005,189.0,38.0,135.0,810.0,25.0,247.0,90.0,263.0,14.013774523255837,122,4,56,49,269.0,-83.0,75.0,-52.0,149.0,1.0,-120.0,6850.0,92.0,82.0,8.932317603598444,62.171874994354475,
4428,906.3009,271.60148960496326,20.920068956093203,238.39325493792333,28.0,0.8072,202.0,41.0,147.0,858.0,24.0,261.0,95.0,276.0,22.168623729609063,119,5,58,51,264.0,-89.0,74.0,-61.0,138.0,-8.0,-126.0,6693.0,82.0,71.0,8.936780415291306,62.171874994354475,
4429,781.3918,81.08657575085905,13.55909263933616,144.28872787519558,29.0,0.83485,388.0,59.0,193.0,1262.0,29.0,251.0,159.0,429.0,13.3903980969014,139,7,54,55,200.0,-37.0,58.0,46.0,136.0,25.0,-64.0,5139.0,93.0,-3.0,7.31627580974878,62.169791661021335,
4430,742.9902,56.31308990082001,13.220494450521862,160.61676865835474,29.0,0.8368,380.0,57.0,187.0,1233.0,30.0,244.0,156.0,421.0,11.345329430625716,140,10,57,54,200.0,-34.0,58.0,50.0,139.0,28.0,-61.0,5148.0,97.0,0.0,7.320738314054615,62.169791661021335,
4431,713.61774,59.05370163121762,12.619595246183051,152.0231025475556,29.0,0.81905,386.0,59.0,193.0,1259.0,29.0,254.0,158.0,426.0,12.357940760300803,133,7,54,56,200.0,-39.0,58.0,43.0,134.0,22.0,-66.0,5121.0,91.0,-5.0,7.3252008183603765,62.169791661021335,
4432,688.1427,144.66460646413017,9.358296797245423,176.4390336633967,29.0,0.78775,386.0,59.0,193.0,1259.0,29.0,254.0,158.0,426.0,7.804409268501877,128,5,56,57,200.0,-39.0,58.0,43.0,134.0,22.0,-66.0,5121.0,91.0,-5.0,7.329663322666212,62.169791661021335,
4433,720.71027,294.60113711038963,19.93921643587191,229.83206984964656,29.0,0.7802,424.0,71.0,232.0,1423.0,26.0,306.0,171.0,465.0,19.260492326909986,124,5,55,53,200.0,-62.0,58.0,17.0,110.0,-2.0,-90.0,5064.0,66.0,-28.0,7.334125826972047,62.169791661021335,
4434,1018.0192,258.1492534148516,9.506960590157362,197.18116333669838,28.0,0.7883,227.0,40.0,147.0,877.0,24.0,240.0,91.0,267.0,8.409865912631817,108,5,54,57,243.0,-76.0,69.0,-14.0,133.0,-2.0,-110.0,6136.0,80.0,43.0,8.306951765642173,62.169791661021335,
4435,1062.3182,276.2475623612268,17.108979324314916,230.4690578248648,28.0,0.76965,252.0,46.0,167.0,967.0,22.0,263.0,100.0,290.0,18.33075456374702,118,4,53,54,239.0,-84.0,68.0,-25.0,122.0,-11.0,-117.0,6044.0,70.0,34.0,8.311414269948006,62.169791661021335,
4436,807.7948,139.65963549156464,2.514059772476751,175.9157884231294,27.0,0.7415,181.0,36.0,128.0,776.0,25.0,235.0,86.0,252.0,2.6489618113048614,124,2,59,55,273.0,-77.0,76.0,-1.0,158.0,9.0,-115.0,6969.0,101.0,90.0,8.913852351234516,62.169791661021335,
4437,800.97296,88.76638634997347,1.450774084732288,175.86838858128058,27.0,0.7205,182.0,36.0,129.0,782.0,25.0,238.0,87.0,255.0,1.6264398506875162,122,6,58,53,273.0,-79.0,76.0,-46.0,157.0,7.0,-116.0,6981.0,100.0,89.0,8.91831485554035,62.169791661021335,
4438,798.34814,62.93247087915239,0.6118444040249412,179.66800769340057,27.0,0.6825,182.0,36.0,129.0,782.0,25.0,238.0,87.0,255.0,0.3330801558044829,123,7,57,54,273.0,-79.0,76.0,-46.0,157.0,7.0,-116.0,6981.0,100.0,89.0,8.922777359846187,62.169791661021335,
4439,802.63214,221.75765203712382,4.0862920842851285,193.166938624118,27.0,0.7451,189.0,38.0,135.0,810.0,25.0,247.0,90.0,263.0,4.567227958858269,124,3,57,51,269.0,-83.0,75.0,-52.0,149.0,1.0,-120.0,6850.0,92.0,82.0,8.92723986415202,62.169791661021335,
4440,834.9097,263.48621346329963,11.284785808243715,215.8852890405967,27.0,0.7993,189.0,38.0,135.0,810.0,25.0,247.0,90.0,263.0,11.96001663282254,124,4,56,51,269.0,-83.0,75.0,-52.0,149.0,1.0,-120.0,6850.0,92.0,82.0,8.931702368457854,62.169791661021335,
4441,901.9607,282.65801403805995,21.880870030174897,239.2601706740171,28.0,0.8076,202.0,41.0,147.0,858.0,24.0,261.0,95.0,276.0,21.76784112085051,125,5,54,49,264.0,-89.0,74.0,-61.0,138.0,-8.0,-126.0,6693.0,82.0,71.0,8.936164872763689,62.169791661021335,
4442,1058.596,272.4005570885882,33.33899822007697,250.07266140853994,28.0,0.68385,202.0,41.0,147.0,858.0,24.0,261.0,95.0,276.0,34.10020195006688,122,4,57,54,264.0,-89.0,74.0,-61.0,138.0,-8.0,-126.0,6693.0,82.0,71.0,8.940627377069521,62.169791661021335,
4443,782.07794,84.45143261511791,17.401915769434034,146.31661105131357,29.0,0.8318,380.0,57.0,187.0,1233.0,30.0,244.0,156.0,421.0,15.634766279303669,134,4,55,53,200.0,-34.0,58.0,50.0,139.0,28.0,-61.0,5148.0,97.0,0.0,7.320234124770095,62.16770832768818,
4444,736.40015,74.46459731602798,11.678325126728222,149.7832658190945,29.0,0.82335,380.0,57.0,187.0,1233.0,30.0,244.0,156.0,421.0,10.55160914376719,143,5,55,55,200.0,-34.0,58.0,50.0,139.0,28.0,-61.0,5148.0,97.0,0.0,7.3246963217370675,62.16770832768818,
4445,703.70056,127.48829207197912,7.883551754500737,168.11070830737535,29.0,0.8142,386.0,59.0,193.0,1259.0,29.0,254.0,158.0,426.0,7.738738972201001,130,7,56,58,200.0,-39.0,58.0,43.0,134.0,22.0,-66.0,5121.0,91.0,-5.0,7.329158518704114,62.16770832768818,
4446,730.88153,274.2733797861072,15.843593952001086,232.97179118302944,29.0,0.7918,424.0,71.0,232.0,1423.0,26.0,306.0,171.0,465.0,17.74570174575345,130,5,56,54,200.0,-62.0,58.0,17.0,110.0,-2.0,-90.0,5064.0,66.0,-28.0,7.333620715671159,62.16770832768818,
4447,858.1136,255.05936170349239,43.27511921718653,254.29776826361058,29.0,0.7679,424.0,71.0,232.0,1423.0,26.0,306.0,171.0,465.0,37.80112441523837,130,5,56,55,200.0,-62.0,58.0,17.0,110.0,-2.0,-90.0,5064.0,66.0,-28.0,7.338082912638202,62.16770832768818,
4448,1064.9763,285.77395979752265,14.025163485772099,222.7876357301145,28.0,0.7866,252.0,46.0,167.0,967.0,22.0,263.0,100.0,290.0,14.629373455416705,122,10,53,53,239.0,-84.0,68.0,-25.0,122.0,-11.0,-117.0,6044.0,70.0,34.0,8.310841851452174,62.16770832768818,
4449,1159.3159,273.0433023839592,23.648338874253213,254.68526074322418,28.0,0.71865,252.0,46.0,167.0,967.0,22.0,263.0,100.0,290.0,27.43383053278703,111,2,54,57,239.0,-84.0,68.0,-25.0,122.0,-11.0,-117.0,6044.0,70.0,34.0,8.31530404841922,62.16770832768818,
4450,840.8202,296.91781875088367,17.395526613716278,223.5843649207274,27.0,0.8146,189.0,38.0,135.0,810.0,25.0,247.0,90.0,263.0,15.977634963956625,126,2,57,53,269.0,-83.0,75.0,-52.0,149.0,1.0,-120.0,6850.0,92.0,82.0,8.931087229870256,62.16770832768818,
4451,917.74054,283.5997915519336,20.394463026183953,236.39826781924904,28.0,0.7975,202.0,41.0,147.0,858.0,24.0,261.0,95.0,276.0,21.526278292399834,127,4,56,52,264.0,-89.0,74.0,-61.0,138.0,-8.0,-126.0,6693.0,82.0,71.0,8.9355494268373,62.16770832768818,
4452,820.62854,106.26781491518028,21.420786508742008,153.19739791696085,29.0,0.8126,387.0,59.0,194.0,1265.0,29.0,255.0,158.0,428.0,17.787403940187108,120,5,57,56,200.0,-39.0,58.0,43.0,134.0,22.0,-66.0,5121.0,91.0,-5.0,7.319730014606133,62.16562499435503,
4453,768.4878,47.55627435713204,21.98677583774281,138.56588318029674,29.0,0.83275,387.0,59.0,194.0,1265.0,29.0,255.0,158.0,428.0,18.328907648279113,129,4,56,57,200.0,-39.0,58.0,43.0,134.0,22.0,-66.0,5121.0,91.0,-5.0,7.3241919042825465,62.16562499435503,
4454,724.294,48.07478764517957,14.08862370337787,156.8761639145244,28.0,0.8212,383.0,58.0,191.0,1252.0,29.0,252.0,157.0,425.0,10.836493669215141,132,4,57,56,201.0,-38.0,58.0,45.0,136.0,24.0,-65.0,5138.0,92.0,-4.0,7.328653793959032,62.16562499435503,
4455,725.0133,253.26819740409152,11.573281635931519,215.80599805049445,28.0,0.81185,383.0,58.0,191.0,1252.0,29.0,252.0,157.0,425.0,12.927237321791463,133,4,56,58,201.0,-38.0,58.0,45.0,136.0,24.0,-65.0,5138.0,92.0,-4.0,7.3331156836355165,62.16562499435503,
4456,801.168,246.57460310425702,25.651107399707822,241.12614822444928,28.0,0.8087,395.0,62.0,204.0,1302.0,28.0,268.0,161.0,436.0,22.244088191382613,127,0,56,54,201.0,-46.0,58.0,35.0,127.0,15.0,-74.0,5119.0,83.0,-12.0,7.337577573312001,62.16562499435503,
4457,917.3577,240.47185004686216,48.03617736252225,254.31290704386285,28.0,0.7798,430.0,74.0,240.0,1449.0,25.0,315.0,173.0,469.0,35.79731244653047,139,5,55,54,200.0,-66.0,57.0,13.0,106.0,-6.0,-94.0,5075.0,62.0,-32.0,7.342039462988486,62.16562499435503,
4458,969.62646,216.18653068644636,29.277303682094733,212.68195892440048,28.0,0.71875,216.0,40.0,146.0,862.0,23.0,245.0,90.0,266.0,25.295711544697216,135,5,56,53,250.0,-82.0,71.0,-17.0,134.0,-5.0,-116.0,6338.0,80.0,71.0,8.497668889195856,62.16562499435503,
4459,798.7365,111.41610467537596,1.1024788065668998,178.4189418379032,27.0,0.7327,181.0,36.0,129.0,776.0,25.0,235.0,86.0,252.0,0.8546406565410064,129,4,58,55,274.0,-78.0,76.0,-45.0,158.0,8.0,-116.0,6991.0,100.0,89.0,8.92154840846111,62.16562499435503,
4460,801.9614,234.3327269392886,3.72372427648682,191.5078736978136,28.0,0.75995,185.0,37.0,132.0,792.0,25.0,241.0,88.0,257.0,4.0090048730098555,125,4,54,53,271.0,-81.0,76.0,-49.0,153.0,4.0,-118.0,6927.0,96.0,85.0,8.926010298137593,62.16562499435503,
4461,849.8006,261.79276263473866,19.617153370790295,235.4630789565847,28.0,0.78465,185.0,37.0,132.0,792.0,25.0,241.0,88.0,257.0,20.286140512170768,129,1,57,51,271.0,-81.0,76.0,-49.0,153.0,4.0,-118.0,6927.0,96.0,85.0,8.930472187814077,62.16562499435503,
4462,922.4974,226.18153582242084,17.25182135170746,207.16655627296475,28.0,0.78825,196.0,40.0,142.0,836.0,24.0,255.0,93.0,270.0,13.936452001066439,119,2,57,53,267.0,-87.0,75.0,-58.0,143.0,-4.0,-124.0,6763.0,86.0,75.0,8.934934077490563,62.16562499435503,
4463,823.79846,45.57782036061246,41.06950429717377,135.14697596108653,29.0,0.8064,387.0,59.0,194.0,1265.0,29.0,255.0,158.0,428.0,22.239110239726045,135,2,56,53,200.0,-39.0,58.0,43.0,134.0,22.0,-66.0,5121.0,91.0,-5.0,7.323687565979128,62.16354166102189,
4464,767.9503,45.65361482745058,27.882400141893083,140.4213103126243,28.0,0.81205,383.0,58.0,191.0,1252.0,29.0,252.0,157.0,425.0,18.504537162111152,129,5,54,55,201.0,-38.0,58.0,45.0,136.0,24.0,-65.0,5138.0,92.0,-4.0,7.328149148413273,62.16354166102189,
4465,730.4511,115.21780418835311,13.590281743285324,176.23738902922236,28.0,0.8232,383.0,58.0,191.0,1252.0,29.0,252.0,157.0,425.0,11.697961076624093,131,4,56,57,201.0,-38.0,58.0,45.0,136.0,24.0,-65.0,5138.0,92.0,-4.0,7.332610730847414,62.16354166102189,
4466,762.7373,243.76399135015544,16.19315746058397,221.27191395501904,28.0,0.8297,395.0,62.0,204.0,1302.0,28.0,268.0,161.0,436.0,14.72410667592505,130,6,58,58,201.0,-46.0,58.0,35.0,127.0,15.0,-74.0,5119.0,83.0,-12.0,7.337072313281559,62.16354166102189,
4467,836.3935,243.1809711484884,30.402958747628677,246.45139278223132,28.0,0.8129,395.0,62.0,204.0,1302.0,28.0,268.0,161.0,436.0,24.790023418652577,120,5,55,57,201.0,-46.0,58.0,35.0,127.0,15.0,-74.0,5119.0,83.0,-12.0,7.341533895715701,62.16354166102189,
4468,964.6395,246.39039362554632,44.73681740269466,254.90944314648198,28.0,0.76665,430.0,74.0,240.0,1449.0,25.0,315.0,173.0,469.0,36.64227430321041,134,2,55,53,200.0,-66.0,57.0,13.0,106.0,-6.0,-94.0,5075.0,62.0,-32.0,7.3459954781498435,62.16354166102189,
4469,999.9132,212.42590797091307,27.968013630188143,210.48374754411338,28.0,0.68975,216.0,40.0,146.0,862.0,23.0,245.0,90.0,266.0,25.204230288735058,124,6,57,55,250.0,-82.0,71.0,-17.0,134.0,-5.0,-116.0,6338.0,80.0,71.0,8.497083746156651,62.16354166102189,
4470,798.11774,182.37915501504787,1.9077918457647796,181.29632629944055,28.0,0.74455,185.0,37.0,132.0,792.0,25.0,241.0,88.0,257.0,0.8887911946391192,129,3,58,54,271.0,-81.0,76.0,-49.0,153.0,4.0,-118.0,6927.0,96.0,85.0,8.925395659833613,62.16354166102189,
4471,809.9054,225.83474019451214,14.522544597866895,200.88444359720106,28.0,0.7754,185.0,37.0,132.0,792.0,25.0,241.0,88.0,257.0,10.638918879038302,120,3,57,53,271.0,-81.0,76.0,-49.0,153.0,4.0,-118.0,6927.0,96.0,85.0,8.929857242267758,62.16354166102189,
4472,863.2182,211.61150521196038,32.970909717140465,214.99843893637063,28.0,0.7957,196.0,40.0,142.0,836.0,24.0,255.0,93.0,270.0,22.61625314543305,114,4,56,54,267.0,-87.0,75.0,-58.0,143.0,-4.0,-124.0,6763.0,86.0,75.0,8.9343188247019,62.16354166102189,
4473,927.12256,239.28619931474702,33.00321828724189,242.99219643279005,28.0,0.7795,196.0,40.0,142.0,836.0,24.0,255.0,93.0,270.0,28.44727359347757,124,3,56,53,267.0,-87.0,75.0,-58.0,143.0,-4.0,-124.0,6763.0,86.0,75.0,8.938780407136043,62.16354166102189,
4474,864.04755,44.41333984930412,57.64308596852871,109.80527374295227,28.0,0.8167,383.0,58.0,191.0,1252.0,29.0,252.0,157.0,425.0,34.91110237485884,116,9,58,53,201.0,-38.0,58.0,45.0,136.0,24.0,-65.0,5138.0,92.0,-4.0,7.3276445820491345,62.16145832768875,
4475,768.8921,54.07742546489573,26.42870969529901,130.23477268838195,28.0,0.81855,383.0,58.0,191.0,1252.0,29.0,252.0,157.0,425.0,20.053367377260006,134,2,56,56,201.0,-38.0,58.0,45.0,136.0,24.0,-65.0,5138.0,92.0,-4.0,7.332105857289145,62.16145832768875,
4476,741.31647,206.48293084927298,9.61586439490821,194.81821011100865,28.0,0.8466,395.0,62.0,204.0,1302.0,28.0,268.0,161.0,436.0,8.337479750865093,127,6,59,58,201.0,-46.0,58.0,35.0,127.0,15.0,-74.0,5119.0,83.0,-12.0,7.336567132529154,62.16145832768875,
4477,787.7856,245.68282702174895,20.52876411828486,232.12958859002788,28.0,0.834,395.0,62.0,204.0,1302.0,28.0,268.0,161.0,436.0,18.38589573328152,130,5,57,55,201.0,-46.0,58.0,35.0,127.0,15.0,-74.0,5119.0,83.0,-12.0,7.341028407769164,62.16145832768875,
4478,887.99786,248.17125746936262,35.34947921785656,252.55036228777627,28.0,0.79755,430.0,74.0,240.0,1449.0,25.0,315.0,173.0,469.0,31.058344525549412,132,6,57,52,200.0,-66.0,57.0,13.0,106.0,-6.0,-94.0,5075.0,62.0,-32.0,7.345489683009175,62.16145832768875,
4479,798.29785,105.30523713130465,4.6587311324253795,177.9519825298944,28.0,0.7375,185.0,37.0,132.0,792.0,25.0,241.0,88.0,257.0,2.4979441162101717,124,2,59,54,271.0,-81.0,76.0,-49.0,153.0,4.0,-118.0,6927.0,96.0,85.0,8.92924239320973,62.16145832768875,
4480,807.3022,206.78034176440673,12.291481126098478,195.43710117025387,28.0,0.78225,196.0,40.0,142.0,836.0,24.0,255.0,93.0,270.0,7.387666426988735,112,3,57,55,267.0,-87.0,75.0,-58.0,143.0,-4.0,-124.0,6763.0,86.0,75.0,8.93370366844974,62.16145832768875,
4481,856.4286,233.41430359454642,29.902976938519032,236.74598637787008,28.0,0.7825,196.0,40.0,142.0,836.0,24.0,255.0,93.0,270.0,24.446570751256054,126,5,58,53,267.0,-87.0,75.0,-58.0,143.0,-4.0,-124.0,6763.0,86.0,75.0,8.938164943689749,62.16145832768875,
4482,967.9969,232.27643607305984,43.651158452272874,247.93777015736,28.0,0.7386,196.0,40.0,142.0,840.0,24.0,256.0,93.0,271.0,32.04395424207571,104,4,56,58,266.0,-87.0,75.0,-59.0,142.0,-5.0,-124.0,6748.0,85.0,75.0,8.94262621892976,62.16145832768875,
4483,761.9651,256.329443275327,48.48869537338779,253.04986104570597,28.0,0.82395,437.0,68.0,225.0,1434.0,28.0,290.0,178.0,482.0,40.17236024568088,127,26,49,53,194.0,-45.0,56.0,33.0,122.0,14.0,-72.0,4980.0,81.0,-12.0,7.188850083932934,62.159374994355595,
4484,839.69434,62.54356979975983,46.14154810479415,93.1899779250848,28.0,0.81435,383.0,58.0,191.0,1252.0,29.0,252.0,157.0,425.0,33.5608242695322,129,2,54,54,201.0,-38.0,58.0,45.0,136.0,24.0,-65.0,5138.0,92.0,-4.0,7.331601062943002,62.159374994355595,
4485,747.11163,113.21505212965619,15.213250913765883,151.72146349428562,28.0,0.8295,395.0,62.0,204.0,1302.0,28.0,268.0,161.0,436.0,11.689112656474004,140,5,56,54,201.0,-46.0,58.0,35.0,127.0,15.0,-74.0,5119.0,83.0,-12.0,7.336062031037076,62.159374994355595,
4486,754.5229,246.75378286418507,12.545227749492996,210.8739047694102,28.0,0.834,395.0,62.0,204.0,1302.0,28.0,268.0,161.0,436.0,11.096756256145714,129,5,57,56,201.0,-46.0,58.0,35.0,127.0,15.0,-74.0,5119.0,83.0,-12.0,7.340522999131151,62.159374994355595,
4487,825.26263,240.32182272669368,29.848291103591823,245.56307655902665,28.0,0.8363,430.0,74.0,240.0,1449.0,25.0,315.0,173.0,469.0,25.66017337679879,129,6,56,56,200.0,-66.0,57.0,13.0,106.0,-6.0,-94.0,5075.0,62.0,-32.0,7.3449839672252235,62.159374994355595,
4488,813.45557,31.906474702516704,10.18752505606334,168.32257209262542,28.0,0.75615,185.0,37.0,132.0,792.0,25.0,241.0,88.0,257.0,7.472421607654498,128,2,55,58,271.0,-81.0,76.0,-49.0,153.0,4.0,-118.0,6927.0,96.0,85.0,8.928627640618434,62.159374994355595,
4489,800.0897,103.14191810215745,6.471777720153649,173.65117372409728,28.0,0.7488,185.0,37.0,132.0,792.0,25.0,241.0,88.0,257.0,5.509388812546742,126,3,58,54,271.0,-81.0,76.0,-49.0,153.0,4.0,-118.0,6927.0,96.0,85.0,8.933088608712508,62.159374994355595,
4490,810.0915,221.3746349042011,14.617617552898123,211.59885052298992,28.0,0.77675,196.0,40.0,142.0,836.0,24.0,255.0,93.0,270.0,12.65523961208395,117,3,56,53,267.0,-87.0,75.0,-58.0,143.0,-4.0,-124.0,6763.0,86.0,75.0,8.937549576806582,62.159374994355595,
4491,886.00684,237.21244980176388,29.102670833882108,238.852967913159,28.0,0.7945,196.0,40.0,142.0,840.0,24.0,256.0,93.0,271.0,23.227926330440404,110,3,58,56,266.0,-87.0,75.0,-59.0,142.0,-5.0,-124.0,6748.0,85.0,75.0,8.942010544900656,62.159374994355595,
4492,947.4092,208.71633372258714,38.77049985444424,215.31025914767667,28.0,0.759,196.0,40.0,142.0,840.0,24.0,256.0,93.0,271.0,23.798606261409947,94,4,53,55,266.0,-87.0,75.0,-59.0,142.0,-5.0,-124.0,6748.0,85.0,75.0,8.94647151299473,62.159374994355595,
4493,1003.3454,201.1532834667753,28.69055224737399,198.13237768838482,28.0,0.6713,196.0,40.0,142.0,841.0,24.0,257.0,94.0,272.0,21.07656152340225,113,4,49,56,266.0,-88.0,75.0,-59.0,141.0,-6.0,-125.0,6758.0,84.0,74.0,8.955393449182804,62.159374994355595,
4494,747.2486,214.0081915274414,7.882045475716815,181.60585566194274,28.0,0.82615,382.0,59.0,192.0,1249.0,29.0,253.0,156.0,422.0,5.205628770211493,124,4,55,54,202.0,-39.0,58.0,44.0,135.0,23.0,-67.0,5173.0,91.0,-6.0,7.340017669783948,62.15729166102244,
4495,771.66833,255.1437644681745,16.664837286084488,219.30421705440895,28.0,0.83945,396.0,64.0,208.0,1311.0,27.0,274.0,161.0,436.0,14.00497993021875,130,11,54,54,201.0,-49.0,58.0,32.0,124.0,12.0,-77.0,5122.0,81.0,-16.0,7.344478330780272,62.15729166102244,
4496,857.20984,238.86078719824994,32.978251051534826,248.87820633730115,28.0,0.82865,396.0,64.0,208.0,1311.0,27.0,274.0,161.0,436.0,27.386362417006243,125,6,56,52,201.0,-49.0,58.0,32.0,124.0,12.0,-77.0,5122.0,81.0,-16.0,7.3489389917765955,62.15729166102244,
4497,809.33185,98.47059637703539,5.632032521908664,159.94877217412835,27.0,0.7556,179.0,35.0,126.0,770.0,26.0,235.0,86.0,252.0,6.906495575166748,129,3,59,57,275.0,-79.0,76.0,-45.0,159.0,8.0,-116.0,7022.0,101.0,90.0,8.932473645468653,62.15729166102244,
4498,794.1061,176.02518460838104,4.74035388343206,183.68561803684975,27.0,0.7572,179.0,36.0,128.0,777.0,26.0,238.0,87.0,254.0,3.2505372008078073,125,1,55,55,274.0,-80.0,76.0,-46.0,157.0,7.0,-117.0,7022.0,100.0,89.0,8.936934306464975,62.15729166102244,
4499,829.3787,241.29383238023678,19.615291569340936,225.69693238641554,27.0,0.7895,179.0,36.0,128.0,777.0,26.0,238.0,87.0,254.0,17.087833146626263,118,1,56,53,274.0,-80.0,76.0,-46.0,157.0,7.0,-117.0,7022.0,100.0,89.0,8.9413949674613,62.15729166102244,
4500,882.77985,231.35176973075804,18.80808813934299,207.4807315780012,27.0,0.7895,182.0,37.0,131.0,788.0,25.0,241.0,88.0,257.0,11.745078897792377,104,0,57,56,272.0,-82.0,76.0,-49.0,153.0,4.0,-119.0,6926.0,96.0,85.0,8.945855628457625,62.15729166102244,
4501,912.13403,210.07685324680205,22.39071735232409,198.75973529656738,28.0,0.78455,185.0,37.0,133.0,801.0,25.0,246.0,90.0,262.0,13.373327171562856,113,1,50,55,270.0,-83.0,76.0,-52.0,150.0,2.0,-120.0,6881.0,93.0,82.0,8.950316289453877,62.15729166102244,
4502,939.66174,220.99332035175766,20.834242928267457,206.68358635641192,28.0,0.77705,185.0,37.0,133.0,801.0,25.0,246.0,90.0,262.0,14.189052556866924,122,2,52,54,270.0,-83.0,76.0,-52.0,150.0,2.0,-120.0,6881.0,93.0,82.0,8.9547769504502,62.15729166102244,
4503,974.5351,209.6631305219456,26.641112082976495,206.9305957419649,27.0,0.76795,188.0,38.0,135.0,809.0,25.0,248.0,91.0,263.0,17.51932168471871,119,2,53,55,269.0,-85.0,75.0,-54.0,148.0,0.0,-121.0,6866.0,91.0,80.0,8.959237611446524,62.15729166102244,
4504,764.64594,284.97289082495956,6.785433848048201,196.58873563980168,28.0,0.83685,396.0,64.0,208.0,1311.0,27.0,274.0,161.0,436.0,5.8038994734636535,133,11,54,53,201.0,-49.0,58.0,32.0,124.0,12.0,-77.0,5122.0,81.0,-16.0,7.343972773656597,62.1552083276893,
4505,804.39374,260.47260274006936,17.986985792523264,228.4653575543863,28.0,0.82895,396.0,64.0,208.0,1311.0,27.0,274.0,161.0,436.0,17.38121207639391,119,4,55,53,201.0,-49.0,58.0,32.0,124.0,12.0,-77.0,5122.0,81.0,-16.0,7.348433127603348,62.1552083276893,
4506,905.516,253.81541612004423,31.702178896379767,250.22100913493202,29.0,0.73785,419.0,71.0,230.0,1407.0,26.0,303.0,169.0,459.0,28.492187330881574,135,3,56,54,200.0,-62.0,58.0,18.0,110.0,-2.0,-90.0,5112.0,67.0,-28.0,7.352893481550098,62.1552083276893,
4507,984.42505,68.0815500744534,17.452991661999487,140.60109201274867,27.0,0.7516,183.0,36.0,130.0,788.0,25.0,241.0,88.0,257.0,15.22783675912526,109,5,57,53,271.0,-81.0,75.0,-49.0,153.0,5.0,-118.0,6937.0,96.0,86.0,8.900636301069444,62.1552083276893,
4508,815.77716,83.15332888530152,4.451435907197354,167.97517613392756,27.0,0.76275,179.0,35.0,126.0,770.0,26.0,235.0,86.0,252.0,4.982559267048979,131,3,57,56,275.0,-79.0,76.0,-45.0,159.0,8.0,-116.0,7022.0,101.0,90.0,8.931858778696622,62.1552083276893,
4509,796.7697,96.15969259055285,3.6302237688184973,168.73350494926194,27.0,0.7505,179.0,36.0,128.0,777.0,26.0,238.0,87.0,254.0,4.332068667079727,131,3,58,55,274.0,-80.0,76.0,-46.0,157.0,7.0,-117.0,7022.0,100.0,89.0,8.936319132643371,62.1552083276893,
4510,801.8242,270.1032175179516,9.184454890004716,202.61285474469003,27.0,0.7623,179.0,36.0,128.0,777.0,26.0,238.0,87.0,254.0,8.669903976576851,128,4,56,56,274.0,-80.0,76.0,-46.0,157.0,7.0,-117.0,7022.0,100.0,89.0,8.940779486590122,62.1552083276893,
4511,841.1627,217.70156817149666,18.23023232409333,203.1514314222421,27.0,0.776,182.0,37.0,131.0,788.0,25.0,241.0,88.0,257.0,15.798447982317057,111,4,56,59,272.0,-82.0,76.0,-49.0,153.0,4.0,-119.0,6926.0,96.0,85.0,8.945239840536873,62.1552083276893,
4512,875.837,230.75223574831634,15.311596363001305,208.43784838205104,27.0,0.77805,182.0,37.0,131.0,788.0,25.0,241.0,88.0,257.0,11.968212242964361,109,2,57,57,272.0,-82.0,76.0,-49.0,153.0,4.0,-119.0,6926.0,96.0,85.0,8.949700194483551,62.1552083276893,
4513,906.8472,224.51644981944773,13.864551090938141,201.57812474970987,28.0,0.7898,185.0,37.0,133.0,801.0,25.0,246.0,90.0,262.0,9.946039377892085,124,0,55,56,270.0,-83.0,76.0,-52.0,150.0,2.0,-120.0,6881.0,93.0,82.0,8.9541605484303,62.1552083276893,
4514,930.14825,216.63597328400985,13.774311024117871,195.3001084962028,27.0,0.79345,188.0,38.0,135.0,809.0,25.0,248.0,91.0,263.0,7.99008475760771,106,1,54,58,269.0,-85.0,75.0,-54.0,148.0,0.0,-121.0,6866.0,91.0,80.0,8.95862090237705,62.1552083276893,
4515,948.58203,208.31551834863066,20.946144556619593,196.47406614938416,27.0,0.78565,188.0,38.0,135.0,809.0,25.0,248.0,91.0,263.0,10.779925222124541,115,3,52,56,269.0,-85.0,75.0,-54.0,148.0,0.0,-121.0,6866.0,91.0,80.0,8.963081256323798,62.1552083276893,
4516,968.82556,203.76816131785588,23.16803585684752,198.78598481770908,28.0,0.7608,193.0,39.0,139.0,830.0,25.0,255.0,93.0,270.0,15.604464114389781,113,2,51,57,267.0,-88.0,75.0,-58.0,143.0,-4.0,-124.0,6795.0,86.0,76.0,8.96754161027055,62.1552083276893,
4517,999.3267,197.43430757837928,22.164711705416607,197.22041664318132,28.0,0.7493,193.0,39.0,139.0,830.0,25.0,255.0,93.0,270.0,12.58236650354834,118,4,51,57,267.0,-88.0,75.0,-58.0,143.0,-4.0,-124.0,6795.0,86.0,76.0,8.9720019642173,62.1552083276893,
4518,806.0779,61.13563351395199,26.495936233463006,117.18813059879443,28.0,0.8283,382.0,59.0,192.0,1249.0,29.0,253.0,156.0,422.0,24.189798423482276,124,6,54,55,202.0,-39.0,58.0,44.0,135.0,23.0,-67.0,5173.0,91.0,-6.0,7.339007248891145,62.15312499435616,
4519,799.8873,83.0924585748533,3.53941560081309,168.90284646535227,27.0,0.7453,179.0,36.0,128.0,777.0,26.0,238.0,87.0,254.0,3.7424646899852254,131,4,59,51,274.0,-80.0,76.0,-46.0,157.0,7.0,-117.0,7022.0,100.0,89.0,8.93570405532021,62.15312499435616,
4520,797.8471,213.99011165104235,3.3106481282701887,188.91013286637877,27.0,0.7358,179.0,36.0,128.0,777.0,26.0,238.0,87.0,254.0,3.4280441069078336,134,6,58,55,274.0,-80.0,76.0,-46.0,157.0,7.0,-117.0,7022.0,100.0,89.0,8.940164102265552,62.15312499435616,
4521,817.03784,260.72789347401806,7.779946292297371,197.43670496274098,27.0,0.76315,182.0,37.0,131.0,788.0,25.0,241.0,88.0,257.0,6.577845359504002,126,6,56,53,272.0,-82.0,76.0,-49.0,153.0,4.0,-119.0,6926.0,96.0,85.0,8.944624149210892,62.15312499435616,
4522,842.30884,238.21858065360587,12.313714893483011,201.1272253943472,27.0,0.7658,182.0,37.0,131.0,788.0,25.0,241.0,88.0,257.0,8.769571152791181,117,3,54,60,272.0,-82.0,76.0,-49.0,153.0,4.0,-119.0,6926.0,96.0,85.0,8.94908419615616,62.15312499435616,
4523,869.33563,217.21761064431527,15.208586665013401,200.13121699220991,28.0,0.787,185.0,37.0,133.0,801.0,25.0,246.0,90.0,262.0,10.419270740912497,112,4,56,59,270.0,-83.0,76.0,-52.0,150.0,2.0,-120.0,6881.0,93.0,82.0,8.9535442431015,62.15312499435616,
4524,894.2655,212.39128738194634,17.05520954632171,200.2433855647864,28.0,0.7957,185.0,37.0,133.0,801.0,25.0,246.0,90.0,262.0,11.75455625279147,111,1,57,58,270.0,-83.0,76.0,-52.0,150.0,2.0,-120.0,6881.0,93.0,82.0,8.958004290046842,62.15312499435616,
4525,916.5827,202.00422767297303,15.546247410347089,191.6270507813143,27.0,0.7944,188.0,38.0,135.0,809.0,25.0,248.0,91.0,263.0,9.45748962081468,115,1,55,58,269.0,-85.0,75.0,-54.0,148.0,0.0,-121.0,6866.0,91.0,80.0,8.962464336992182,62.15312499435616,
4526,928.77405,203.271661354547,14.930308519002796,191.25438081979055,28.0,0.7855,193.0,39.0,139.0,830.0,25.0,255.0,93.0,270.0,8.954770547822248,111,4,52,59,267.0,-88.0,75.0,-58.0,143.0,-4.0,-124.0,6795.0,86.0,76.0,8.966924383937524,62.15312499435616,
4527,944.9126,208.64151546435534,19.26357125695582,196.43864819336858,28.0,0.7856,193.0,39.0,139.0,830.0,25.0,255.0,93.0,270.0,11.164592133683875,114,7,52,57,267.0,-88.0,75.0,-58.0,143.0,-4.0,-124.0,6795.0,86.0,76.0,8.971384430882864,62.15312499435616,
4528,980.1518,225.8581027335445,21.071164480532286,214.72133941594205,28.0,0.72635,196.0,40.0,142.0,842.0,24.0,259.0,94.0,273.0,15.55909487074995,117,3,53,53,267.0,-89.0,75.0,-60.0,141.0,-6.0,-126.0,6753.0,84.0,73.0,8.975844477828204,62.15312499435616,
4529,758.0721,242.9582805768867,38.971522418896946,251.36985890389522,28.0,0.80565,437.0,68.0,224.0,1429.0,28.0,287.0,178.0,481.0,32.543022154857766,115,6,53,52,194.0,-44.0,56.0,34.0,123.0,15.0,-71.0,4956.0,81.0,-11.0,7.186870997579502,62.15104166102301,
4530,827.128,271.8782638941591,22.96957489681369,197.81107388360715,28.0,0.8267,396.0,64.0,208.0,1311.0,27.0,274.0,161.0,436.0,13.366995854432716,124,8,56,55,201.0,-49.0,58.0,32.0,124.0,12.0,-77.0,5122.0,81.0,-16.0,7.34296189730222,62.15104166102301,
4531,809.2514,55.59928076807118,7.024695012632533,163.51852051065478,27.0,0.7541,179.0,36.0,128.0,777.0,26.0,238.0,87.0,254.0,6.88789547703796,133,5,60,50,274.0,-80.0,76.0,-46.0,157.0,7.0,-117.0,7022.0,100.0,89.0,8.935089074473934,62.15104166102301,
4532,800.9202,215.718482818108,6.111943641317627,188.9456626415317,27.0,0.73445,182.0,37.0,131.0,788.0,25.0,241.0,88.0,257.0,4.295341607953887,131,5,58,53,272.0,-82.0,76.0,-49.0,153.0,4.0,-119.0,6926.0,96.0,85.0,8.944008554458106,62.15104166102301,
4533,815.0106,206.68199733869375,10.88161388411142,191.3349808217382,27.0,0.7632,182.0,37.0,131.0,788.0,25.0,241.0,88.0,257.0,8.071881520555406,119,3,56,54,272.0,-82.0,76.0,-49.0,153.0,4.0,-119.0,6926.0,96.0,85.0,8.948468294450121,62.15104166102301,
4534,833.0484,213.40250743722237,14.550445455968623,197.93161605193256,28.0,0.7722,185.0,37.0,133.0,801.0,25.0,246.0,90.0,262.0,10.172781067065298,123,3,56,59,270.0,-83.0,76.0,-52.0,150.0,2.0,-120.0,6881.0,93.0,82.0,8.952928034442206,62.15104166102301,
4535,855.12103,210.3677171689192,15.354215891209458,195.09104008048928,28.0,0.7881,185.0,37.0,133.0,801.0,25.0,246.0,90.0,262.0,9.264975039165826,114,6,55,61,270.0,-83.0,76.0,-52.0,150.0,2.0,-120.0,6881.0,93.0,82.0,8.957387774434292,62.15104166102301,
4536,873.9886,207.99822579261445,16.426149650825177,195.348258510713,27.0,0.7906,188.0,38.0,135.0,809.0,25.0,248.0,91.0,263.0,10.254705395738414,112,2,58,58,269.0,-85.0,75.0,-54.0,148.0,0.0,-121.0,6866.0,91.0,80.0,8.961847514426378,62.15104166102301,
4537,893.032,208.09085737193615,14.415482082207431,193.2258786657525,27.0,0.7954,188.0,38.0,135.0,809.0,25.0,248.0,91.0,263.0,8.736843036105773,113,3,56,59,269.0,-85.0,75.0,-54.0,148.0,0.0,-121.0,6866.0,91.0,80.0,8.966307254418464,62.15104166102301,
4538,908.06323,204.86351675330914,14.68086848093922,192.584165644609,28.0,0.7967,193.0,39.0,139.0,830.0,25.0,255.0,93.0,270.0,9.106007010409934,121,3,55,56,267.0,-88.0,75.0,-58.0,143.0,-4.0,-124.0,6795.0,86.0,76.0,8.970766994410551,62.15104166102301,
4539,931.5259,211.93580810263902,19.896017938808143,201.05085256806075,28.0,0.7864,196.0,40.0,142.0,842.0,24.0,259.0,94.0,273.0,12.532017492440891,117,2,52,57,267.0,-89.0,75.0,-60.0,141.0,-6.0,-126.0,6753.0,84.0,73.0,8.975226734402636,62.15104166102301,
4540,959.8367,211.17995269964658,26.171349075550086,205.9004431249084,28.0,0.7701,196.0,40.0,142.0,842.0,24.0,259.0,94.0,273.0,16.09532283875018,112,3,52,55,267.0,-89.0,75.0,-60.0,141.0,-6.0,-126.0,6753.0,84.0,73.0,8.97968647439472,62.15104166102301,
4541,687.83875,263.74392598719203,46.70085580884314,253.7021798284991,28.0,0.8306,429.0,65.0,216.0,1395.0,29.0,277.0,175.0,473.0,38.311396781022005,111,8,51,53,194.0,-39.0,56.0,40.0,128.0,20.0,-66.0,4990.0,87.0,-6.0,7.186376419992285,62.148958327689854,
4542,960.07587,56.01706662962117,16.957946750478396,149.9175765330533,27.0,0.7747,189.0,38.0,136.0,811.0,25.0,247.0,90.0,262.0,13.7356999896248,128,5,56,54,268.0,-85.0,75.0,-54.0,147.0,-1.0,-121.0,6818.0,90.0,79.0,8.907717591561159,62.148958327689854,
4543,799.5102,75.98783357882907,5.325259807819126,169.59021997999383,27.0,0.71725,178.0,35.0,126.0,769.0,26.0,235.0,86.0,252.0,4.41994203296552,131,6,54,50,275.0,-78.0,76.0,-45.0,159.0,8.0,-116.0,7029.0,101.0,91.0,8.93893362316998,62.148958327689854,
4544,794.40295,118.14622049098641,2.1757837808933242,178.98562944129026,27.0,0.7032,178.0,35.0,126.0,769.0,26.0,235.0,86.0,252.0,1.216348722060934,116,6,60,51,275.0,-78.0,76.0,-44.0,159.0,8.0,-116.0,7023.0,101.0,91.0,8.943393056256953,62.148958327689854,
4545,804.83765,205.89212008438506,8.723682632567813,186.8750656430206,27.0,0.7478,178.0,35.0,126.0,770.0,26.0,236.0,86.0,252.0,5.049450843270292,124,2,56,55,276.0,-79.0,76.0,-45.0,159.0,8.0,-117.0,7053.0,101.0,91.0,8.952311922430832,62.148958327689854,
4546,817.9568,204.16004907455664,14.552373819515411,194.13261814562506,27.0,0.7628,178.0,35.0,126.0,770.0,26.0,236.0,86.0,252.0,9.63060724251957,116,4,58,59,276.0,-79.0,76.0,-45.0,159.0,8.0,-117.0,7053.0,101.0,91.0,8.956771355517805,62.148958327689854,
4547,836.7216,208.19852604828895,15.86489711057712,195.7414883463067,27.0,0.7773,178.0,36.0,127.0,774.0,26.0,238.0,87.0,254.0,10.167315927086818,123,4,54,59,274.0,-80.0,76.0,-46.0,157.0,7.0,-117.0,7017.0,100.0,89.0,8.961230788604778,62.148958327689854,
4548,858.9143,209.13272797539628,15.98351899556422,195.9855296725617,27.0,0.79335,178.0,36.0,127.0,774.0,26.0,238.0,87.0,254.0,10.307114700470086,119,2,57,55,274.0,-80.0,76.0,-46.0,157.0,7.0,-117.0,7017.0,100.0,89.0,8.965690221691755,62.148958327689854,
4549,876.9235,203.2237165228377,13.078249556297052,190.92998521643722,27.0,0.80215,180.0,36.0,129.0,783.0,26.0,241.0,88.0,257.0,8.02981251415141,115,3,56,54,274.0,-81.0,76.0,-49.0,155.0,5.0,-119.0,6996.0,97.0,87.0,8.970149654778728,62.148958327689854,
4550,887.67175,201.67966598830412,14.72143410029684,191.45148196758842,27.0,0.7961,180.0,36.0,129.0,783.0,26.0,241.0,88.0,257.0,8.969656265490244,117,0,56,57,274.0,-81.0,76.0,-49.0,155.0,5.0,-119.0,6996.0,97.0,87.0,8.974609087865703,62.148958327689854,
4551,908.99286,212.2228163651003,18.913132099816295,201.10875934968104,27.0,0.7945,182.0,37.0,130.0,790.0,26.0,244.0,89.0,259.0,12.36621167559841,116,1,55,57,273.0,-82.0,76.0,-50.0,154.0,4.0,-119.0,6980.0,96.0,86.0,8.979068520952678,62.148958327689854,
4552,963.742,38.9205749164637,17.695904113765998,156.41088977120154,27.0,0.76145,185.0,37.0,132.0,795.0,25.0,243.0,89.0,259.0,12.133636520332644,134,3,55,51,271.0,-83.0,75.0,-51.0,151.0,2.0,-120.0,6891.0,93.0,83.0,8.911563770975908,62.1468749943567,
4553,800.25494,50.02362812916376,7.509396531423507,173.5714816386631,27.0,0.7197,178.0,35.0,126.0,769.0,26.0,235.0,86.0,252.0,4.14928369797525,135,7,57,49,275.0,-78.0,76.0,-44.0,159.0,8.0,-116.0,7023.0,101.0,91.0,8.942777654585877,62.1468749943567,
4554,794.55347,68.76966903488729,3.293746572228749,177.88469020151953,27.0,0.7144,178.0,35.0,126.0,769.0,26.0,235.0,86.0,252.0,1.2604034357557576,130,4,57,49,275.0,-78.0,76.0,-44.0,159.0,8.0,-116.0,7023.0,101.0,91.0,8.9472367808158,62.1468749943567,
4555,794.3961,184.51238207174137,2.263358280332843,180.71608686014105,27.0,0.7307,178.0,35.0,126.0,770.0,26.0,236.0,86.0,252.0,1.1942266476678938,128,4,57,55,276.0,-79.0,76.0,-45.0,159.0,8.0,-117.0,7053.0,101.0,91.0,8.951695907045796,62.1468749943567,
4556,794.07294,183.58645218590902,5.257797446387632,182.6721251321502,27.0,0.7425,178.0,35.0,126.0,770.0,26.0,236.0,86.0,252.0,3.128791579113997,123,3,57,57,276.0,-79.0,76.0,-45.0,159.0,8.0,-117.0,7053.0,101.0,91.0,8.95615503327579,62.1468749943567,
4557,804.24005,211.01693965263811,10.03895459923528,189.90557568099862,27.0,0.7751,178.0,36.0,127.0,774.0,26.0,238.0,87.0,254.0,6.067181481957831,121,5,56,55,274.0,-80.0,76.0,-46.0,157.0,7.0,-117.0,7017.0,100.0,89.0,8.960614159505786,62.1468749943567,
4558,820.86127,216.88782594917652,13.597293072753468,197.54103070260106,27.0,0.7917,178.0,36.0,127.0,774.0,26.0,238.0,87.0,254.0,9.157021261710998,120,4,56,54,274.0,-80.0,76.0,-46.0,157.0,7.0,-117.0,7017.0,100.0,89.0,8.965073285735782,62.1468749943567,
4559,844.8497,216.59564313520093,14.6347687629482,198.65509158857162,27.0,0.786,180.0,36.0,129.0,783.0,26.0,241.0,88.0,257.0,9.621000860732789,125,4,57,53,274.0,-81.0,76.0,-49.0,155.0,5.0,-119.0,6996.0,97.0,87.0,8.969532411965778,62.1468749943567,
4560,861.2983,204.56702123674495,10.795367503456957,188.34559098194472,27.0,0.7746,180.0,36.0,129.0,783.0,26.0,241.0,88.0,257.0,6.092144015026742,122,0,57,53,274.0,-81.0,76.0,-49.0,155.0,5.0,-119.0,6996.0,97.0,87.0,8.973991538195774,62.1468749943567,
4561,871.8426,198.06965930973274,12.970327719367917,188.31596592363417,27.0,0.7816,182.0,37.0,130.0,790.0,26.0,244.0,89.0,259.0,8.13652003303988,118,0,57,55,273.0,-82.0,76.0,-50.0,154.0,4.0,-119.0,6980.0,96.0,86.0,8.978450664425768,62.1468749943567,
4562,679.43317,254.79651892075765,56.068986091140395,244.45969572415524,28.0,0.77175,429.0,65.0,216.0,1395.0,29.0,277.0,175.0,473.0,44.33114133884923,124,8,51,55,194.0,-39.0,56.0,40.0,128.0,20.0,-66.0,4990.0,87.0,-6.0,7.1853874974979375,62.14479166102356,
4563,1007.8394,36.78019623578438,17.63806364735799,158.035104484363,27.0,0.747,185.0,37.0,132.0,795.0,25.0,243.0,89.0,259.0,11.941465550501999,129,8,60,49,271.0,-83.0,75.0,-51.0,151.0,2.0,-120.0,6891.0,93.0,83.0,8.910950613475356,62.14479166102356,
4564,979.3691,30.989698507676678,19.693939371402582,159.55632013963535,27.0,0.76755,185.0,37.0,132.0,795.0,25.0,243.0,89.0,259.0,12.828342786970284,133,5,58,50,271.0,-83.0,75.0,-51.0,151.0,2.0,-120.0,6891.0,93.0,83.0,8.915409432896494,62.14479166102356,
4565,798.04755,50.29635087554787,7.6286735634313825,171.19072394309904,27.0,0.7382,178.0,35.0,126.0,770.0,26.0,236.0,86.0,252.0,4.613702391749925,130,4,59,54,276.0,-79.0,76.0,-45.0,159.0,8.0,-117.0,7053.0,101.0,91.0,8.95107998826553,62.14479166102356,
4566,791.10077,192.10257590250572,2.7443259264222872,182.21589915456008,27.0,0.7346,178.0,36.0,127.0,774.0,26.0,238.0,87.0,254.0,1.1658162182534453,123,5,58,54,274.0,-80.0,76.0,-46.0,157.0,7.0,-117.0,7017.0,100.0,89.0,8.959997627107807,62.14479166102356,
4567,795.3004,197.347243829817,6.816118783312572,185.7014465951958,27.0,0.7527,178.0,36.0,127.0,774.0,26.0,238.0,87.0,254.0,4.147291760096122,133,4,56,54,274.0,-80.0,76.0,-46.0,157.0,7.0,-117.0,7017.0,100.0,89.0,8.964456446528947,62.14479166102356,
4568,807.4542,215.08512812244615,12.969814724808113,197.21330691496578,27.0,0.778,180.0,36.0,129.0,783.0,26.0,241.0,88.0,257.0,8.96915554673859,130,5,56,51,274.0,-81.0,76.0,-49.0,155.0,5.0,-119.0,6996.0,97.0,87.0,8.968915265950086,62.14479166102356,
4569,832.18286,211.54451190446733,14.338744792592735,196.0823171173273,27.0,0.7804,180.0,36.0,129.0,783.0,26.0,241.0,88.0,257.0,9.562262688539064,125,4,56,52,274.0,-81.0,76.0,-49.0,155.0,5.0,-119.0,6996.0,97.0,87.0,8.973374085371224,62.14479166102356,
4570,845.8419,193.23876286084837,12.091355883006019,185.27857648867547,27.0,0.771,182.0,37.0,130.0,790.0,26.0,244.0,89.0,259.0,6.162760193061927,122,3,56,52,273.0,-82.0,76.0,-50.0,154.0,4.0,-119.0,6980.0,96.0,86.0,8.977832904792363,62.14479166102356,
4571,838.54407,176.3055977372827,31.484595443849923,201.29809693993093,28.0,0.76775,429.0,65.0,216.0,1395.0,29.0,277.0,175.0,473.0,27.09562726801914,105,8,49,51,194.0,-39.0,56.0,40.0,128.0,20.0,-66.0,4990.0,87.0,-6.0,7.189351665216569,62.14270832769042,
4572,996.44543,34.95227564046834,19.602384903727103,156.61897420458135,27.0,0.74605,182.0,36.0,129.0,786.0,26.0,241.0,88.0,257.0,13.341678482544719,132,6,58,57,272.0,-82.0,76.0,-49.0,153.0,4.0,-119.0,6931.0,96.0,85.0,8.919254577445784,62.14270832769042,
4573,796.08997,37.820749592640254,6.762397183672647,174.14980628080374,27.0,0.73315,178.0,36.0,127.0,774.0,26.0,238.0,87.0,254.0,4.322021482461562,134,5,58,56,274.0,-80.0,76.0,-46.0,157.0,7.0,-117.0,7017.0,100.0,89.0,8.959381191389248,62.14270832769042,
4574,791.226,188.8361423794634,3.4023838136563875,182.36762609184842,27.0,0.7495,180.0,36.0,129.0,783.0,26.0,241.0,88.0,257.0,1.5945291766508587,128,4,55,51,274.0,-81.0,76.0,-49.0,155.0,5.0,-119.0,6996.0,97.0,87.0,8.968298216710034,62.14270832769042,
4575,797.56824,202.2145740927402,9.823177701532098,186.5778413626935,27.0,0.7535,180.0,36.0,129.0,783.0,26.0,241.0,88.0,257.0,5.890445244771031,132,4,53,49,274.0,-81.0,76.0,-49.0,155.0,5.0,-119.0,6996.0,97.0,87.0,8.972756729370428,62.14270832769042,
4576,809.977,208.1555372515884,13.626702103768237,193.24005062508522,27.0,0.7637,182.0,37.0,130.0,790.0,26.0,244.0,89.0,259.0,9.518821982791058,130,4,54,51,273.0,-82.0,76.0,-50.0,154.0,4.0,-119.0,6980.0,96.0,86.0,8.97721524203082,62.14270832769042,
4577,782.54663,250.84013393044538,44.12154476658018,250.1164726311434,28.0,0.8019,419.0,62.0,205.0,1351.0,30.0,262.0,172.0,464.0,38.94253533028006,110,9,49,53,195.0,-32.0,56.0,48.0,136.0,28.0,-59.0,5057.0,96.0,1.0,7.188857091076021,62.14062499435727,
4578,804.9877,40.8752107395603,9.45063286355431,171.12731673921039,27.0,0.7485,177.0,35.0,126.0,772.0,26.0,238.0,87.0,254.0,6.108865657727808,138,5,59,55,276.0,-80.0,77.0,-46.0,158.0,7.0,-118.0,7040.0,100.0,89.0,8.96322305827627,62.14062499435727,
4579,793.80133,78.77918345674591,5.089633632458885,172.5850681567505,27.0,0.7464,177.0,35.0,126.0,770.0,26.0,237.0,86.0,253.0,3.624350931416829,131,3,56,54,277.0,-79.0,77.0,-45.0,160.0,8.0,-117.0,7079.0,102.0,91.0,8.967681264224018,62.14062499435727,
4580,789.65967,180.09612706073236,1.5488101428590235,180.1715365439272,27.0,0.7369,177.0,35.0,126.0,770.0,26.0,237.0,86.0,253.0,0.6176791306746529,132,2,55,50,277.0,-79.0,77.0,-45.0,160.0,8.0,-117.0,7079.0,102.0,91.0,8.972139470171765,62.14062499435727,
4581,791.78284,215.57636698298904,3.5773475883655785,184.04368499098896,27.0,0.7469,177.0,35.0,126.0,770.0,26.0,237.0,86.0,253.0,2.057324938824077,128,3,55,52,277.0,-80.0,77.0,-45.0,160.0,8.0,-117.0,7093.0,102.0,91.0,8.976597676119512,62.14062499435727,
4582,709.3082,259.83238416382216,37.980377024355434,252.93288590691006,28.0,0.80925,419.0,62.0,205.0,1351.0,30.0,262.0,172.0,464.0,37.05569665806772,100,9,47,49,195.0,-32.0,56.0,48.0,136.0,28.0,-59.0,5057.0,96.0,1.0,7.188362594480122,62.138541661024114,
4583,733.72424,135.8881766806624,34.77927729869717,125.33438953053022,28.0,0.8207,418.0,62.0,206.0,1353.0,30.0,264.0,171.0,463.0,25.858618631642166,103,12,54,54,195.0,-34.0,56.0,46.0,134.0,26.0,-61.0,5033.0,93.0,-1.0,7.197278393046508,62.138541661024114,
4584,814.69525,42.71360368861084,12.297864729741162,164.17899679203754,27.0,0.768,177.0,35.0,126.0,770.0,26.0,237.0,86.0,253.0,8.1368090223027,131,5,58,53,277.0,-79.0,77.0,-45.0,160.0,8.0,-117.0,7079.0,102.0,91.0,8.967064408470442,62.138541661024114,
4585,795.8984,50.51163860187068,8.527962738325842,170.0218571689172,27.0,0.7629,177.0,35.0,126.0,770.0,26.0,237.0,86.0,253.0,5.284991736096989,128,4,56,52,277.0,-79.0,77.0,-45.0,160.0,8.0,-117.0,7079.0,102.0,91.0,8.971522307753633,62.138541661024114,
4586,788.9639,176.59737409263215,3.082404755053074,179.83159382726421,27.0,0.7245,177.0,35.0,126.0,770.0,26.0,237.0,86.0,253.0,1.4247374996027475,126,5,55,53,277.0,-80.0,77.0,-45.0,160.0,8.0,-117.0,7093.0,102.0,91.0,8.975980207036825,62.138541661024114,
4587,789.926,190.7844443248465,2.4634931892027154,181.75194001806233,27.0,0.7405,177.0,35.0,126.0,770.0,26.0,237.0,86.0,253.0,1.0726272817822333,129,5,57,52,277.0,-80.0,77.0,-45.0,160.0,8.0,-117.0,7093.0,102.0,91.0,8.980438106320017,62.138541661024114,
4588,679.36914,238.7388224139068,33.151524111773654,227.45122707172044,28.0,0.8178,419.0,62.0,205.0,1351.0,30.0,262.0,172.0,464.0,28.41281359035563,110,8,50,51,195.0,-32.0,56.0,48.0,136.0,28.0,-59.0,5057.0,96.0,1.0,7.187868175411568,62.136458327690974,
4589,825.2451,34.94601564889521,15.256546203739878,163.77059183895437,27.0,0.77065,177.0,35.0,126.0,770.0,26.0,237.0,86.0,253.0,9.427308202957771,136,6,57,52,277.0,-79.0,77.0,-45.0,160.0,8.0,-117.0,7079.0,102.0,91.0,8.970905242094435,62.136458327690974,
4590,804.9811,38.260568102943786,12.21341777734751,166.2694886285092,27.0,0.74905,177.0,35.0,126.0,770.0,26.0,237.0,86.0,253.0,7.657191341833777,137,4,55,49,277.0,-80.0,77.0,-45.0,160.0,8.0,-117.0,7093.0,102.0,91.0,8.97536283476115,62.136458327690974,
4591,596.5287,200.04993896934653,52.992330626098635,211.93928273662468,28.0,0.8339,419.0,62.0,205.0,1351.0,30.0,262.0,172.0,464.0,32.09586015421373,98,7,55,54,195.0,-32.0,56.0,48.0,136.0,28.0,-59.0,5057.0,96.0,1.0,7.187373833853049,62.134374994357835,
4592,635.06433,196.53587026946434,30.808126167630228,192.8627187057561,28.0,0.82665,418.0,62.0,206.0,1353.0,30.0,264.0,171.0,463.0,19.38244447832719,107,9,55,52,195.0,-34.0,56.0,46.0,134.0,26.0,-61.0,5033.0,93.0,-1.0,7.191831119951355,62.134374994357835,
4593,872.837,31.01012003620238,23.464334544929514,154.2785600917044,27.0,0.78455,177.0,35.0,126.0,770.0,26.0,237.0,86.0,253.0,16.272395415372127,142,7,57,51,277.0,-79.0,77.0,-45.0,160.0,8.0,-117.0,7079.0,102.0,91.0,8.970288273172569,62.134374994357835,
4594,839.6067,39.186543047093004,18.735734187820018,160.52833969184496,27.0,0.7801,177.0,35.0,126.0,770.0,26.0,237.0,86.0,253.0,11.426262659053373,141,7,55,47,277.0,-79.0,77.0,-45.0,160.0,8.0,-117.0,7079.0,102.0,91.0,8.974745559270875,62.134374994357835,
4595,820.3623,34.85808967312211,14.710677738387076,165.37113803751532,27.0,0.7924,177.0,35.0,126.0,770.0,26.0,237.0,86.0,253.0,8.671986076647588,135,5,55,52,277.0,-80.0,77.0,-45.0,160.0,8.0,-117.0,7093.0,102.0,91.0,8.979202845369182,62.134374994357835,
4596,463.97327,195.89158366266514,46.896667525261435,185.78049913278218,28.0,0.833,419.0,62.0,205.0,1353.0,30.0,263.0,172.0,464.0,31.857858603741576,121,3,57,57,195.0,-32.0,56.0,47.0,136.0,27.0,-59.0,5030.0,95.0,1.0,7.186879569787265,62.13229166102468,
4597,604.542,277.29933991742513,29.777126195154253,241.13185149475666,28.0,0.8219,419.0,62.0,205.0,1353.0,30.0,263.0,172.0,464.0,29.300437847617363,114,20,57,56,195.0,-32.0,56.0,47.0,136.0,27.0,-59.0,5030.0,95.0,1.0,7.1913365493652215,62.13229166102468,
4598,896.2329,62.88601608495347,27.5798949757721,156.30144078859087,27.0,0.7853,183.0,37.0,132.0,796.0,25.0,247.0,90.0,261.0,19.209649101213508,131,8,54,49,272.0,-84.0,76.0,-53.0,150.0,1.0,-122.0,6933.0,93.0,82.0,8.974128380544398,62.13229166102468,
4599,864.43146,33.78352196694542,29.9904379688353,162.29661818851665,27.0,0.804,182.0,37.0,131.0,795.0,25.0,247.0,90.0,261.0,17.915329480639574,136,7,56,51,273.0,-84.0,76.0,-53.0,151.0,1.0,-122.0,6932.0,93.0,82.0,8.978585360122354,62.13229166102468,
4600,409.82138,205.3837277759608,32.61370860675879,196.42980416920147,28.0,0.852,419.0,62.0,205.0,1353.0,30.0,263.0,172.0,464.0,29.30690673884232,123,5,58,57,195.0,-32.0,56.0,47.0,136.0,27.0,-59.0,5030.0,95.0,1.0,7.186385383196928,62.13020832769153,
4601,572.52966,270.13045467253664,41.14894719107567,253.73166364358332,28.0,0.8334,419.0,62.0,205.0,1353.0,30.0,263.0,172.0,464.0,37.835877304328264,110,7,57,56,195.0,-32.0,56.0,47.0,136.0,27.0,-59.0,5030.0,95.0,1.0,7.19084205630258,62.13020832769153,
4602,371.78076,197.67134945714096,34.28976461106474,184.81262609291792,28.0,0.8694,419.0,62.0,205.0,1353.0,30.0,263.0,172.0,464.0,34.70503801888225,121,6,60,55,195.0,-32.0,56.0,47.0,136.0,27.0,-59.0,5030.0,95.0,1.0,7.185891274064753,62.12812499435839,
4603,572.3943,268.97616937577203,48.30129897022998,255.0,28.0,0.8676,419.0,62.0,205.0,1353.0,30.0,263.0,172.0,464.0,43.764505081603915,119,5,59,56,195.0,-32.0,56.0,47.0,136.0,27.0,-59.0,5030.0,95.0,1.0,7.190347640746138,62.12812499435839,
4604,331.83072,181.29036422520878,36.62178196218772,165.85350003410497,28.0,0.8636,419.0,62.0,205.0,1353.0,30.0,263.0,172.0,464.0,35.07083225070455,127,3,60,57,195.0,-32.0,56.0,47.0,136.0,27.0,-59.0,5030.0,95.0,1.0,7.185397242373451,62.12604166102523,
4605,510.849,258.2871820157959,54.81152141965121,255.0,28.0,0.8396,419.0,62.0,205.0,1353.0,30.0,263.0,172.0,464.0,46.72400855608595,116,15,59,56,195.0,-32.0,56.0,47.0,136.0,27.0,-59.0,5030.0,95.0,1.0,7.189853302678592,62.12604166102523,
4606,431.06628,254.62097555931834,56.70365901027304,255.0,28.0,0.8237,411.0,60.0,197.0,1319.0,31.0,251.0,169.0,456.0,46.84157026987368,116,15,59,56,195.0,-27.0,56.0,54.0,142.0,34.0,-53.0,5061.0,101.0,7.0,7.189359042082661,62.123958327692094,
4607,638.8438,255.67696024482407,46.83894110829526,254.9348004896285,29.0,0.8361,442.0,71.0,232.0,1458.0,28.0,299.0,180.0,487.0,39.67155118970353,113,7,57,54,196.0,-50.0,57.0,27.0,118.0,9.0,-78.0,4988.0,76.0,-17.0,7.193814796059575,62.123958327692094,
4608,344.3669,256.67639511356003,50.00019354821614,255.0,28.0,0.8479,411.0,60.0,197.0,1319.0,31.0,251.0,169.0,456.0,44.329698991088584,101,15,58,58,195.0,-27.0,56.0,54.0,142.0,34.0,-53.0,5061.0,101.0,7.0,7.188864858941059,62.12187499435894,
4609,554.62756,246.56538160254559,57.026912083487495,255.0,29.0,0.8582,442.0,71.0,232.0,1458.0,28.0,299.0,180.0,487.0,43.36436999832823,114,16,57,53,196.0,-50.0,57.0,27.0,118.0,9.0,-78.0,4988.0,76.0,-17.0,7.193320306637748,62.12187499435894,
4610,807.65186,256.1535207633565,68.47654872709572,255.0,29.0,0.7835,442.0,71.0,232.0,1458.0,28.0,299.0,180.0,487.0,50.97085326545925,112,19,58,54,196.0,-50.0,57.0,27.0,118.0,9.0,-78.0,4988.0,76.0,-17.0,7.197775754334367,62.12187499435894,
4611,258.64624,242.1267016911158,49.96420647193541,254.91367051000623,28.0,0.8312,411.0,60.0,197.0,1319.0,31.0,251.0,169.0,456.0,38.52909531020466,108,15,59,58,195.0,-27.0,56.0,54.0,142.0,34.0,-53.0,5061.0,101.0,7.0,7.188370753236509,62.11979166102579,
4612,434.0461,239.18809687410544,62.876289812554376,254.99530260017082,29.0,0.81235,442.0,71.0,232.0,1458.0,28.0,299.0,180.0,487.0,43.832237458031926,109,12,52,56,196.0,-50.0,57.0,27.0,118.0,9.0,-78.0,4988.0,76.0,-17.0,7.192825894700968,62.11979166102579,
4613,149.16005,229.31735998447448,47.096883119089846,247.94049344109112,28.0,0.8158,411.0,60.0,197.0,1319.0,31.0,251.0,169.0,456.0,33.73983301183346,116,17,56,58,195.0,-27.0,56.0,54.0,142.0,34.0,-53.0,5061.0,101.0,7.0,7.1878767249517415,62.11770832769265,
4614,719.63446,255.5434729503252,76.43987669676723,253.01524330063296,29.0,0.7491,434.0,69.0,226.0,1432.0,28.0,293.0,177.0,480.0,54.608463820737086,112,9,48,50,196.0,-47.0,57.0,31.0,121.0,12.0,-75.0,5006.0,79.0,-15.0,7.204705792794881,62.11354166102635,
4615,596.941,231.11868411477235,75.21594131926012,244.09169055638796,29.0,0.7976,434.0,69.0,226.0,1432.0,28.0,293.0,177.0,480.0,46.018639130286665,118,8,57,53,196.0,-47.0,57.0,31.0,121.0,12.0,-75.0,5006.0,79.0,-15.0,7.20421077250441,62.111458327693214,
4616,812.4964,222.0262480159737,84.13605379283156,241.6998440481845,29.0,0.7397,436.0,70.0,229.0,1442.0,27.0,297.0,177.0,481.0,45.881589428721746,120,10,53,49,196.0,-50.0,57.0,28.0,118.0,9.0,-78.0,4979.0,76.0,-17.0,7.208664689519663,62.111458327693214,
4617,613.58734,227.5327621394997,84.37552485125971,251.90889996195108,29.0,0.8096,434.0,69.0,226.0,1432.0,28.0,293.0,177.0,480.0,47.84955407649032,122,23,52,54,196.0,-47.0,57.0,31.0,121.0,12.0,-75.0,5006.0,79.0,-15.0,7.2081694407792645,62.10937499436006,
4618,746.1898,200.92920568901636,73.51440764532472,218.518623329188,29.0,0.7313,436.0,70.0,229.0,1442.0,27.0,297.0,177.0,481.0,36.72545713324853,122,7,54,55,196.0,-50.0,57.0,28.0,118.0,9.0,-78.0,4979.0,76.0,-17.0,7.212623051802091,62.10937499436006,
4619,712.13434,168.74189498802508,43.74317786463636,164.97258184479443,28.0,0.85705,409.0,62.0,204.0,1333.0,29.0,266.0,167.0,453.0,24.06252864323308,113,16,52,55,198.0,-39.0,57.0,42.0,132.0,22.0,-66.0,5085.0,90.0,-5.0,7.239344717938986,62.10937499436006,
4620,595.59247,214.9841141255372,64.74694891011231,229.43085956918577,28.0,0.84775,398.0,56.0,186.0,1268.0,32.0,238.0,164.0,442.0,38.84591969217271,126,21,52,53,197.0,-21.0,57.0,62.0,150.0,40.0,-47.0,5125.0,108.0,12.0,7.2121275746903395,62.10729166102692,
4621,649.873,177.4263580493148,60.142566138292324,184.14330415078845,28.0,0.82825,398.0,56.0,186.0,1268.0,32.0,238.0,164.0,442.0,29.63537117632324,116,23,53,49,197.0,-21.0,57.0,62.0,150.0,40.0,-47.0,5125.0,108.0,12.0,7.21658087976867,62.10729166102692,
4622,669.20715,187.93947677211904,71.8225829230681,194.72628426829752,28.0,0.85555,399.0,57.0,188.0,1275.0,31.0,242.0,164.0,442.0,35.83972903731563,107,12,50,51,197.0,-24.0,57.0,58.0,146.0,37.0,-51.0,5090.0,104.0,9.0,7.221034184847002,62.10729166102692,
4623,677.85675,178.9857707100736,62.51831214411053,178.55228929434176,28.0,0.88055,401.0,59.0,194.0,1294.0,31.0,251.0,165.0,446.0,32.35437997171104,117,14,55,48,199.0,-30.0,57.0,52.0,142.0,31.0,-57.0,5106.0,99.0,3.0,7.225487489925333,62.10729166102692,
4624,661.018,164.7132940653256,55.678937152668034,156.90979156875656,28.0,0.88745,401.0,59.0,194.0,1294.0,31.0,251.0,165.0,446.0,29.596498696845423,119,12,54,50,199.0,-30.0,57.0,52.0,142.0,31.0,-57.0,5106.0,99.0,3.0,7.229940795003594,62.10729166102692,
4625,632.1208,178.34785793973631,39.02662104991422,175.07741889357266,28.0,0.8615,411.0,63.0,208.0,1346.0,29.0,271.0,168.0,456.0,20.886588137136805,126,11,54,54,198.0,-41.0,57.0,40.0,130.0,20.0,-68.0,5099.0,88.0,-7.0,7.234394100081925,62.10729166102692,
4626,634.2936,195.88925571507764,24.88595591395965,187.34296289034725,28.0,0.85695,411.0,63.0,208.0,1346.0,29.0,271.0,168.0,456.0,15.454225008662977,79,8,54,55,198.0,-41.0,57.0,40.0,130.0,20.0,-68.0,5099.0,88.0,-7.0,7.238847405160257,62.10729166102692,
4627,456.6794,233.08026593582514,57.90941143029701,252.52712391613895,28.0,0.85205,398.0,56.0,186.0,1268.0,32.0,238.0,164.0,442.0,38.96468341152641,129,8,56,60,197.0,-21.0,57.0,62.0,150.0,40.0,-47.0,5125.0,108.0,12.0,7.211632175182347,62.105208327693774,
4628,555.0076,181.74812407963344,41.899826477598026,187.1613048302399,28.0,0.86215,398.0,56.0,186.0,1268.0,32.0,238.0,164.0,442.0,22.48918073941936,96,22,53,52,197.0,-21.0,57.0,62.0,150.0,40.0,-47.0,5125.0,108.0,12.0,7.216085174364101,62.105208327693774,
4629,548.2751,175.53254170423483,38.14318017096828,177.49535717020325,28.0,0.8694,399.0,57.0,188.0,1275.0,31.0,242.0,164.0,442.0,19.36418748725553,115,27,54,49,197.0,-24.0,57.0,58.0,146.0,37.0,-51.0,5090.0,104.0,9.0,7.220538173545855,62.105208327693774,
4630,553.19934,183.65937050318237,45.06496099162708,185.06894821907244,28.0,0.8916,399.0,57.0,188.0,1275.0,31.0,242.0,164.0,442.0,23.979103945074275,101,10,56,51,197.0,-24.0,57.0,58.0,146.0,37.0,-51.0,5090.0,104.0,9.0,7.2249911727276075,62.105208327693774,
4631,548.0312,189.7918935158266,40.6999631934066,177.15824420621524,28.0,0.88345,401.0,59.0,194.0,1294.0,31.0,251.0,165.0,446.0,28.845263875873744,83,10,52,52,199.0,-30.0,57.0,52.0,142.0,31.0,-57.0,5106.0,99.0,3.0,7.229444171909289,62.105208327693774,
4632,624.33685,299.181431253073,26.183728549626693,225.56932409651026,28.0,0.84515,411.0,63.0,208.0,1346.0,29.0,271.0,168.0,456.0,19.040238054014914,113,6,59,56,198.0,-41.0,57.0,40.0,130.0,20.0,-68.0,5099.0,88.0,-7.0,7.238350170272797,62.105208327693774,
4633,440.36835,204.93801050600814,56.218755499164594,219.23208572686846,28.0,0.86025,398.0,56.0,186.0,1268.0,32.0,238.0,164.0,442.0,33.38221775996835,98,23,58,57,197.0,-21.0,57.0,62.0,150.0,40.0,-47.0,5125.0,108.0,12.0,7.215589546593904,62.10312499436063,
4634,462.89426,179.2904018433545,42.92592915877213,180.24505111934855,28.0,0.87655,399.0,57.0,188.0,1275.0,31.0,242.0,164.0,442.0,23.22718107357057,101,22,60,54,197.0,-24.0,57.0,58.0,146.0,37.0,-51.0,5090.0,104.0,9.0,7.220042239926987,62.10312499436063,
4635,457.71802,174.82345401789868,39.40444173528997,170.9922546877733,28.0,0.8776,399.0,57.0,188.0,1275.0,31.0,242.0,164.0,442.0,23.444907257676608,94,10,58,53,197.0,-24.0,57.0,58.0,146.0,37.0,-51.0,5090.0,104.0,9.0,7.22449493326007,62.10312499436063,
4636,493.65216,243.37269133089242,31.497123706735977,236.09834224498803,28.0,0.8678,401.0,59.0,194.0,1294.0,31.0,251.0,165.0,446.0,26.163927890456463,103,11,53,53,199.0,-30.0,57.0,52.0,142.0,31.0,-57.0,5106.0,99.0,3.0,7.228947626593082,62.10312499436063,
4637,695.6523,313.2571488770624,42.288290592173425,245.07437923917755,28.0,0.8552,411.0,63.0,208.0,1346.0,29.0,271.0,168.0,456.0,32.435786220893746,108,3,54,56,198.0,-41.0,57.0,40.0,130.0,20.0,-68.0,5099.0,88.0,-7.0,7.237853013259248,62.10312499436063,
4638,807.6386,317.1499324917724,60.292832191052305,248.41264113873308,28.0,0.83525,429.0,69.0,226.0,1419.0,27.0,295.0,174.0,472.0,39.09106169375522,115,5,52,57,198.0,-52.0,57.0,27.0,118.0,8.0,-80.0,5055.0,76.0,-19.0,7.242305706592331,62.10312499436063,
4639,409.57034,228.5076174323171,37.213892196633694,239.56295735996832,28.0,0.8621,401.0,59.0,194.0,1294.0,31.0,251.0,165.0,446.0,27.450387273730602,119,8,54,58,199.0,-30.0,57.0,52.0,142.0,31.0,-57.0,5106.0,99.0,3.0,7.228451159037627,62.10104166102748,
4640,542.90356,246.32953026928524,43.335119902630964,255.0,28.0,0.8618,401.0,59.0,194.0,1294.0,31.0,251.0,165.0,446.0,37.525162511781005,119,5,55,54,199.0,-30.0,57.0,52.0,142.0,31.0,-57.0,5106.0,99.0,3.0,7.232903546569936,62.10104166102748,
4641,714.6258,256.87701537161473,37.38148697643429,254.87357960025648,28.0,0.8431,411.0,63.0,208.0,1346.0,29.0,271.0,168.0,456.0,34.679553518761715,116,5,56,55,198.0,-41.0,57.0,40.0,130.0,20.0,-68.0,5099.0,88.0,-7.0,7.237355934102248,62.10104166102748,
4642,868.2616,262.79911916932707,42.37497102245453,255.0,28.0,0.7717,429.0,69.0,226.0,1419.0,27.0,295.0,174.0,472.0,38.36153346217457,108,0,55,58,198.0,-52.0,57.0,27.0,118.0,8.0,-80.0,5055.0,76.0,-19.0,7.241808321634558,62.10104166102748,
4643,983.26685,168.20589309771714,18.18364561359945,173.9011300330337,28.0,0.7811,198.0,36.0,133.0,808.0,25.0,235.0,86.0,255.0,10.178152834534588,114,7,51,56,254.0,-80.0,72.0,-12.0,140.0,-1.0,-114.0,6465.0,86.0,76.0,8.510738768340527,62.10104166102748,
4644,173.6133,83.26869332773083,54.586410249728516,109.72364315364489,29.0,0.8409,336.0,48.0,156.0,1109.0,34.0,206.0,140.0,396.0,34.25999482287552,109,6,54,62,196.0,-2.0,57.0,83.0,169.0,61.0,-27.0,5135.0,129.0,33.0,7.187886033210935,62.09895832769433,
4645,452.88028,249.4874800384544,40.39469585634288,254.49914334530925,28.0,0.8792,398.0,58.0,191.0,1280.0,31.0,246.0,164.0,443.0,35.40666809994644,120,7,54,57,198.0,-28.0,57.0,55.0,144.0,34.0,-54.0,5137.0,102.0,6.0,7.23240685100502,62.09895832769433,
4646,637.44916,252.22763613872797,44.99428608224387,255.0,28.0,0.8648,411.0,63.0,208.0,1346.0,29.0,271.0,168.0,456.0,38.95094419673832,109,4,56,56,198.0,-41.0,57.0,40.0,130.0,20.0,-68.0,5104.0,88.0,-8.0,7.236858932784444,62.09895832769433,
4647,790.6349,245.66218437284056,38.240084335329996,254.01457909708418,28.0,0.8015,411.0,63.0,208.0,1346.0,29.0,271.0,168.0,456.0,32.94562275137557,110,4,53,54,198.0,-41.0,57.0,40.0,130.0,20.0,-68.0,5104.0,88.0,-8.0,7.241311014563867,62.09895832769433,
4648,1052.1516,149.80850034735602,27.980255504074417,154.25209786924887,28.0,0.7646,186.0,33.0,124.0,763.0,26.0,222.0,82.0,242.0,17.037223792398585,111,4,48,52,256.0,-76.0,73.0,-5.0,146.0,5.0,-110.0,6512.0,91.0,81.0,8.487893912800008,62.09895832769433,
4649,1017.316,149.06636143075667,23.870047888827408,157.11629302736372,28.0,0.77865,183.0,32.0,121.0,750.0,26.0,219.0,81.0,239.0,14.64422798552377,103,5,49,53,257.0,-75.0,73.0,-4.0,148.0,6.0,-109.0,6561.0,93.0,84.0,8.49234599457943,62.09895832769433,
4650,989.4177,155.48735330813017,20.982281863201433,163.66245012199542,28.0,0.7678,183.0,32.0,121.0,750.0,26.0,219.0,81.0,239.0,13.063463434763502,107,7,50,56,257.0,-75.0,73.0,-4.0,148.0,6.0,-109.0,6561.0,93.0,84.0,8.496798076358852,62.09895832769433,
4651,969.3157,151.56414569885024,18.685038300259748,162.55895046991998,28.0,0.7423,179.0,31.0,117.0,737.0,27.0,217.0,80.0,237.0,12.077200845053701,109,6,49,59,258.0,-73.0,73.0,-2.0,150.0,8.0,-108.0,6573.0,95.0,86.0,8.501250158138275,62.09895832769433,
4652,952.5776,167.36008836968287,17.40239300303858,173.55397264417067,28.0,0.7421,179.0,31.0,117.0,737.0,27.0,217.0,80.0,237.0,10.043822766399012,108,6,50,57,258.0,-73.0,73.0,-2.0,150.0,8.0,-108.0,6573.0,95.0,86.0,8.505702239917627,62.09895832769433,
4653,946.29614,169.1337710393401,17.150406923903574,174.34972594334428,28.0,0.7615,177.0,31.0,117.0,731.0,27.0,214.0,79.0,235.0,9.968319584861938,104,9,53,59,259.0,-73.0,73.0,-1.0,151.0,9.0,-108.0,6614.0,96.0,87.0,8.51015432169705,62.09895832769433,
4654,938.0612,164.98092111824644,19.58718771928854,170.64839651100897,28.0,0.7733,177.0,31.0,117.0,731.0,27.0,214.0,79.0,235.0,11.614949590483333,111,4,54,56,259.0,-73.0,73.0,-1.0,151.0,9.0,-108.0,6614.0,96.0,87.0,8.514606403476474,62.09895832769433,
4655,321.7723,80.6788611353021,72.6896201276132,119.55424311042437,29.0,0.8651,336.0,48.0,156.0,1109.0,34.0,206.0,140.0,396.0,41.965902926299,117,7,56,58,196.0,-2.0,57.0,83.0,169.0,61.0,-27.0,5135.0,129.0,33.0,7.1873924724700995,62.09687499436119,
4656,165.0638,47.63093267978995,72.8663234600182,91.25918490441606,29.0,0.8849,326.0,47.0,153.0,1084.0,34.0,202.0,136.0,388.0,42.72745860552858,113,1,53,62,196.0,1.0,57.0,85.0,171.0,63.0,-25.0,5130.0,131.0,34.0,7.191844248544439,62.09687499436119,
4657,50.594036,49.91038181737595,41.16660469550546,136.27779967063458,29.0,0.8588,326.0,47.0,153.0,1084.0,34.0,202.0,136.0,388.0,25.325800121929465,110,1,59,65,196.0,1.0,57.0,85.0,171.0,63.0,-25.0,5130.0,131.0,34.0,7.196296024618849,62.09687499436119,
4658,397.76953,259.61303784915395,29.533474168690173,253.32236618854128,28.0,0.8877,398.0,58.0,191.0,1280.0,31.0,246.0,164.0,443.0,30.267870875182016,127,17,55,58,198.0,-28.0,57.0,55.0,144.0,34.0,-54.0,5137.0,102.0,6.0,7.23191023321407,62.09687499436119,
4659,563.0883,254.34414613814948,42.67920908822065,255.0,28.0,0.8896,411.0,63.0,208.0,1346.0,29.0,271.0,168.0,456.0,39.17476234563164,122,5,58,57,198.0,-41.0,57.0,40.0,130.0,20.0,-68.0,5104.0,88.0,-8.0,7.236362009288483,62.09687499436119,
4660,730.7335,253.53300628208774,33.77374577853406,254.07060638256618,28.0,0.8642,411.0,63.0,208.0,1346.0,29.0,271.0,168.0,456.0,31.635832253577874,124,4,56,56,198.0,-41.0,57.0,40.0,130.0,20.0,-68.0,5104.0,88.0,-8.0,7.240813785362894,62.09687499436119,
4661,1042.0128,149.24940783124563,24.397476144943333,156.6567004989773,28.0,0.789,192.0,34.0,128.0,783.0,25.0,227.0,84.0,248.0,14.78579558944347,121,6,48,53,255.0,-78.0,72.0,-8.0,143.0,2.0,-112.0,6493.0,88.0,79.0,8.482859310121446,62.09687499436119,
4662,973.7025,152.50221323620093,21.324797256231257,160.3858864589429,28.0,0.7748,183.0,32.0,121.0,750.0,26.0,219.0,81.0,239.0,13.850131130645066,96,9,47,54,257.0,-75.0,73.0,-4.0,148.0,6.0,-109.0,6561.0,93.0,84.0,8.49176286227027,62.09687499436119,
4663,949.89307,150.93102466091878,18.484896245165775,163.06186303472776,28.0,0.7901,183.0,32.0,121.0,750.0,26.0,219.0,81.0,239.0,11.290405894221854,113,6,48,61,257.0,-75.0,73.0,-4.0,148.0,6.0,-109.0,6561.0,93.0,84.0,8.496214638344682,62.09687499436119,
4664,931.0908,158.01890959362333,17.807495949810296,167.87222847340917,28.0,0.7789,179.0,31.0,117.0,737.0,27.0,217.0,80.0,237.0,10.604796290280081,120,5,51,61,258.0,-73.0,73.0,-2.0,150.0,8.0,-108.0,6573.0,95.0,86.0,8.500666414419092,62.09687499436119,
4665,916.114,156.75465562735042,16.74005192976436,168.17260044570742,28.0,0.754,179.0,31.0,117.0,737.0,27.0,217.0,80.0,237.0,9.834015600436368,106,7,55,62,258.0,-73.0,73.0,-2.0,150.0,8.0,-108.0,6573.0,95.0,86.0,8.505118190493434,62.09687499436119,
4666,906.0798,168.33194116305464,18.822034778754308,173.74557316550897,28.0,0.74555,177.0,31.0,117.0,731.0,27.0,214.0,79.0,235.0,10.961826444623938,115,2,55,62,259.0,-73.0,73.0,-1.0,151.0,9.0,-108.0,6614.0,96.0,87.0,8.509569966567845,62.09687499436119,
4667,893.6402,162.15966906056175,20.373230426379543,169.22950163644498,28.0,0.75415,177.0,31.0,117.0,731.0,27.0,214.0,79.0,235.0,11.592485275253798,103,4,54,57,259.0,-73.0,73.0,-1.0,151.0,9.0,-108.0,6614.0,96.0,87.0,8.514021742642257,62.09687499436119,
4668,879.5606,167.76358878533185,19.402574597957763,172.88949059150684,28.0,0.7385,175.0,30.0,114.0,722.0,27.0,212.0,78.0,232.0,11.209888322560994,111,5,55,58,260.0,-72.0,73.0,0.0,153.0,10.0,-107.0,6641.0,98.0,88.0,8.518473518716668,62.09687499436119,
4669,480.68536,50.775214766372414,56.25158662175457,133.16419299367215,29.0,0.8786,336.0,48.0,156.0,1109.0,34.0,206.0,140.0,396.0,30.955334902634164,120,6,56,54,196.0,-2.0,57.0,83.0,169.0,61.0,-27.0,5135.0,129.0,33.0,7.186898989007255,62.09479166102804,
4670,363.82886,50.52742967570307,81.36404361886912,87.47744864030422,29.0,0.8908,336.0,48.0,156.0,1109.0,34.0,206.0,140.0,396.0,43.79801125147019,124,7,55,58,196.0,-2.0,57.0,83.0,169.0,61.0,-27.0,5135.0,129.0,33.0,7.191350459424449,62.09479166102804,
4671,185.98055,36.55924260829608,79.92275763370556,110.32534674991386,29.0,0.8941,326.0,47.0,153.0,1084.0,34.0,202.0,136.0,388.0,41.94894260278482,89,8,56,62,196.0,1.0,57.0,85.0,171.0,63.0,-25.0,5130.0,131.0,34.0,7.195801929841713,62.09479166102804,
4672,505.46555,264.04464449790026,32.57377032842617,254.61597198081157,28.0,0.872,411.0,63.0,208.0,1346.0,29.0,271.0,168.0,456.0,31.57976889963305,124,5,55,58,198.0,-41.0,57.0,40.0,130.0,20.0,-68.0,5104.0,88.0,-8.0,7.235865163597028,62.09479166102804,
4673,669.1254,259.8792023445344,38.73753445621002,255.0,28.0,0.8571,411.0,63.0,208.0,1346.0,29.0,271.0,168.0,456.0,36.36373343392228,114,16,56,55,198.0,-41.0,57.0,40.0,130.0,20.0,-68.0,5104.0,88.0,-8.0,7.2403166340142935,62.09479166102804,
4674,793.94586,246.2648234883329,19.843226240059323,226.37292514671347,28.0,0.8239,411.0,64.0,209.0,1347.0,29.0,272.0,168.0,455.0,21.27942303188389,120,6,56,56,198.0,-42.0,57.0,39.0,129.0,19.0,-69.0,5092.0,87.0,-9.0,7.244768104431558,62.09479166102804,
4675,996.0271,145.3449562533856,21.266224364626222,156.07908728755365,28.0,0.78905,192.0,34.0,128.0,783.0,25.0,227.0,84.0,248.0,13.951763565596032,104,6,47,56,255.0,-78.0,72.0,-8.0,143.0,2.0,-112.0,6493.0,88.0,79.0,8.482276880429009,62.09479166102804,
4676,961.69806,147.87818740051773,22.643699531747565,155.88047033032063,28.0,0.7865,186.0,33.0,124.0,763.0,26.0,222.0,82.0,242.0,14.74287698212672,103,5,47,58,256.0,-76.0,73.0,-5.0,146.0,5.0,-110.0,6512.0,91.0,81.0,8.486728350846274,62.09479166102804,
4677,931.93567,149.68239172007483,19.13264134936613,161.14874010258404,28.0,0.7706,186.0,33.0,124.0,763.0,26.0,222.0,82.0,242.0,12.214247409724527,96,7,48,58,256.0,-76.0,73.0,-5.0,146.0,5.0,-110.0,6512.0,91.0,81.0,8.491179821263538,62.09479166102804,
4678,910.50653,156.3232583603178,18.301691784452753,165.5570675141443,28.0,0.7723,183.0,32.0,121.0,750.0,26.0,219.0,81.0,239.0,11.7126787447179,98,7,50,60,257.0,-75.0,73.0,-4.0,148.0,6.0,-109.0,6561.0,93.0,84.0,8.495631291680803,62.09479166102804,
4679,893.5853,151.61520428337752,16.633360916608183,167.60666041049575,28.0,0.77425,179.0,31.0,117.0,737.0,27.0,217.0,80.0,237.0,9.508145403800924,115,4,53,60,258.0,-73.0,73.0,-2.0,150.0,8.0,-108.0,6573.0,95.0,86.0,8.500082762098069,62.09479166102804,
4680,879.25854,159.67640446824,17.608375925957716,168.7367861180329,28.0,0.7406,179.0,31.0,117.0,737.0,27.0,217.0,80.0,237.0,10.703010311455854,118,5,55,58,258.0,-73.0,73.0,-2.0,150.0,8.0,-108.0,6573.0,95.0,86.0,8.504534232515262,62.09479166102804,
4681,866.4729,159.75474951894566,18.667487340651046,169.20174283795015,28.0,0.7124,177.0,31.0,117.0,731.0,27.0,214.0,79.0,235.0,11.031991482472854,107,5,55,58,259.0,-73.0,73.0,-1.0,151.0,9.0,-108.0,6614.0,96.0,87.0,8.508985702932527,62.09479166102804,
4682,848.67114,162.67205495492004,21.30558972730127,168.55202427555554,28.0,0.7138,177.0,31.0,117.0,731.0,27.0,214.0,79.0,235.0,12.991454738460185,99,6,55,57,259.0,-73.0,73.0,-1.0,151.0,9.0,-108.0,6614.0,96.0,87.0,8.513437173349793,62.09479166102804,
4683,836.777,171.4976847828917,20.72160874556626,174.59071279419067,28.0,0.7116,175.0,30.0,114.0,722.0,27.0,212.0,78.0,232.0,12.024910870616798,101,6,56,55,260.0,-72.0,73.0,0.0,153.0,10.0,-107.0,6641.0,98.0,88.0,8.517888643767058,62.09479166102804,
4684,498.58395,44.4895925409539,50.78178126406144,115.1757781508581,29.0,0.893,336.0,48.0,156.0,1109.0,34.0,206.0,140.0,396.0,31.278564258170004,133,6,53,54,196.0,-2.0,57.0,83.0,169.0,61.0,-27.0,5135.0,129.0,33.0,7.190856747613075,62.09270832769489,
4685,391.70587,33.42898614291557,74.06474146111324,117.84802354363418,29.0,0.8969,326.0,47.0,153.0,1084.0,34.0,202.0,136.0,388.0,39.63728392456145,127,6,52,58,196.0,1.0,57.0,85.0,171.0,63.0,-25.0,5130.0,131.0,34.0,7.195307912421047,62.09270832769489,
4686,281.4948,41.82929775023334,75.17405015431979,117.73497229244492,29.0,0.8972,326.0,47.0,153.0,1084.0,34.0,202.0,136.0,388.0,40.66612200884796,119,6,53,60,196.0,1.0,57.0,85.0,171.0,63.0,-25.0,5130.0,131.0,34.0,7.199759077229021,62.09270832769489,
4687,205.31216,149.4780552922811,50.91301220644957,166.6762965839302,29.0,0.89495,328.0,47.0,153.0,1088.0,34.0,203.0,137.0,389.0,28.94296277405521,101,3,53,63,196.0,-1.0,57.0,84.0,170.0,62.0,-26.0,5146.0,130.0,33.0,7.204210242036994,62.09270832769489,
4688,205.468,73.14111511615104,50.462905702201475,165.78559746025414,28.0,0.897,346.0,49.0,161.0,1129.0,33.0,210.0,144.0,401.0,23.653851999290993,108,2,49,64,197.0,-7.0,57.0,78.0,165.0,56.0,-32.0,5138.0,124.0,28.0,7.208661406844966,62.09270832769489,
4689,489.2636,270.9103761544327,30.24745096004671,253.34927938611995,28.0,0.8703,411.0,63.0,208.0,1346.0,29.0,271.0,168.0,456.0,33.049221300086295,119,4,55,60,198.0,-41.0,57.0,40.0,130.0,20.0,-68.0,5104.0,88.0,-8.0,7.235368395692735,62.09270832769489,
4690,661.2673,278.9530087808513,41.5131927207693,255.0,28.0,0.8569,411.0,63.0,208.0,1346.0,29.0,271.0,168.0,456.0,38.182264787089366,113,15,55,55,198.0,-41.0,57.0,40.0,130.0,20.0,-68.0,5104.0,88.0,-8.0,7.239819560500707,62.09270832769489,
4691,812.42804,232.8548550967065,25.8933883312019,222.34427996064593,28.0,0.837,411.0,64.0,209.0,1347.0,29.0,272.0,168.0,455.0,23.828782112459873,119,4,57,56,198.0,-42.0,57.0,39.0,129.0,19.0,-69.0,5092.0,87.0,-9.0,7.24427072530868,62.09270832769489,
4692,1009.4828,123.70375494179619,19.93079583691322,139.3674025322911,28.0,0.7813,192.0,34.0,128.0,783.0,25.0,227.0,84.0,248.0,15.838743051886537,109,5,47,55,255.0,-78.0,72.0,-8.0,143.0,2.0,-112.0,6493.0,88.0,79.0,8.477243377114958,62.09270832769489,
4693,961.82043,131.5209967178378,17.437151374225756,148.828691858178,28.0,0.78625,192.0,34.0,128.0,783.0,25.0,227.0,84.0,248.0,13.690896858345717,91,6,46,58,255.0,-78.0,72.0,-8.0,143.0,2.0,-112.0,6493.0,88.0,79.0,8.481694541922932,62.09270832769489,
4694,925.00055,137.62644584066143,15.398528928512766,157.36240747015114,28.0,0.7746,186.0,33.0,124.0,763.0,26.0,222.0,82.0,242.0,10.978394743277383,103,8,53,61,256.0,-76.0,73.0,-5.0,146.0,5.0,-110.0,6512.0,91.0,81.0,8.486145706730905,62.09270832769489,
4695,896.8154,140.21638862130783,13.733946307047706,161.7959426800005,28.0,0.762,186.0,33.0,124.0,763.0,26.0,222.0,82.0,242.0,9.472348429240943,93,9,51,61,256.0,-76.0,73.0,-5.0,146.0,5.0,-110.0,6512.0,91.0,81.0,8.490596871538877,62.09270832769489,
4696,877.59375,146.50085791985737,12.528805736318587,166.681082831073,28.0,0.76255,183.0,32.0,121.0,750.0,26.0,219.0,81.0,239.0,8.02793653717477,92,8,51,64,257.0,-75.0,73.0,-4.0,148.0,6.0,-109.0,6561.0,93.0,84.0,8.495048036346851,62.09270832769489,
4697,862.0832,156.1126128420362,14.913844365766197,168.7367263047355,28.0,0.7477,183.0,32.0,121.0,750.0,26.0,219.0,81.0,239.0,9.341514962733699,108,5,51,58,257.0,-75.0,73.0,-4.0,148.0,6.0,-109.0,6561.0,93.0,84.0,8.499499201154823,62.09270832769489,
4698,842.9793,154.0262282547008,16.867365498929516,165.27813855748832,28.0,0.7212,179.0,31.0,117.0,737.0,27.0,217.0,80.0,237.0,11.036151124705428,121,6,53,55,258.0,-73.0,73.0,-2.0,150.0,8.0,-108.0,6573.0,95.0,86.0,8.503950365962725,62.09270832769489,
4699,825.0071,156.45320506408308,16.95430912033619,166.64151058656918,28.0,0.71535,177.0,31.0,117.0,731.0,27.0,214.0,79.0,235.0,10.907189609672322,124,6,53,55,259.0,-73.0,73.0,-1.0,151.0,9.0,-108.0,6614.0,96.0,87.0,8.5084015307707,62.09270832769489,
4700,806.51917,155.3618356931556,14.461149853464802,168.95573289718635,28.0,0.7007,177.0,31.0,117.0,731.0,27.0,214.0,79.0,235.0,9.053353945952443,101,6,55,55,259.0,-73.0,73.0,-1.0,151.0,9.0,-108.0,6614.0,96.0,87.0,8.512852695578673,62.09270832769489,
4701,792.74805,166.65030531270102,13.299747214741668,172.35937067653808,28.0,0.682,175.0,30.0,114.0,722.0,27.0,212.0,78.0,232.0,8.31660522072648,98,8,58,52,260.0,-72.0,73.0,0.0,153.0,10.0,-107.0,6641.0,98.0,88.0,8.517303860386646,62.09270832769489,
4702,730.00757,39.82362012017875,69.85883577823599,106.5186049864852,28.0,0.8218,420.0,63.0,208.0,1363.0,30.0,268.0,172.0,466.0,39.87850164165748,122,7,51,57,198.0,-36.0,57.0,45.0,135.0,25.0,-63.0,5079.0,92.0,-2.0,7.185912253846646,62.09062499436175,
4703,628.3364,32.1231731452896,66.12763741154932,122.51167480330028,28.0,0.887,420.0,63.0,208.0,1363.0,30.0,268.0,172.0,466.0,37.609833825198855,112,8,49,57,198.0,-36.0,57.0,45.0,135.0,25.0,-63.0,5079.0,92.0,-2.0,7.190363113093098,62.09062499436175,
4704,529.32275,36.04009279105984,66.79707777740383,123.00026440813511,29.0,0.8933,404.0,58.0,191.0,1294.0,32.0,245.0,166.0,449.0,33.880395980575464,109,6,50,59,196.0,-23.0,57.0,58.0,146.0,37.0,-50.0,5056.0,104.0,10.0,7.194813972339623,62.09062499436175,
4705,440.42783,36.53850301700263,62.69963760316877,120.8805579184389,29.0,0.8905,404.0,58.0,191.0,1294.0,32.0,245.0,166.0,449.0,33.96225412614389,109,5,54,60,196.0,-23.0,57.0,58.0,146.0,37.0,-50.0,5056.0,104.0,10.0,7.199264831586147,62.09062499436175,
4706,333.75317,53.8570189885482,58.09684838240248,119.29735115877621,28.0,0.88415,392.0,55.0,182.0,1249.0,32.0,231.0,162.0,438.0,35.180359290247935,135,3,56,61,197.0,-17.0,57.0,66.0,154.0,45.0,-43.0,5113.0,112.0,16.0,7.203715690832673,62.09062499436175,
4707,352.46655,265.3566959069364,64.02240110053711,216.56841981081166,28.0,0.88265,392.0,55.0,182.0,1249.0,32.0,231.0,162.0,438.0,38.597027170922146,104,5,54,63,197.0,-17.0,57.0,66.0,154.0,45.0,-43.0,5113.0,112.0,16.0,7.208166550079197,62.09062499436175,
4708,346.91104,55.40146361596949,70.156787444486,125.32219131482164,28.0,0.871,372.0,52.0,172.0,1194.0,33.0,222.0,154.0,421.0,38.25798777993545,114,7,53,59,199.0,-13.0,57.0,71.0,160.0,49.0,-39.0,5146.0,117.0,20.0,7.212617409325721,62.09062499436175,
4709,261.3135,108.86358246106542,65.75319789998954,144.73030776611836,28.0,0.8398,386.0,54.0,179.0,1232.0,32.0,229.0,159.0,431.0,40.80165003829697,114,4,54,62,198.0,-18.0,57.0,66.0,155.0,45.0,-43.0,5137.0,113.0,17.0,7.2170682685722465,62.09062499436175,
4710,239.91826,192.546907607053,43.78611866459841,189.91283175567148,28.0,0.7948,386.0,54.0,179.0,1232.0,32.0,229.0,159.0,431.0,39.87214269192253,90,4,51,65,198.0,-18.0,57.0,66.0,155.0,45.0,-43.0,5137.0,113.0,17.0,7.2215191278187705,62.09062499436175,
4711,478.04874,267.4086718022336,30.39086364485856,242.42604641751737,28.0,0.87335,411.0,63.0,208.0,1346.0,29.0,271.0,168.0,456.0,28.803430622641237,114,4,54,63,198.0,-41.0,57.0,40.0,130.0,20.0,-68.0,5092.0,88.0,-8.0,7.234871705558273,62.09062499436175,
4712,635.61035,265.3865802620465,40.857547172545594,254.86945637974307,28.0,0.8669,411.0,63.0,208.0,1346.0,29.0,271.0,168.0,456.0,39.10331312909537,121,2,59,59,198.0,-41.0,57.0,40.0,130.0,20.0,-68.0,5092.0,88.0,-8.0,7.239322564804798,62.09062499436175,
4713,831.54834,241.804429260691,38.07418937734364,235.83295959719086,28.0,0.8385,426.0,69.0,226.0,1416.0,27.0,295.0,173.0,471.0,34.606829853378585,122,5,53,56,199.0,-53.0,57.0,28.0,118.0,8.0,-81.0,5070.0,76.0,-19.0,7.243773424051324,62.09062499436175,
4714,979.2773,128.04529826829156,19.60687388789805,141.76378415042444,28.0,0.78225,176.0,30.0,115.0,725.0,27.0,212.0,78.0,232.0,15.80643934562917,105,5,49,58,258.0,-72.0,73.0,-1.0,151.0,9.0,-107.0,6573.0,96.0,87.0,8.476661435336382,62.09062499436175,
4715,935.0897,125.58733628846431,14.27333246598171,153.69242732534147,28.0,0.76765,176.0,30.0,115.0,725.0,27.0,212.0,78.0,232.0,10.475470818751731,113,8,50,60,258.0,-72.0,73.0,-1.0,151.0,9.0,-107.0,6573.0,96.0,87.0,8.48111229458291,62.09062499436175,
4716,902.662,127.93442514472483,11.51249757117654,158.9645166943362,28.0,0.74875,174.0,30.0,114.0,719.0,27.0,211.0,78.0,232.0,8.583801882565899,93,5,53,59,258.0,-71.0,73.0,0.0,152.0,10.0,-106.0,6567.0,97.0,87.0,8.485563153829434,62.09062499436175,
4717,878.7041,132.1981239231502,10.03483291884616,163.95203970748807,28.0,0.75065,174.0,30.0,114.0,719.0,27.0,211.0,78.0,232.0,7.101586096411374,96,5,52,62,258.0,-71.0,73.0,0.0,152.0,10.0,-106.0,6567.0,97.0,87.0,8.490014013075958,62.09062499436175,
4718,857.7685,134.14411220074697,11.070601840555282,162.83379202642345,28.0,0.7573,172.0,30.0,114.0,716.0,27.0,211.0,78.0,231.0,7.868921811355167,106,7,53,61,259.0,-72.0,73.0,1.0,153.0,10.0,-106.0,6614.0,98.0,89.0,8.494464872322482,62.09062499436175,
4719,833.2107,137.29085950146475,13.645795229279933,158.46942504225808,28.0,0.7379,172.0,30.0,114.0,716.0,27.0,211.0,78.0,231.0,10.29690915897456,129,6,52,60,259.0,-72.0,73.0,1.0,153.0,10.0,-106.0,6614.0,98.0,89.0,8.498915731569006,62.09062499436175,
4720,808.9779,152.5345238645579,11.938663240194488,169.3267836676724,28.0,0.7159,173.0,30.0,114.0,718.0,27.0,211.0,78.0,232.0,7.870828291056988,121,3,55,55,260.0,-72.0,73.0,0.0,153.0,10.0,-107.0,6626.0,98.0,88.0,8.50336659081546,62.09062499436175,
4721,798.16785,156.95755361492678,8.187284640768382,172.65480154028006,28.0,0.7074,173.0,30.0,114.0,718.0,27.0,211.0,78.0,232.0,5.3091330732153414,116,7,56,55,260.0,-72.0,73.0,0.0,153.0,10.0,-107.0,6626.0,98.0,88.0,8.507817450061985,62.09062499436175,
4722,792.7099,189.5460027732043,3.9988317590967317,178.63589276396522,28.0,0.6365,175.0,30.0,116.0,727.0,27.0,214.0,79.0,234.0,2.9179982887884583,110,5,55,57,259.0,-73.0,73.0,-1.0,151.0,9.0,-108.0,6614.0,96.0,87.0,8.51226830930851,62.09062499436175,
4723,788.3195,161.64968749126754,4.711818008520242,177.8956606768295,28.0,0.6277,180.0,32.0,120.0,745.0,26.0,219.0,81.0,239.0,3.5896696060964435,124,5,58,56,259.0,-75.0,73.0,-4.0,149.0,6.0,-110.0,6602.0,94.0,84.0,8.516719168555035,62.09062499436175,
4724,786.026,236.29187104237482,7.848083186152382,181.2879460487703,28.0,0.6868,180.0,32.0,120.0,745.0,26.0,219.0,81.0,239.0,4.656512813307831,127,2,58,59,259.0,-75.0,73.0,-4.0,149.0,6.0,-110.0,6602.0,94.0,84.0,8.521170027801558,62.09062499436175,
4725,794.1837,325.6741366599529,13.62256556820357,191.04820576574497,28.0,0.70175,186.0,33.0,124.0,763.0,26.0,223.0,82.0,243.0,8.121743197372076,127,1,56,58,259.0,-77.0,73.0,-7.0,147.0,4.0,-112.0,6593.0,91.0,82.0,8.525620887048083,62.09062499436175,
4726,1028.2115,18.520577628421616,21.222232026222297,168.4732540543937,28.0,0.77085,198.0,38.0,140.0,830.0,24.0,248.0,91.0,266.0,12.157167947190546,110,8,59,57,260.0,-87.0,73.0,-58.0,138.0,-6.0,-122.0,6605.0,82.0,72.0,8.690302679169212,62.09062499436175,
4727,1010.56396,21.84428356127951,20.19536682699036,167.56647192539057,28.0,0.7355,195.0,37.0,137.0,820.0,25.0,246.0,90.0,263.0,10.980791586565058,124,10,59,55,260.0,-86.0,73.0,-57.0,139.0,-5.0,-121.0,6625.0,83.0,73.0,8.694753538415737,62.09062499436175,
4728,805.3989,21.25132993559526,72.46649534149093,140.84936833853303,28.0,0.7849,420.0,63.0,208.0,1363.0,30.0,268.0,172.0,466.0,38.284991637376585,118,6,45,55,198.0,-36.0,57.0,45.0,135.0,25.0,-63.0,5079.0,92.0,-2.0,7.189869555847292,62.0885416610286,
4729,721.0396,36.95116618306484,73.73560295373635,111.39008563522836,29.0,0.857,404.0,58.0,191.0,1294.0,32.0,245.0,166.0,449.0,39.686329919133485,109,8,48,58,196.0,-23.0,57.0,58.0,146.0,37.0,-50.0,5056.0,104.0,10.0,7.1943201095802,62.0885416610286,
4730,597.08624,35.18903753246391,71.50909192673625,112.74062643624237,29.0,0.87095,404.0,58.0,191.0,1294.0,32.0,245.0,166.0,449.0,41.88889676384703,112,5,55,58,196.0,-23.0,57.0,58.0,146.0,37.0,-50.0,5056.0,104.0,10.0,7.198770663313109,62.0885416610286,
4731,472.40665,40.170281055406925,63.91252148324476,111.27223861929123,28.0,0.8809,392.0,55.0,182.0,1249.0,32.0,231.0,162.0,438.0,37.587348692644994,118,5,56,58,197.0,-17.0,57.0,66.0,154.0,45.0,-43.0,5113.0,112.0,16.0,7.2032212170460195,62.0885416610286,
4732,418.05518,133.81016705255274,32.4601971291578,178.71888901354254,28.0,0.8622,392.0,55.0,182.0,1249.0,32.0,231.0,162.0,438.0,24.323291521721668,100,3,54,63,197.0,-17.0,57.0,66.0,154.0,45.0,-43.0,5113.0,112.0,16.0,7.207671770778928,62.0885416610286,
4733,601.6025,266.99585198046947,28.93843290025016,251.22879640516462,28.0,0.8676,411.0,63.0,208.0,1346.0,29.0,271.0,168.0,456.0,28.61867238767688,137,4,58,63,198.0,-41.0,57.0,40.0,130.0,20.0,-68.0,5092.0,88.0,-8.0,7.238825646909221,62.0885416610286,
4734,776.18164,251.1842599999887,51.116890493854854,255.0,28.0,0.8582,426.0,69.0,226.0,1416.0,27.0,295.0,173.0,471.0,44.10417927359583,124,3,54,58,199.0,-53.0,57.0,28.0,118.0,8.0,-81.0,5070.0,76.0,-19.0,7.243276200642131,62.0885416610286,
4735,947.4636,131.74352479400108,17.903869081389825,149.61716458312748,28.0,0.76805,176.0,30.0,115.0,725.0,27.0,212.0,78.0,232.0,13.23044348091126,113,7,53,58,258.0,-72.0,73.0,-1.0,151.0,9.0,-107.0,6573.0,96.0,87.0,8.476079584655707,62.0885416610286,
4736,911.7948,135.64916044069628,14.808541340632033,155.788516462844,28.0,0.7635,176.0,30.0,115.0,725.0,27.0,212.0,78.0,232.0,11.19926171158652,120,6,53,58,258.0,-72.0,73.0,-1.0,151.0,9.0,-107.0,6573.0,96.0,87.0,8.480530138388618,62.0885416610286,
4737,882.7003,136.33553939551652,12.90480513467214,160.35269672565946,28.0,0.762,174.0,30.0,114.0,719.0,27.0,211.0,78.0,232.0,9.234415880057576,105,7,53,57,258.0,-71.0,73.0,0.0,152.0,10.0,-106.0,6567.0,97.0,87.0,8.484980692121527,62.0885416610286,
4738,857.2633,138.642946162055,13.283209039933434,161.08765570215013,28.0,0.75165,174.0,30.0,114.0,719.0,27.0,211.0,78.0,232.0,9.372635005010341,103,6,53,58,258.0,-71.0,73.0,0.0,152.0,10.0,-106.0,6567.0,97.0,87.0,8.489431245854435,62.0885416610286,
4739,833.2016,139.43426482029759,13.15771118194206,161.3392260118724,28.0,0.73655,172.0,30.0,114.0,716.0,27.0,211.0,78.0,231.0,9.477065535034356,129,5,56,59,259.0,-72.0,73.0,1.0,153.0,10.0,-106.0,6614.0,98.0,89.0,8.493881799587344,62.0885416610286,
4740,809.71783,146.78647037847787,9.408994567000803,164.38192478598512,28.0,0.6976,172.0,30.0,114.0,716.0,27.0,211.0,78.0,231.0,7.402090138456537,129,5,56,59,259.0,-72.0,73.0,1.0,153.0,10.0,-106.0,6614.0,98.0,89.0,8.498332353320253,62.0885416610286,
4741,796.60565,250.6980876136259,7.439904933841999,182.0266531824158,28.0,0.6525,173.0,30.0,114.0,718.0,27.0,211.0,78.0,232.0,4.8182184838432125,122,5,56,59,260.0,-72.0,73.0,0.0,153.0,10.0,-107.0,6626.0,98.0,88.0,8.507233460785999,62.0885416610286,
4742,800.8526,252.80675045905048,9.594801798779693,182.31204833953703,28.0,0.6197,175.0,30.0,116.0,727.0,27.0,214.0,79.0,234.0,6.101850191784732,117,6,54,59,259.0,-73.0,73.0,-1.0,151.0,9.0,-108.0,6614.0,96.0,87.0,8.511684014518911,62.0885416610286,
4743,803.2463,182.07337885785952,11.554793980344456,183.12209004519826,28.0,0.6385,175.0,30.0,116.0,727.0,27.0,214.0,79.0,234.0,7.4651551398363125,116,7,56,57,259.0,-73.0,73.0,-1.0,151.0,9.0,-108.0,6614.0,96.0,87.0,8.51613456825182,62.0885416610286,
4744,813.73596,339.60934461739055,17.823103875547535,192.5658989265663,28.0,0.6826,180.0,32.0,120.0,745.0,26.0,219.0,81.0,239.0,11.365686751539533,131,4,57,61,259.0,-75.0,73.0,-4.0,149.0,6.0,-110.0,6602.0,94.0,84.0,8.520585121984729,62.0885416610286,
4745,831.39374,327.94635295748907,20.40625413137133,197.04239111802056,28.0,0.73655,186.0,33.0,124.0,763.0,26.0,223.0,82.0,243.0,12.82457186496078,130,3,57,59,259.0,-77.0,73.0,-7.0,147.0,4.0,-112.0,6593.0,91.0,82.0,8.525035675717637,62.0885416610286,
4746,1069.6084,26.13286222892464,27.106252728466487,167.6816665381161,28.0,0.7481,195.0,37.0,137.0,820.0,25.0,246.0,90.0,263.0,16.007884511012715,111,11,59,53,260.0,-86.0,73.0,-57.0,139.0,-5.0,-121.0,6625.0,83.0,73.0,8.694156717567903,62.0885416610286,
4747,1050.9514,37.41506209639737,29.215810065240536,166.07742240405128,28.0,0.7381,195.0,37.0,137.0,820.0,25.0,246.0,90.0,263.0,17.265415854479127,123,10,60,54,260.0,-86.0,73.0,-57.0,139.0,-5.0,-121.0,6625.0,83.0,73.0,8.698607271300741,62.0885416610286,
4748,1009.7479,182.85353880884836,34.78356047831222,173.27759259954556,28.0,0.6802,192.0,37.0,135.0,810.0,25.0,243.0,89.0,260.0,20.858350053632677,124,5,61,56,262.0,-85.0,74.0,-56.0,141.0,-4.0,-121.0,6646.0,85.0,74.0,8.70750837876656,62.0885416610286,
4749,739.02686,54.242551366160086,44.82371428947178,105.83129124672155,29.0,0.8496,404.0,58.0,191.0,1294.0,32.0,245.0,166.0,449.0,31.610896649297533,115,4,53,59,196.0,-23.0,57.0,58.0,146.0,37.0,-50.0,5056.0,104.0,10.0,7.198276572392675,62.08645832769546,
4750,621.6424,51.37580886147522,54.793513592702105,98.97833613966627,28.0,0.8507,392.0,55.0,182.0,1249.0,32.0,231.0,162.0,438.0,35.69481031216299,120,2,56,58,197.0,-17.0,57.0,66.0,154.0,45.0,-43.0,5113.0,112.0,16.0,7.202726820659791,62.08645832769546,
4751,486.59344,54.45147444616575,43.06399545859056,106.02604535299227,28.0,0.8647,392.0,55.0,182.0,1249.0,32.0,231.0,162.0,438.0,31.263248958366255,111,2,55,62,197.0,-17.0,57.0,66.0,154.0,45.0,-43.0,5113.0,112.0,16.0,7.2071770689269075,62.08645832769546,
4752,568.32605,248.74217657574738,23.77435753215439,242.05063064513772,28.0,0.8752,411.0,63.0,208.0,1346.0,29.0,271.0,168.0,456.0,22.441529728971766,117,4,53,62,198.0,-41.0,57.0,40.0,130.0,20.0,-68.0,5092.0,88.0,-8.0,7.238328806796648,62.08645832769546,
4753,684.8672,248.56247875166613,42.59876801994781,254.47713432288305,28.0,0.85975,426.0,69.0,226.0,1416.0,27.0,295.0,173.0,471.0,35.01459702715791,117,3,56,62,199.0,-53.0,57.0,28.0,118.0,8.0,-81.0,5070.0,76.0,-19.0,7.242779055063764,62.08645832769546,
4754,891.40045,247.28186882055363,68.33339142576973,255.0,28.0,0.8133,426.0,69.0,226.0,1416.0,27.0,295.0,173.0,471.0,50.49209359806556,119,3,58,56,199.0,-53.0,57.0,28.0,118.0,8.0,-81.0,5070.0,76.0,-19.0,7.247229303330881,62.08645832769546,
4755,1007.29553,135.00969834403435,28.507672417458657,137.39346180387537,28.0,0.7613,193.0,34.0,128.0,785.0,25.0,227.0,84.0,248.0,19.70708784217715,110,5,50,57,255.0,-78.0,72.0,-9.0,143.0,2.0,-112.0,6485.0,88.0,79.0,8.466597328518407,62.08645832769546,
4756,955.8436,137.71717854388768,22.59748319658278,147.61070766059945,28.0,0.7751,183.0,32.0,121.0,750.0,26.0,218.0,81.0,239.0,15.52518989194749,115,8,53,59,256.0,-75.0,73.0,-4.0,147.0,6.0,-109.0,6512.0,92.0,82.0,8.471047576785525,62.08645832769546,
4757,916.7783,139.11673139667366,18.305543933044518,154.91542942804347,28.0,0.7772,176.0,30.0,115.0,725.0,27.0,212.0,78.0,232.0,12.426090509666063,116,5,54,58,258.0,-72.0,73.0,-1.0,151.0,9.0,-107.0,6573.0,96.0,87.0,8.47549782505264,62.08645832769546,
4758,883.3104,139.0553284651245,16.860103727271685,156.34065602762595,28.0,0.7687,176.0,30.0,115.0,725.0,27.0,212.0,78.0,232.0,11.687160559588198,107,4,53,57,258.0,-72.0,73.0,-1.0,151.0,9.0,-107.0,6573.0,96.0,87.0,8.479948073319758,62.08645832769546,
4759,854.4913,146.21005805668807,15.847249462363184,160.55414191144524,28.0,0.7629,174.0,30.0,114.0,719.0,27.0,211.0,78.0,232.0,11.341312052172595,123,5,52,56,258.0,-71.0,73.0,0.0,152.0,10.0,-106.0,6567.0,97.0,87.0,8.484398321586873,62.08645832769546,
4760,828.99634,140.58314194275707,12.741537034915357,161.9637500065391,28.0,0.74635,174.0,30.0,114.0,719.0,27.0,211.0,78.0,232.0,9.18785507038633,125,6,54,57,258.0,-71.0,73.0,0.0,152.0,10.0,-106.0,6567.0,97.0,87.0,8.488848569853989,62.08645832769546,
4761,812.6217,128.80492979801687,7.055170292702061,171.27601574704062,28.0,0.69015,172.0,30.0,114.0,716.0,27.0,211.0,78.0,231.0,4.430852287255499,127,4,57,57,259.0,-72.0,73.0,1.0,153.0,10.0,-106.0,6614.0,98.0,89.0,8.493298818121106,62.08645832769546,
4762,806.4004,179.75356911129572,6.020389978485879,179.27061488663466,28.0,0.644,172.0,30.0,114.0,716.0,27.0,211.0,78.0,231.0,3.611472719167727,126,3,58,57,259.0,-72.0,73.0,1.0,153.0,10.0,-106.0,6614.0,98.0,89.0,8.497749066388222,62.08645832769546,
4763,811.2202,312.3047420670532,11.847389956476295,188.84144010583537,28.0,0.6409,173.0,30.0,114.0,718.0,27.0,211.0,78.0,232.0,7.117654471766582,118,4,60,58,260.0,-72.0,73.0,0.0,153.0,10.0,-107.0,6626.0,98.0,88.0,8.502199314655266,62.08645832769546,
4764,822.25653,281.6287567066917,14.921808668312467,186.09121984367903,28.0,0.6572,173.0,30.0,114.0,718.0,27.0,211.0,78.0,232.0,8.851241222327372,124,6,58,59,260.0,-72.0,73.0,0.0,153.0,10.0,-107.0,6626.0,98.0,88.0,8.50664956292238,62.08645832769546,
4765,832.83673,280.3721561862415,18.20117519362131,186.0734621223705,28.0,0.6493,175.0,30.0,116.0,727.0,27.0,214.0,79.0,234.0,10.970452813741506,123,2,58,58,259.0,-73.0,73.0,-1.0,151.0,9.0,-108.0,6614.0,96.0,87.0,8.511099811189498,62.08645832769546,
4766,838.03595,236.97164394628493,21.62854959032334,190.08901438278684,28.0,0.65075,175.0,30.0,116.0,727.0,27.0,214.0,79.0,234.0,17.039271781527088,135,3,59,59,259.0,-73.0,73.0,-1.0,151.0,9.0,-108.0,6614.0,96.0,87.0,8.515550059456615,62.08645832769546,
4767,862.60913,321.78439197627773,23.89535052189471,196.07836743072045,28.0,0.714,180.0,32.0,120.0,745.0,26.0,219.0,81.0,239.0,14.557142456444973,136,4,58,58,259.0,-75.0,73.0,-4.0,149.0,6.0,-110.0,6602.0,94.0,84.0,8.52000030772373,62.08645832769546,
4768,880.46155,318.80978357986845,23.83712020630916,197.25009225840807,28.0,0.7571,180.0,32.0,120.0,745.0,26.0,219.0,81.0,239.0,14.709977839456904,124,3,56,58,259.0,-75.0,73.0,-4.0,149.0,6.0,-110.0,6602.0,94.0,84.0,8.524450555990846,62.08645832769546,
4769,906.6166,333.54736453620757,23.469803459713773,200.15848768635658,28.0,0.7581,186.0,33.0,124.0,763.0,26.0,223.0,82.0,243.0,14.23042129391827,145,5,59,56,259.0,-77.0,73.0,-7.0,147.0,4.0,-112.0,6593.0,91.0,82.0,8.528900804257962,62.08645832769546,
4770,1069.9941,102.8881492552908,31.478966846645296,177.31462066052978,28.0,0.7325,190.0,36.0,133.0,802.0,25.0,242.0,88.0,258.0,17.973723315557443,119,6,60,59,263.0,-84.0,74.0,-55.0,143.0,-3.0,-120.0,6663.0,86.0,76.0,8.724711728010714,62.08645832769546,
4771,1065.8595,154.45690279491623,29.90565962961508,178.49407424695332,28.0,0.72725,190.0,36.0,133.0,801.0,25.0,241.0,88.0,258.0,17.436004957574426,105,9,60,59,264.0,-84.0,74.0,-55.0,143.0,-2.0,-121.0,6691.0,86.0,77.0,8.72916197627783,62.08645832769546,
4772,1061.7296,148.510040425928,27.505501734848913,179.43220952371414,28.0,0.7157,190.0,36.0,133.0,803.0,25.0,243.0,89.0,259.0,16.05817757929983,123,12,61,55,263.0,-84.0,74.0,-55.0,143.0,-2.0,-120.0,6691.0,86.0,77.0,8.733612224544945,62.08645832769546,
4773,709.60333,67.20646879371502,29.992904306835673,110.68574018990665,28.0,0.8426,392.0,55.0,182.0,1249.0,32.0,231.0,162.0,438.0,25.1167955356555,120,2,56,58,197.0,-17.0,57.0,66.0,154.0,45.0,-43.0,5113.0,112.0,16.0,7.20223250165674,62.08437499436231,
4774,586.51154,68.85802995921212,40.09605235810313,87.09493932513674,28.0,0.8738,392.0,55.0,182.0,1249.0,32.0,231.0,162.0,438.0,35.13570530762763,114,5,55,60,197.0,-17.0,57.0,66.0,154.0,45.0,-43.0,5113.0,112.0,16.0,7.206682444505874,62.08437499436231,
4775,438.6197,71.85008064806698,29.623024209476277,98.27010034101473,28.0,0.8811,372.0,52.0,172.0,1194.0,33.0,222.0,154.0,421.0,29.073317977779492,112,2,53,65,199.0,-13.0,57.0,71.0,160.0,49.0,-39.0,5146.0,117.0,20.0,7.211132387355009,62.08437499436231,
4776,523.9967,243.01990384082933,20.92592567070252,227.11994562915638,28.0,0.85995,411.0,63.0,208.0,1346.0,29.0,271.0,168.0,456.0,17.879803984105422,112,5,55,62,198.0,-41.0,57.0,40.0,130.0,20.0,-68.0,5092.0,88.0,-8.0,7.237832044449745,62.08437499436231,
4777,603.32874,235.3843015044834,38.17015207896631,245.4114560301237,28.0,0.85225,426.0,69.0,226.0,1416.0,27.0,295.0,173.0,471.0,29.152981712257745,118,4,55,63,199.0,-53.0,57.0,28.0,118.0,8.0,-81.0,5070.0,76.0,-19.0,7.242281987298879,62.08437499436231,
4778,759.575,241.26886798300404,63.31960709792495,254.99970854608833,28.0,0.81775,426.0,69.0,226.0,1416.0,27.0,295.0,173.0,471.0,43.8269154661347,109,4,55,60,199.0,-53.0,57.0,28.0,118.0,8.0,-81.0,5070.0,76.0,-19.0,7.246731930148014,62.08437499436231,
4779,960.6272,133.8145257666576,23.3547290748913,143.25585564750767,28.0,0.7873,193.0,34.0,128.0,785.0,25.0,227.0,84.0,248.0,16.612403354530734,118,6,53,59,255.0,-78.0,72.0,-9.0,143.0,2.0,-112.0,6485.0,88.0,79.0,8.466016270808616,62.08437499436231,
4780,916.83234,138.91288019553582,20.604978872354973,151.908518247902,28.0,0.7713,183.0,32.0,121.0,750.0,26.0,218.0,81.0,239.0,13.973732441609114,124,7,53,58,256.0,-75.0,73.0,-4.0,147.0,6.0,-109.0,6512.0,92.0,82.0,8.47046621365775,62.08437499436231,
4781,880.8884,144.71069194042204,18.649895530582683,157.4253730559966,28.0,0.7708,183.0,32.0,121.0,750.0,26.0,218.0,81.0,239.0,12.6793205780628,117,5,53,58,256.0,-75.0,73.0,-4.0,147.0,6.0,-109.0,6512.0,92.0,82.0,8.474916156506884,62.08437499436231,
4782,850.303,140.43592211874872,15.299900668391187,158.9178749533471,28.0,0.7599,176.0,30.0,115.0,725.0,27.0,212.0,78.0,232.0,10.902798905410235,126,5,53,57,258.0,-72.0,73.0,-1.0,151.0,9.0,-107.0,6573.0,96.0,87.0,8.47936609935602,62.08437499436231,
4783,826.65594,133.7202318756285,9.607876047526384,166.67313209241155,28.0,0.73545,174.0,30.0,114.0,719.0,27.0,211.0,78.0,232.0,6.8007722279969185,125,4,53,56,258.0,-71.0,73.0,0.0,152.0,10.0,-106.0,6567.0,97.0,87.0,8.483816042205154,62.08437499436231,
4784,815.5271,136.3441951053467,4.944186216993721,175.16069893962845,28.0,0.66515,174.0,30.0,114.0,719.0,27.0,211.0,78.0,232.0,3.0111930655289036,126,3,56,57,258.0,-71.0,73.0,0.0,152.0,10.0,-106.0,6567.0,97.0,87.0,8.488265985054289,62.08437499436231,
4785,814.7879,256.5256478129068,7.815881672849574,184.46685577149822,28.0,0.66335,172.0,30.0,114.0,716.0,27.0,211.0,78.0,231.0,4.026088238363316,133,4,58,58,259.0,-72.0,73.0,1.0,153.0,10.0,-106.0,6614.0,98.0,89.0,8.492715927903424,62.08437499436231,
4786,826.7304,334.6822669578237,16.538874692902642,194.1838149890993,28.0,0.6582,172.0,30.0,114.0,716.0,27.0,211.0,78.0,231.0,10.238435151149101,133,4,58,58,259.0,-72.0,73.0,1.0,153.0,10.0,-106.0,6614.0,98.0,89.0,8.497165870752559,62.08437499436231,
4787,847.2256,286.29385083810433,20.31734003107732,191.79864945537935,28.0,0.6844,173.0,30.0,114.0,718.0,27.0,211.0,78.0,232.0,12.59900172604856,121,3,57,59,260.0,-72.0,73.0,0.0,153.0,10.0,-107.0,6626.0,98.0,88.0,8.50161581360162,62.08437499436231,
4788,860.8725,264.7871874571431,24.23754721877603,194.47977180293904,28.0,0.69365,173.0,30.0,114.0,718.0,27.0,211.0,78.0,232.0,14.392849464301044,124,2,59,58,260.0,-72.0,73.0,0.0,153.0,10.0,-107.0,6626.0,98.0,88.0,8.506065756450756,62.08437499436231,
4789,883.2483,231.53380409438986,26.38231829751216,182.14805757098705,28.0,0.68935,175.0,30.0,116.0,727.0,27.0,214.0,79.0,234.0,17.655518190503788,132,3,59,58,259.0,-73.0,73.0,-1.0,151.0,9.0,-108.0,6614.0,96.0,87.0,8.510515699299892,62.08437499436231,
4790,891.32715,266.2751893510544,24.711542242054357,195.4083455493774,28.0,0.66315,175.0,30.0,116.0,727.0,27.0,214.0,79.0,234.0,17.059382613665015,127,7,57,59,259.0,-73.0,73.0,-1.0,151.0,9.0,-108.0,6614.0,96.0,87.0,8.514965642149026,62.08437499436231,
4791,911.14606,316.4452151838321,21.115926413127248,192.81505791573326,28.0,0.7136,180.0,32.0,120.0,745.0,26.0,219.0,81.0,239.0,12.126540446948303,134,6,58,56,259.0,-75.0,73.0,-4.0,149.0,6.0,-110.0,6602.0,94.0,84.0,8.51941558499816,62.08437499436231,
4792,928.6428,335.56175903947013,21.43975420796946,197.15320797145392,28.0,0.7651,180.0,32.0,120.0,745.0,26.0,219.0,81.0,239.0,12.914165275042128,138,6,58,55,259.0,-75.0,73.0,-4.0,149.0,6.0,-110.0,6602.0,94.0,84.0,8.523865527847294,62.08437499436231,
4793,952.28204,331.82342028934585,19.54560442510059,198.23498865545503,28.0,0.7674,186.0,33.0,124.0,763.0,26.0,223.0,82.0,243.0,12.095521776481299,136,5,57,56,259.0,-77.0,73.0,-7.0,147.0,4.0,-112.0,6593.0,91.0,82.0,8.528315470696429,62.08437499436231,
4794,627.4061,87.74568180984376,27.041724493205066,98.25714314795789,28.0,0.85085,400.0,57.0,188.0,1280.0,32.0,241.0,165.0,446.0,27.45838184515438,121,2,56,58,198.0,-23.0,57.0,60.0,149.0,39.0,-49.0,5124.0,107.0,10.0,7.2061878974985865,62.08229166102917,
4795,485.95514,80.03737614931504,29.894278894763584,87.29129418811537,28.0,0.8784,388.0,54.0,179.0,1238.0,32.0,230.0,160.0,434.0,32.221633880211385,113,1,56,61,197.0,-18.0,57.0,66.0,154.0,45.0,-43.0,5125.0,112.0,17.0,7.210637534977541,62.08229166102917,
4796,534.43677,227.97086750293658,28.457658193011863,225.66924305879306,29.0,0.85415,400.0,60.0,197.0,1299.0,30.0,257.0,164.0,444.0,19.837184924480905,116,4,58,62,200.0,-35.0,58.0,47.0,137.0,26.0,-63.0,5134.0,95.0,-1.0,7.241784997330148,62.08229166102917,
4797,1007.9763,140.98442380434693,28.620533652668495,143.27690165575603,28.0,0.7697,180.0,31.0,118.0,737.0,26.0,214.0,79.0,235.0,18.958522339933893,106,6,51,56,256.0,-73.0,73.0,-3.0,149.0,7.0,-107.0,6524.0,94.0,84.0,8.45653602908242,62.08229166102917,
4798,963.4315,141.166475313189,23.843107175476064,148.77242694409324,28.0,0.7791,177.0,30.0,116.0,730.0,27.0,214.0,79.0,235.0,16.164660145727964,111,6,49,59,258.0,-73.0,73.0,-2.0,150.0,8.0,-108.0,6555.0,95.0,85.0,8.460985666561374,62.08229166102917,
4799,922.5494,137.62279271594798,20.73268875774236,149.99195598652418,28.0,0.7833,177.0,30.0,116.0,730.0,27.0,214.0,79.0,235.0,14.436134886867551,115,5,54,58,258.0,-73.0,73.0,-2.0,150.0,8.0,-108.0,6555.0,95.0,85.0,8.465435304040255,62.08229166102917,
4800,883.0024,135.9338023408012,17.481322423040716,153.5678550633674,28.0,0.75735,175.0,30.0,114.0,721.0,27.0,211.0,78.0,232.0,12.328267265971117,117,4,54,56,258.0,-73.0,73.0,-1.0,151.0,9.0,-107.0,6564.0,96.0,86.0,8.469884941519211,62.08229166102917,
4801,850.55286,134.75784972767661,12.843997496257542,159.95932884204103,28.0,0.73885,175.0,30.0,114.0,721.0,27.0,211.0,78.0,232.0,9.299095775977035,123,1,56,59,258.0,-73.0,73.0,-1.0,151.0,9.0,-107.0,6564.0,96.0,86.0,8.474334578998166,62.08229166102917,
4802,829.3971,120.38077524694187,7.17603246361749,168.04252511865576,28.0,0.70695,181.0,32.0,120.0,746.0,26.0,218.0,81.0,239.0,5.297056185464928,129,5,56,59,258.0,-75.0,73.0,-5.0,148.0,6.0,-110.0,6541.0,92.0,83.0,8.47878421647712,62.08229166102917,
4803,820.46594,177.0416702735219,4.425171673678587,178.8559735645831,28.0,0.6791,181.0,32.0,120.0,746.0,26.0,218.0,81.0,239.0,2.225960342421045,122,6,56,57,258.0,-75.0,73.0,-5.0,148.0,6.0,-110.0,6541.0,92.0,83.0,8.483233853956074,62.08229166102917,
4804,823.4477,228.6143901722223,9.40724814921959,187.54424438382887,28.0,0.7093,190.0,34.0,127.0,777.0,25.0,226.0,83.0,246.0,5.52153533152714,128,7,60,56,255.0,-78.0,72.0,-8.0,143.0,2.0,-112.0,6509.0,89.0,79.0,8.487683491435028,62.08229166102917,
4805,840.26984,328.1770401782027,19.319485240227127,200.50534843791127,28.0,0.7176,193.0,35.0,130.0,790.0,25.0,230.0,85.0,250.0,11.921699829610741,122,3,57,58,256.0,-80.0,72.0,-10.0,142.0,0.0,-114.0,6488.0,86.0,77.0,8.492133128913983,62.08229166102917,
4806,872.77325,314.77267230674755,24.74246474957113,205.3744323980638,28.0,0.7106,193.0,35.0,130.0,790.0,25.0,230.0,85.0,250.0,15.80350821478417,130,4,59,58,256.0,-80.0,72.0,-10.0,142.0,0.0,-114.0,6488.0,86.0,77.0,8.496582766392935,62.08229166102917,
4807,896.4992,289.06554512964067,26.879501033762793,193.04849978527034,28.0,0.7207,193.0,35.0,130.0,790.0,25.0,230.0,85.0,250.0,15.891612119295333,131,5,57,57,256.0,-80.0,72.0,-11.0,142.0,0.0,-114.0,6490.0,86.0,77.0,8.501032403871818,62.08229166102917,
4808,923.5039,267.99047462366997,29.193841526648196,198.56243992154924,28.0,0.7335,193.0,35.0,130.0,790.0,25.0,230.0,85.0,250.0,18.83066462071584,134,3,55,58,256.0,-80.0,72.0,-11.0,142.0,0.0,-114.0,6490.0,86.0,77.0,8.505482041350772,62.08229166102917,
4809,936.2287,203.5399548000078,21.599326998720223,184.22452432265914,28.0,0.69605,194.0,35.0,132.0,798.0,25.0,233.0,86.0,253.0,17.316014593665184,144,3,57,59,256.0,-81.0,72.0,-12.0,141.0,-1.0,-115.0,6484.0,85.0,76.0,8.509931678829727,62.08229166102917,
4810,939.72406,234.567680562212,20.092765125112766,189.5257581217481,28.0,0.6659,194.0,35.0,132.0,798.0,25.0,233.0,86.0,253.0,14.271459255932895,137,3,57,58,256.0,-81.0,72.0,-12.0,141.0,-1.0,-115.0,6484.0,85.0,76.0,8.514381316308683,62.08229166102917,
4811,970.3223,335.854767239536,17.846061372217076,193.6648924220641,28.0,0.7637,200.0,36.0,135.0,816.0,24.0,238.0,87.0,258.0,10.427415334464122,135,6,56,55,255.0,-82.0,72.0,-15.0,138.0,-3.0,-117.0,6473.0,83.0,74.0,8.52328059126659,62.08229166102917,
4812,990.3093,333.41286112601387,19.440514510246317,197.24430965853992,28.0,0.7581,204.0,38.0,139.0,834.0,24.0,243.0,89.0,263.0,12.071550012173287,130,7,56,55,255.0,-85.0,72.0,-17.0,136.0,-5.0,-119.0,6456.0,81.0,71.0,8.527730228745543,62.08229166102917,
4813,1013.5694,337.2656431810826,19.74720864932465,194.9380730203775,28.0,0.7359,204.0,38.0,139.0,834.0,24.0,243.0,89.0,263.0,12.035266894338232,132,8,56,53,255.0,-85.0,72.0,-17.0,136.0,-5.0,-119.0,6456.0,81.0,71.0,8.532179866224498,62.08229166102917,
4814,642.7372,89.86674401270842,28.18194986881364,87.37757548086805,28.0,0.86905,400.0,57.0,188.0,1280.0,32.0,241.0,165.0,446.0,31.543007743913563,134,1,59,56,198.0,-23.0,57.0,60.0,149.0,39.0,-49.0,5124.0,107.0,10.0,7.205693427887795,62.08020832769601,
4815,511.97186,80.88399297797422,23.62968130681297,109.51912705606787,28.0,0.8866,388.0,54.0,179.0,1238.0,32.0,230.0,160.0,434.0,23.722092645658254,130,2,60,60,197.0,-18.0,57.0,66.0,154.0,45.0,-43.0,5125.0,112.0,17.0,7.210142760044358,62.08020832769601,
4816,432.91806,56.053426447808434,28.564982897414758,135.37991911271192,28.0,0.8772,388.0,54.0,179.0,1238.0,32.0,230.0,160.0,434.0,21.36902280209792,105,3,53,63,197.0,-18.0,57.0,66.0,154.0,45.0,-43.0,5125.0,112.0,17.0,7.214592092200924,62.08020832769601,
4817,546.2711,238.16013120349663,33.49521745496498,243.1811701436292,29.0,0.86325,400.0,60.0,197.0,1299.0,30.0,257.0,164.0,444.0,25.72902185640612,126,7,56,62,200.0,-35.0,58.0,47.0,137.0,26.0,-63.0,5134.0,95.0,-1.0,7.245737417296801,62.08020832769601,
4818,999.9997,142.99478838487875,28.406982004149043,146.00422682900387,28.0,0.76695,180.0,31.0,118.0,737.0,26.0,214.0,79.0,235.0,18.448338820790653,107,6,48,54,256.0,-73.0,73.0,-3.0,149.0,7.0,-107.0,6524.0,94.0,84.0,8.451506431723447,62.08020832769601,
4819,957.3705,141.48775650444932,23.766125151045326,150.0788089679332,28.0,0.786,180.0,31.0,118.0,737.0,26.0,214.0,79.0,235.0,15.672864017648205,123,6,49,59,256.0,-73.0,73.0,-3.0,149.0,7.0,-107.0,6524.0,94.0,84.0,8.45595576388001,62.08020832769601,
4820,919.8689,140.41543840707078,21.406910241754645,152.13148547750836,28.0,0.7935,177.0,30.0,116.0,730.0,27.0,214.0,79.0,235.0,14.199195581229212,108,3,54,60,258.0,-73.0,73.0,-2.0,150.0,8.0,-108.0,6555.0,95.0,85.0,8.460405096036574,62.08020832769601,
4821,883.1458,142.35501531041814,19.76746371937335,153.88722213167597,28.0,0.7556,177.0,30.0,116.0,730.0,27.0,214.0,79.0,235.0,13.949936224201306,119,4,53,56,258.0,-73.0,73.0,-2.0,150.0,8.0,-108.0,6555.0,95.0,85.0,8.464854428193066,62.08020832769601,
4822,850.2611,141.18411826950108,13.950265864589252,162.75530311787844,28.0,0.7256,175.0,30.0,114.0,721.0,27.0,211.0,78.0,232.0,9.57868436044451,116,6,55,59,258.0,-73.0,73.0,-1.0,151.0,9.0,-107.0,6564.0,96.0,86.0,8.46930376034963,62.08020832769601,
4823,832.95386,155.8845481988877,6.635179744130905,173.93104770285527,28.0,0.68775,175.0,30.0,114.0,721.0,27.0,211.0,78.0,232.0,3.7436836332058023,128,2,57,58,258.0,-73.0,73.0,-1.0,151.0,9.0,-107.0,6564.0,96.0,86.0,8.473753092506195,62.08020832769601,
4824,829.13226,120.63367067170655,5.977490426305518,180.40918277740764,28.0,0.667,181.0,32.0,120.0,746.0,26.0,218.0,81.0,239.0,2.6739631665225416,126,3,57,60,258.0,-75.0,73.0,-5.0,148.0,6.0,-110.0,6541.0,92.0,83.0,8.47820242466276,62.08020832769601,
4825,835.9456,269.1312506643087,13.337510048756586,190.61025583565458,28.0,0.7009,181.0,32.0,120.0,746.0,26.0,218.0,81.0,239.0,8.413021651560143,111,6,57,58,258.0,-75.0,73.0,-5.0,148.0,6.0,-110.0,6541.0,92.0,83.0,8.482651756819322,62.08020832769601,
4826,855.2467,326.53663877981927,21.908357551235213,202.68976943059985,28.0,0.7421,190.0,34.0,127.0,777.0,25.0,226.0,83.0,246.0,14.189891872782816,129,4,57,57,255.0,-78.0,72.0,-8.0,143.0,2.0,-112.0,6509.0,89.0,79.0,8.487101088975887,62.08020832769601,
4827,889.5784,326.5294849760898,27.54624036527102,210.60659212092986,28.0,0.7689,190.0,34.0,127.0,777.0,25.0,226.0,83.0,246.0,17.626223674310513,129,4,58,57,255.0,-78.0,72.0,-8.0,143.0,2.0,-112.0,6509.0,89.0,79.0,8.49155042113245,62.08020832769601,
4828,927.313,331.75350151556245,27.406036253875097,202.56410829337756,28.0,0.7625,193.0,35.0,130.0,790.0,25.0,230.0,85.0,250.0,17.159539635749262,133,4,60,56,256.0,-80.0,72.0,-10.0,142.0,0.0,-114.0,6488.0,86.0,77.0,8.495999753289015,62.08020832769601,
4829,954.7511,316.87354129093643,23.692854633473832,197.05339082956525,28.0,0.7426,193.0,35.0,130.0,790.0,25.0,230.0,85.0,250.0,13.370064461318373,134,5,59,58,256.0,-80.0,72.0,-11.0,142.0,0.0,-114.0,6490.0,86.0,77.0,8.500449085445508,62.08020832769601,
4830,978.59033,283.08795460622866,20.091283743746473,192.14028331237282,28.0,0.7227,193.0,35.0,130.0,790.0,25.0,230.0,85.0,250.0,12.222250126458048,133,1,61,58,256.0,-80.0,72.0,-11.0,142.0,0.0,-114.0,6490.0,86.0,77.0,8.504898417602071,62.08020832769601,
4831,981.41693,162.9320735895657,18.15284921513082,179.07370728015977,28.0,0.69355,194.0,35.0,132.0,798.0,25.0,233.0,86.0,253.0,13.588500278966245,132,2,60,57,256.0,-81.0,72.0,-12.0,141.0,-1.0,-115.0,6484.0,85.0,76.0,8.509347749758636,62.08020832769601,
4832,1007.15765,332.1168588178109,17.78639216152583,197.36843246259417,28.0,0.72175,200.0,36.0,135.0,816.0,24.0,238.0,87.0,258.0,11.68436209262982,129,7,56,52,255.0,-82.0,72.0,-15.0,138.0,-3.0,-117.0,6473.0,83.0,74.0,8.522695746228328,62.08020832769601,
4833,1030.4246,328.1835084125341,17.50611548687141,198.5747301316933,28.0,0.7585,204.0,38.0,139.0,834.0,24.0,243.0,89.0,263.0,11.159170611186155,131,8,56,55,255.0,-85.0,72.0,-17.0,136.0,-5.0,-119.0,6456.0,81.0,71.0,8.52714507838489,62.08020832769601,
4834,1051.9111,336.22904430131257,15.832533425027481,191.95155848548143,28.0,0.7226,204.0,38.0,139.0,834.0,24.0,243.0,89.0,263.0,9.276107202197217,130,8,58,53,255.0,-85.0,72.0,-17.0,136.0,-5.0,-119.0,6456.0,81.0,71.0,8.531594410541455,62.08020832769601,
4835,799.6411,88.85416783538781,30.245941193619213,83.41626099866559,28.0,0.7753,400.0,57.0,188.0,1280.0,32.0,241.0,165.0,446.0,32.93468806172596,119,0,57,56,198.0,-23.0,57.0,60.0,149.0,39.0,-49.0,5124.0,107.0,10.0,7.200750008774312,62.078124994362874,
4836,665.6077,84.39857859737782,27.634245312011245,94.8209936679619,28.0,0.8265,400.0,57.0,188.0,1280.0,32.0,241.0,165.0,446.0,28.96781537699417,125,3,58,58,198.0,-23.0,57.0,60.0,149.0,39.0,-49.0,5124.0,107.0,10.0,7.205199035656267,62.078124994362874,
4837,541.76514,75.19515926860072,21.263721380447844,114.42670659551418,28.0,0.871,388.0,54.0,179.0,1238.0,32.0,230.0,160.0,434.0,22.39746248895324,126,1,59,58,197.0,-18.0,57.0,66.0,154.0,45.0,-43.0,5125.0,112.0,17.0,7.209648062538219,62.078124994362874,
4838,498.4057,207.47176580341568,26.56516294814184,185.74240870734624,28.0,0.8484,388.0,54.0,179.0,1238.0,32.0,230.0,160.0,434.0,18.22716677973131,99,0,54,59,197.0,-18.0,57.0,66.0,154.0,45.0,-43.0,5125.0,112.0,17.0,7.214097089420175,62.078124994362874,
4839,566.2363,231.124723275078,41.89755040335541,246.99136508800376,29.0,0.8375,400.0,60.0,197.0,1299.0,30.0,257.0,164.0,444.0,29.504795782517316,123,6,54,60,200.0,-35.0,58.0,47.0,137.0,26.0,-63.0,5134.0,95.0,-1.0,7.249689304475733,62.078124994362874,
4840,1029.9441,148.39185611631882,31.003129911911042,148.0122013945107,28.0,0.755,188.0,33.0,124.0,765.0,26.0,222.0,82.0,243.0,20.029525635162173,100,7,47,54,255.0,-75.0,72.0,-6.0,145.0,4.0,-110.0,6479.0,90.0,81.0,8.442028508837103,62.078124994362874,
4841,986.17615,145.02318586765313,27.58337208669205,147.81764969271808,28.0,0.7455,188.0,33.0,124.0,765.0,26.0,222.0,82.0,243.0,18.245408384294194,109,4,48,57,255.0,-75.0,72.0,-6.0,145.0,4.0,-110.0,6479.0,90.0,81.0,8.446477535719058,62.078124994362874,
4842,948.6006,145.94751616770878,23.48542649876606,153.90670080283158,28.0,0.7515,180.0,31.0,118.0,737.0,26.0,214.0,79.0,235.0,15.108916660726912,110,3,48,56,256.0,-73.0,73.0,-3.0,149.0,7.0,-107.0,6524.0,94.0,84.0,8.450926562601012,62.078124994362874,
4843,915.3079,142.68988660347182,21.155929179291917,153.69244951870925,28.0,0.7575,180.0,31.0,118.0,737.0,26.0,214.0,79.0,235.0,14.045129333924834,111,3,52,57,256.0,-73.0,73.0,-3.0,149.0,7.0,-107.0,6524.0,94.0,84.0,8.455375589482966,62.078124994362874,
4844,880.4208,141.72667668126428,18.55055429608561,154.42235672636437,28.0,0.7613,177.0,30.0,116.0,730.0,27.0,214.0,79.0,235.0,13.371710975698486,105,8,52,56,258.0,-73.0,73.0,-2.0,150.0,8.0,-108.0,6555.0,95.0,85.0,8.45982461636492,62.078124994362874,
4845,851.41614,138.16665545788246,10.84900773842886,164.7036184874671,28.0,0.7177,177.0,30.0,116.0,730.0,27.0,214.0,79.0,235.0,7.710971512398119,111,6,53,57,258.0,-73.0,73.0,-2.0,150.0,8.0,-108.0,6555.0,95.0,85.0,8.4642736432468,62.078124994362874,
4846,839.8821,118.66755730239495,5.084064115414491,176.43979938573997,28.0,0.6817,175.0,30.0,114.0,721.0,27.0,211.0,78.0,232.0,2.492276820836782,120,7,55,58,258.0,-73.0,73.0,-1.0,151.0,9.0,-107.0,6564.0,96.0,86.0,8.468722670128754,62.078124994362874,
4847,839.0414,239.38014288005743,10.526401306239524,183.96128626372303,28.0,0.6586,175.0,30.0,114.0,721.0,27.0,211.0,78.0,232.0,5.721461502089977,136,2,57,57,258.0,-73.0,73.0,-1.0,151.0,9.0,-107.0,6564.0,96.0,86.0,8.473171697010708,62.078124994362874,
4848,850.7707,290.1826911748924,19.03570786592667,194.75366123419536,28.0,0.70435,181.0,32.0,120.0,746.0,26.0,218.0,81.0,239.0,11.561119195443395,129,1,56,59,258.0,-75.0,73.0,-5.0,148.0,6.0,-110.0,6541.0,92.0,83.0,8.477620723892663,62.078124994362874,
4849,874.0527,332.39236369561877,24.269609804725484,203.01414998597025,28.0,0.73295,181.0,32.0,120.0,746.0,26.0,218.0,81.0,239.0,15.407881992650072,109,5,56,57,258.0,-75.0,73.0,-5.0,148.0,6.0,-110.0,6541.0,92.0,83.0,8.482069750774617,62.078124994362874,
4850,909.3915,329.76017641792447,28.93596212364794,209.91176960544382,28.0,0.7506,190.0,34.0,127.0,777.0,25.0,226.0,83.0,246.0,18.983648658871626,132,5,57,58,255.0,-78.0,72.0,-8.0,143.0,2.0,-112.0,6509.0,89.0,79.0,8.486518777656569,62.078124994362874,
4851,950.6889,330.3625328738549,29.3177202140063,211.243503200603,28.0,0.77135,190.0,34.0,127.0,777.0,25.0,226.0,83.0,246.0,20.3328894901094,136,17,57,56,255.0,-78.0,72.0,-8.0,143.0,2.0,-112.0,6509.0,89.0,79.0,8.490967804538524,62.078124994362874,
4852,982.98926,301.51638748639647,22.57972207975256,194.78786543588797,28.0,0.7664,193.0,35.0,130.0,790.0,25.0,230.0,85.0,250.0,13.013252465222246,132,4,58,56,256.0,-80.0,72.0,-10.0,142.0,0.0,-114.0,6488.0,86.0,77.0,8.495416831420478,62.078124994362874,
4853,691.38104,84.74218520159042,29.056598157642316,87.21002151467849,28.0,0.8255,400.0,57.0,188.0,1280.0,32.0,241.0,165.0,446.0,31.692073115611727,118,3,58,58,198.0,-23.0,57.0,60.0,149.0,39.0,-49.0,5124.0,107.0,10.0,7.204704720786761,62.07604166102972,
4854,562.22284,44.56626197275777,85.36807319685151,120.05829174065944,28.0,0.8812,385.0,54.0,179.0,1231.0,32.0,229.0,159.0,431.0,46.11906052400296,118,0,50,59,197.0,-18.0,57.0,66.0,154.0,44.0,-43.0,5130.0,112.0,16.0,7.22249960740714,62.07604166102972,
4855,972.0563,146.6581007657355,24.424132993387317,153.38375154834122,28.0,0.7654,198.0,35.0,131.0,798.0,25.0,229.0,84.0,250.0,15.76023387260409,106,6,48,56,252.0,-78.0,72.0,-11.0,140.0,0.0,-112.0,6423.0,86.0,76.0,8.441449340905718,62.07604166102972,
4856,936.82605,144.37236412502313,22.347909040744195,153.9322015107165,28.0,0.7529,188.0,33.0,124.0,765.0,26.0,222.0,82.0,243.0,14.51197832309762,97,4,49,55,255.0,-75.0,72.0,-6.0,145.0,4.0,-110.0,6479.0,90.0,81.0,8.44589806256083,62.07604166102972,
4857,904.02985,144.4269053478788,20.313057169123482,155.14597011107261,28.0,0.7295,180.0,31.0,118.0,737.0,26.0,214.0,79.0,235.0,13.86266608409755,109,6,49,57,256.0,-73.0,73.0,-3.0,149.0,7.0,-107.0,6524.0,94.0,84.0,8.450346784215943,62.07604166102972,
4858,874.27423,140.90511284861626,16.191142362453032,157.81483089650482,28.0,0.7212,180.0,31.0,118.0,737.0,26.0,214.0,79.0,235.0,11.53077841904494,116,6,54,56,256.0,-73.0,73.0,-3.0,149.0,7.0,-107.0,6524.0,94.0,84.0,8.454795505871056,62.07604166102972,
4859,852.6937,181.73503799037937,8.775579643610673,173.4250682122381,28.0,0.6878,177.0,30.0,116.0,730.0,27.0,214.0,79.0,235.0,5.131635750098257,112,7,54,58,258.0,-73.0,73.0,-2.0,150.0,8.0,-108.0,6555.0,95.0,85.0,8.459244227526169,62.07604166102972,
4860,850.4442,109.81858010858507,6.941005991215593,179.50134897175852,28.0,0.6915,177.0,30.0,116.0,730.0,27.0,214.0,79.0,235.0,3.330120503853995,110,7,56,57,258.0,-73.0,73.0,-2.0,150.0,8.0,-108.0,6555.0,95.0,85.0,8.463692949181208,62.07604166102972,
4861,854.8143,294.8653426554238,13.460535984293601,186.50129969404907,28.0,0.7,175.0,30.0,114.0,721.0,27.0,211.0,78.0,232.0,7.838985123492909,124,8,57,58,258.0,-73.0,73.0,-1.0,151.0,9.0,-107.0,6564.0,96.0,86.0,8.46814167083632,62.07604166102972,
4862,875.24097,329.14851297139563,23.149846366500835,206.0948667156912,28.0,0.70285,175.0,30.0,114.0,721.0,27.0,211.0,78.0,232.0,15.581891146042826,130,4,56,58,258.0,-73.0,73.0,-1.0,151.0,9.0,-107.0,6564.0,96.0,86.0,8.472590392491433,62.07604166102972,
4863,908.35724,306.8313348697505,26.540551481708036,198.47790301510614,28.0,0.7326,181.0,32.0,120.0,746.0,26.0,218.0,81.0,239.0,16.4703762636724,133,4,57,59,258.0,-75.0,73.0,-5.0,148.0,6.0,-110.0,6541.0,92.0,83.0,8.477039114146548,62.07604166102972,
4864,933.8556,329.7521114404379,27.91914727180975,208.62008075110273,28.0,0.76355,181.0,32.0,120.0,746.0,26.0,218.0,81.0,239.0,18.018418331795104,125,5,57,58,258.0,-75.0,73.0,-5.0,148.0,6.0,-110.0,6541.0,92.0,83.0,8.481487835801659,62.07604166102972,
4865,970.4172,328.5501854257092,26.070325829741684,206.61494938603732,28.0,0.76055,190.0,34.0,127.0,777.0,25.0,226.0,83.0,246.0,16.24223167884889,134,4,58,58,255.0,-78.0,72.0,-8.0,143.0,2.0,-112.0,6509.0,89.0,79.0,8.485936557456773,62.07604166102972,
4866,702.36346,92.94199640067754,28.86173048310013,87.37989112764174,28.0,0.85215,412.0,62.0,203.0,1337.0,30.0,263.0,169.0,458.0,31.718288111658524,113,2,58,57,198.0,-35.0,57.0,47.0,136.0,26.0,-62.0,5099.0,94.0,-1.0,7.204210483262055,62.073958327696566,
4867,729.7063,281.6145895526635,75.82327094594966,235.3568366445601,28.0,0.8204,412.0,63.0,206.0,1344.0,29.0,269.0,169.0,457.0,44.92289584930002,116,6,50,59,200.0,-39.0,57.0,43.0,133.0,22.0,-67.0,5114.0,91.0,-5.0,7.217555732690143,62.073958327696566,
4868,763.48676,31.423646480254003,77.51951635655449,119.44390726692407,28.0,0.8185,412.0,63.0,206.0,1344.0,29.0,269.0,169.0,457.0,40.248737320421164,120,2,51,57,200.0,-39.0,57.0,43.0,133.0,22.0,-67.0,5114.0,91.0,-5.0,7.222004149166102,62.073958327696566,
4869,628.70374,38.402217644904994,90.6515976768819,97.82902173102781,28.0,0.8653,388.0,55.0,181.0,1239.0,32.0,233.0,160.0,432.0,47.6075718951363,110,6,52,61,200.0,-21.0,57.0,64.0,153.0,42.0,-47.0,5169.0,111.0,13.0,7.226452565642131,62.073958327696566,
4870,470.12994,208.85544649041375,40.88899508625857,223.5848688605048,29.0,0.8604,389.0,57.0,187.0,1255.0,31.0,243.0,160.0,433.0,26.7973645155499,115,5,54,61,200.0,-29.0,58.0,55.0,144.0,33.0,-56.0,5187.0,102.0,5.0,7.253143064498308,62.073958327696566,
4871,565.02264,228.53187147412635,50.96626498840077,249.87364361723212,29.0,0.8419,389.0,57.0,187.0,1255.0,31.0,243.0,160.0,433.0,33.77954541695001,97,5,55,61,200.0,-29.0,58.0,55.0,144.0,33.0,-56.0,5187.0,102.0,5.0,7.257591480974338,62.073958327696566,
4872,1047.8207,152.27056100532582,26.049265025759404,157.7085053080293,28.0,0.7432,185.0,32.0,121.0,753.0,26.0,217.0,81.0,239.0,15.589475077089695,109,5,50,55,254.0,-74.0,72.0,-5.0,146.0,6.0,-108.0,6462.0,92.0,82.0,8.42307659769186,62.073958327696566,
4873,957.2789,147.417313753371,23.365256375056596,154.93763781677464,28.0,0.7359,180.0,31.0,117.0,736.0,26.0,214.0,79.0,235.0,15.042613198544588,101,6,51,58,257.0,-74.0,73.0,-3.0,149.0,7.0,-108.0,6523.0,94.0,84.0,8.436421847119949,62.073958327696566,
4874,926.79614,147.62988892429013,22.087330659326547,156.59151906334824,28.0,0.75165,180.0,31.0,117.0,736.0,26.0,214.0,79.0,235.0,14.283486040522815,106,5,48,58,257.0,-74.0,73.0,-3.0,149.0,7.0,-108.0,6523.0,94.0,84.0,8.44087026359598,62.073958327696566,
4875,894.2199,144.51728840181582,19.378553838913238,155.879736328683,28.0,0.74755,181.0,31.0,119.0,744.0,26.0,217.0,80.0,238.0,13.635722476563409,105,5,50,59,255.0,-74.0,72.0,-4.0,147.0,6.0,-108.0,6508.0,92.0,83.0,8.445318680072008,62.073958327696566,
4876,869.56213,142.18020689594522,11.852322152769247,166.21297761203405,28.0,0.70845,181.0,31.0,119.0,744.0,26.0,217.0,80.0,238.0,7.958017679091438,120,5,54,60,255.0,-74.0,72.0,-4.0,147.0,6.0,-108.0,6508.0,92.0,83.0,8.449767096548038,62.073958327696566,
4877,857.9841,160.0032416563713,6.744684187190457,176.811693901137,28.0,0.6821,188.0,33.0,125.0,769.0,25.0,223.0,82.0,244.0,3.47644183150721,123,5,56,56,255.0,-77.0,72.0,-8.0,144.0,3.0,-111.0,6491.0,89.0,80.0,8.454215513024067,62.073958327696566,
4878,862.01764,301.48345163338735,10.101199660021274,187.4595008287321,28.0,0.6913,195.0,35.0,130.0,794.0,25.0,230.0,85.0,251.0,6.185790795484088,130,4,56,58,254.0,-78.0,72.0,-11.0,141.0,0.0,-113.0,6459.0,86.0,77.0,8.458663929500098,62.073958327696566,
4879,874.7197,301.8600525404995,16.803758656073434,190.90162603645365,28.0,0.72835,195.0,35.0,130.0,794.0,25.0,230.0,85.0,251.0,9.980356694901152,119,5,56,55,254.0,-78.0,72.0,-11.0,141.0,0.0,-113.0,6459.0,86.0,77.0,8.463112345976054,62.073958327696566,
4880,898.2017,327.73243906833954,25.3564808523892,201.83010431693413,28.0,0.73285,198.0,36.0,133.0,807.0,25.0,234.0,86.0,255.0,16.333935110837913,135,6,57,55,253.0,-80.0,72.0,-13.0,139.0,-1.0,-114.0,6445.0,85.0,75.0,8.467560762452084,62.073958327696566,
4881,929.57715,322.7616970630817,25.84557978077832,205.49694805880623,28.0,0.7502,198.0,36.0,133.0,807.0,25.0,234.0,86.0,255.0,16.015730150345608,130,5,59,58,253.0,-80.0,72.0,-13.0,139.0,-1.0,-114.0,6445.0,85.0,75.0,8.472009178928113,62.073958327696566,
4882,959.88007,329.5736285062583,23.032366365191162,201.57146859763873,28.0,0.75285,203.0,37.0,137.0,825.0,25.0,239.0,88.0,259.0,14.377723057395695,132,4,57,59,253.0,-82.0,72.0,-15.0,137.0,-4.0,-116.0,6427.0,82.0,73.0,8.476457595404145,62.073958327696566,
4883,985.7545,328.5875951766171,21.657520137080013,202.9597090426803,28.0,0.7448,203.0,37.0,137.0,825.0,25.0,239.0,88.0,259.0,13.833885530974595,135,4,59,57,253.0,-82.0,72.0,-15.0,137.0,-4.0,-116.0,6427.0,82.0,73.0,8.480906011880172,62.073958327696566,
4884,727.73645,63.88369043618794,27.655573378313036,113.63866803862908,28.0,0.8183,412.0,62.0,203.0,1337.0,30.0,263.0,169.0,458.0,25.351609896920515,124,4,56,58,198.0,-35.0,57.0,47.0,136.0,26.0,-62.0,5099.0,94.0,-1.0,7.203716323064927,62.07187499436343,
4885,652.51526,48.61861216704899,87.83428310816774,80.59945876101636,28.0,0.7686,388.0,55.0,181.0,1239.0,32.0,233.0,160.0,432.0,49.10777463516381,99,3,54,59,200.0,-21.0,57.0,64.0,153.0,42.0,-47.0,5169.0,111.0,13.0,7.230404991133023,62.07187499436343,
4886,566.9468,235.92882679792365,44.25930119041139,253.08910981633468,29.0,0.8181,428.0,70.0,228.0,1425.0,27.0,300.0,173.0,471.0,33.418448330769046,111,8,54,60,200.0,-56.0,58.0,24.0,116.0,4.0,-84.0,5083.0,72.0,-23.0,7.261541770545813,62.07187499436343,
4887,1025.3599,152.7153350927141,22.60947491999382,161.20481019411042,28.0,0.75465,185.0,32.0,121.0,753.0,26.0,217.0,81.0,239.0,13.391132598341636,111,4,53,53,254.0,-74.0,72.0,-5.0,146.0,6.0,-108.0,6462.0,92.0,82.0,8.41805072016431,62.07187499436343,
4888,998.08435,152.26054717818957,22.923805207383708,159.41093547281005,28.0,0.78185,185.0,32.0,121.0,753.0,26.0,217.0,81.0,239.0,14.488340501201854,110,7,53,58,254.0,-74.0,72.0,-5.0,146.0,6.0,-108.0,6462.0,92.0,82.0,8.422498831508932,62.07187499436343,
4889,968.71497,151.44745759095792,21.306882522708484,160.4291280298408,28.0,0.7674,182.0,31.0,119.0,745.0,26.0,217.0,80.0,238.0,13.651738491570093,113,7,52,58,256.0,-74.0,72.0,-4.0,147.0,6.0,-109.0,6502.0,93.0,83.0,8.426946942853625,62.07187499436343,
4890,939.3062,150.2540863954035,20.33578009984767,160.68218300108222,28.0,0.6886,182.0,31.0,119.0,745.0,26.0,217.0,80.0,238.0,14.696338637954321,103,5,52,58,256.0,-74.0,72.0,-4.0,147.0,6.0,-109.0,6502.0,93.0,83.0,8.431395054198319,62.07187499436343,
4891,913.6436,146.09963191629123,18.606047304185616,158.15502155006925,28.0,0.70955,180.0,31.0,117.0,736.0,26.0,214.0,79.0,235.0,12.737467105722443,107,6,55,57,257.0,-74.0,73.0,-3.0,149.0,7.0,-108.0,6523.0,94.0,84.0,8.435843165543014,62.07187499436343,
4892,885.5616,148.58762654358455,15.15458682902351,161.3301324921155,28.0,0.7003,180.0,31.0,117.0,736.0,26.0,214.0,79.0,235.0,10.520953677227968,103,4,57,55,257.0,-74.0,73.0,-3.0,149.0,7.0,-108.0,6523.0,94.0,84.0,8.440291276887708,62.07187499436343,
4893,865.95306,201.15853992469124,6.904548581503977,181.27992583417344,28.0,0.68205,181.0,31.0,119.0,744.0,26.0,217.0,80.0,238.0,3.952488101938676,136,5,58,56,255.0,-74.0,72.0,-4.0,147.0,6.0,-108.0,6508.0,92.0,83.0,8.449187499577098,62.07187499436343,
4894,873.0702,321.1703314289672,14.723091804700115,193.02717541792745,28.0,0.6917,188.0,33.0,125.0,769.0,25.0,223.0,82.0,244.0,9.073225686330344,122,4,56,56,255.0,-77.0,72.0,-8.0,144.0,3.0,-111.0,6491.0,89.0,80.0,8.453635610921793,62.07187499436343,
4895,894.8115,319.8299780953228,22.699053791403173,196.4731211394507,28.0,0.7413,188.0,33.0,125.0,769.0,25.0,223.0,82.0,244.0,13.323130086226444,123,4,58,58,255.0,-77.0,72.0,-8.0,144.0,3.0,-111.0,6491.0,89.0,80.0,8.458083722266487,62.07187499436343,
4896,921.5413,307.9650651352568,26.546904935755816,199.30540541073012,28.0,0.7353,195.0,35.0,130.0,794.0,25.0,230.0,85.0,251.0,17.068142834767013,113,6,57,56,254.0,-78.0,72.0,-11.0,141.0,0.0,-113.0,6459.0,86.0,77.0,8.46253183361111,62.07187499436343,
4897,952.0502,330.1618778423458,24.599627349019045,203.88954296640205,28.0,0.7437,198.0,36.0,133.0,807.0,25.0,234.0,86.0,255.0,15.014798535306882,122,5,58,56,253.0,-80.0,72.0,-13.0,139.0,-1.0,-114.0,6445.0,85.0,75.0,8.466979944955803,62.07187499436343,
4898,981.1295,320.6698434543274,23.8370360690053,201.90186292164154,28.0,0.74545,198.0,36.0,133.0,807.0,25.0,234.0,86.0,255.0,15.25080567264728,128,4,58,57,253.0,-80.0,72.0,-13.0,139.0,-1.0,-114.0,6445.0,85.0,75.0,8.471428056300498,62.07187499436343,
4899,1004.3008,280.9387351286038,18.850158172309314,194.06036596375998,28.0,0.73495,203.0,37.0,137.0,825.0,25.0,239.0,88.0,259.0,11.979806647067548,135,3,58,59,253.0,-82.0,72.0,-15.0,137.0,-4.0,-116.0,6427.0,82.0,73.0,8.475876167645195,62.07187499436343,
4900,1022.93134,310.6547913257853,15.672615646436848,198.7188535419858,28.0,0.733,203.0,37.0,137.0,825.0,25.0,239.0,88.0,259.0,10.186405636963169,134,5,59,57,253.0,-82.0,72.0,-15.0,137.0,-4.0,-116.0,6427.0,82.0,73.0,8.480324278989888,62.07187499436343,
4901,512.5518,267.4440149007444,29.401167057879285,251.78358168494088,29.0,0.8316,428.0,70.0,228.0,1425.0,27.0,300.0,173.0,471.0,29.327783804630926,102,5,54,60,200.0,-56.0,58.0,24.0,116.0,4.0,-84.0,5083.0,72.0,-23.0,7.261043721572271,62.06979166103029,
4902,954.3602,149.56719494397956,20.518285626481386,159.8024635198174,28.0,0.7598,185.0,32.0,121.0,753.0,26.0,217.0,81.0,239.0,12.860786561233795,112,7,52,58,254.0,-74.0,72.0,-5.0,146.0,6.0,-108.0,6462.0,92.0,82.0,8.421921155716346,62.06979166103029,
4903,928.0859,151.38561979783356,18.515345653068096,162.47086591220216,28.0,0.7488,182.0,31.0,119.0,745.0,26.0,217.0,80.0,238.0,12.090402164658693,110,5,56,59,256.0,-74.0,72.0,-4.0,147.0,6.0,-109.0,6502.0,93.0,83.0,8.426368961977442,62.06979166103029,
4904,903.37836,149.73697692002798,14.806520664796475,163.66924281025487,28.0,0.6938,182.0,31.0,119.0,745.0,26.0,217.0,80.0,238.0,9.99084795802886,100,4,56,57,256.0,-74.0,72.0,-4.0,147.0,6.0,-109.0,6502.0,93.0,83.0,8.430816768238538,62.06979166103029,
4905,875.5432,143.3291725218831,5.339476825067543,177.1237059161915,28.0,0.65105,180.0,31.0,117.0,736.0,26.0,214.0,79.0,235.0,3.6232215951332414,133,6,58,58,257.0,-74.0,73.0,-3.0,149.0,7.0,-108.0,6523.0,94.0,84.0,8.43971238076073,62.06979166103029,
4906,889.33813,324.5880259872887,18.76659351053976,196.57760469935266,28.0,0.7307,181.0,31.0,119.0,744.0,26.0,217.0,80.0,238.0,11.304189680967932,124,2,58,58,255.0,-74.0,72.0,-4.0,147.0,6.0,-108.0,6508.0,92.0,83.0,8.448607993282925,62.06979166103029,
4907,919.3742,335.4826157331745,29.176725715926008,203.32124393052172,28.0,0.7587,188.0,33.0,125.0,769.0,25.0,223.0,82.0,244.0,18.05049313321907,117,3,55,57,255.0,-77.0,72.0,-8.0,144.0,3.0,-111.0,6491.0,89.0,80.0,8.453055799544021,62.06979166103029,
4908,953.6389,309.492926677384,29.049310173646962,202.10816455136833,28.0,0.7545,188.0,33.0,125.0,769.0,25.0,223.0,82.0,244.0,17.946196714792993,114,5,57,58,255.0,-77.0,72.0,-8.0,144.0,3.0,-111.0,6491.0,89.0,80.0,8.457503605805117,62.06979166103029,
4909,999.20795,305.9287026232896,20.80381773231986,200.7639265394005,28.0,0.7184,195.0,35.0,130.0,794.0,25.0,230.0,85.0,251.0,13.707271596713687,131,5,56,55,254.0,-78.0,72.0,-11.0,141.0,0.0,-113.0,6459.0,86.0,77.0,8.46639921832724,62.06979166103029,
4910,1022.95703,329.1465091056321,15.124327345608057,193.22560417057426,28.0,0.7101,198.0,36.0,133.0,807.0,25.0,234.0,86.0,255.0,8.95075760145131,129,2,60,59,253.0,-80.0,72.0,-13.0,139.0,-1.0,-114.0,6445.0,85.0,75.0,8.470847024588336,62.06979166103029,
4911,865.3777,253.92345300019633,57.843289386350804,255.0,28.0,0.7867,439.0,74.0,242.0,1477.0,26.0,318.0,177.0,482.0,45.037878447804815,123,6,56,58,200.0,-64.0,57.0,15.0,108.0,-4.0,-92.0,5070.0,64.0,-30.0,7.2694407529627645,62.06770832769713,
4912,970.4789,148.97397230293143,18.740384142402732,159.81522218116703,28.0,0.7542,193.0,34.0,127.0,782.0,25.0,225.0,83.0,247.0,12.804801549328493,112,16,53,54,252.0,-76.0,72.0,-9.0,142.0,2.0,-110.0,6433.0,88.0,78.0,8.412448567843594,62.06770832769713,
4913,943.2557,150.67241036970864,18.030536048950196,162.79959248661308,28.0,0.73865,185.0,32.0,121.0,753.0,26.0,217.0,81.0,239.0,11.48429876046779,105,21,56,57,254.0,-74.0,72.0,-5.0,146.0,6.0,-108.0,6462.0,92.0,82.0,8.416896069068821,62.06770832769713,
4914,917.31604,144.03239469431588,15.308890911677542,161.06642278255111,28.0,0.7176,185.0,32.0,121.0,753.0,26.0,217.0,81.0,239.0,10.441899136737463,101,6,56,58,254.0,-74.0,72.0,-5.0,146.0,6.0,-108.0,6462.0,92.0,82.0,8.421343570293976,62.06770832769713,
4915,896.0528,146.46536149804513,10.133856289414469,169.385170138695,28.0,0.7074,182.0,31.0,119.0,745.0,26.0,217.0,80.0,238.0,6.521131407062023,99,5,56,58,256.0,-74.0,72.0,-4.0,147.0,6.0,-109.0,6502.0,93.0,83.0,8.4257910715192,62.06770832769713,
4916,885.9633,99.68045991773937,5.781492244027426,174.05351488478226,28.0,0.6673,182.0,31.0,119.0,745.0,26.0,217.0,80.0,238.0,3.4512808593382602,110,5,57,57,256.0,-74.0,72.0,-4.0,147.0,6.0,-109.0,6502.0,93.0,83.0,8.430238572744424,62.06770832769713,
4917,883.0892,238.5374254575456,6.4116027111565295,182.40922396690442,28.0,0.6255,180.0,31.0,117.0,736.0,26.0,214.0,79.0,235.0,4.773709906433585,121,4,57,56,257.0,-74.0,73.0,-3.0,149.0,7.0,-108.0,6523.0,94.0,84.0,8.434686073969651,62.06770832769713,
4918,887.45197,281.29663109156195,10.743043718226648,187.81641227844946,28.0,0.65125,180.0,31.0,117.0,736.0,26.0,214.0,79.0,235.0,6.414956064714782,122,3,55,56,257.0,-74.0,73.0,-3.0,149.0,7.0,-108.0,6523.0,94.0,84.0,8.439133575194875,62.06770832769713,
4919,904.7653,320.58133306742627,20.4066184209477,200.84272100675335,28.0,0.74115,181.0,31.0,119.0,744.0,26.0,217.0,80.0,238.0,12.753420217029074,129,3,57,57,255.0,-74.0,72.0,-4.0,147.0,6.0,-108.0,6508.0,92.0,83.0,8.443581076420099,62.06770832769713,
4920,940.4037,325.8743198630987,28.50336774155464,213.47544969849983,28.0,0.7772,181.0,31.0,119.0,744.0,26.0,217.0,80.0,238.0,19.02955069749775,123,3,58,59,255.0,-74.0,72.0,-4.0,147.0,6.0,-108.0,6508.0,92.0,83.0,8.448028577645328,62.06770832769713,
4921,983.68225,326.931528225821,26.425225194669313,206.40011709900395,28.0,0.7454,188.0,33.0,125.0,769.0,25.0,223.0,82.0,244.0,16.17954046617511,129,3,57,60,255.0,-77.0,72.0,-8.0,144.0,3.0,-111.0,6491.0,89.0,80.0,8.452476078870552,62.06770832769713,
4922,651.8558,52.07241411461547,62.80827278613188,118.23973546931532,28.0,0.8099,389.0,57.0,186.0,1254.0,31.0,242.0,160.0,433.0,35.68980611627265,122,3,57,63,201.0,-28.0,58.0,57.0,146.0,34.0,-55.0,5168.0,103.0,6.0,7.242259072400395,62.06562499436398,
4923,560.91583,44.83372189617188,40.11951266702406,121.12736621899319,28.0,0.86085,389.0,57.0,186.0,1254.0,31.0,242.0,160.0,433.0,29.065862438585558,97,2,54,59,201.0,-28.0,58.0,57.0,146.0,34.0,-55.0,5168.0,103.0,6.0,7.246706268637465,62.06562499436398,
4924,625.6029,260.7669342831116,33.75402563603253,252.17397045904923,28.0,0.8409,389.0,58.0,189.0,1261.0,30.0,248.0,160.0,433.0,33.13579852647027,113,0,53,62,201.0,-33.0,58.0,51.0,141.0,29.0,-60.0,5178.0,98.0,1.0,7.264495053585672,62.06562499436398,
4925,770.2917,237.5650396290387,49.52086341822766,253.21937589316184,28.0,0.8164,404.0,63.0,206.0,1327.0,29.0,271.0,165.0,448.0,36.03807159923249,118,3,54,61,202.0,-44.0,58.0,38.0,130.0,17.0,-72.0,5167.0,87.0,-11.0,7.268942249822742,62.06562499436398,
4926,1044.232,138.1768928130812,20.23766477666047,149.2312099802101,28.0,0.7278,188.0,32.0,123.0,762.0,26.0,220.0,81.0,241.0,14.937236898523292,121,4,51,55,254.0,-74.0,72.0,-6.0,145.0,5.0,-109.0,6448.0,91.0,81.0,8.394082897799358,62.06562499436398,
4927,1010.3061,140.29791022646145,15.707339919215404,157.6351750440522,28.0,0.7368,188.0,32.0,123.0,762.0,26.0,220.0,81.0,241.0,11.45428393801883,104,7,51,57,254.0,-74.0,72.0,-6.0,145.0,5.0,-109.0,6448.0,91.0,81.0,8.398530094036426,62.06562499436398,
4928,938.7565,143.56877209342952,14.948442089032243,163.2554033919811,28.0,0.72745,185.0,32.0,121.0,755.0,26.0,219.0,81.0,241.0,9.58234344568796,102,19,55,57,254.0,-75.0,72.0,-6.0,145.0,5.0,-109.0,6460.0,91.0,81.0,8.411871682747636,62.06562499436398,
4929,914.4689,138.34537818713204,11.22824890115155,163.66599972884114,28.0,0.7225,185.0,32.0,121.0,755.0,26.0,219.0,81.0,241.0,8.267210567517367,108,18,57,56,254.0,-75.0,72.0,-6.0,145.0,5.0,-109.0,6460.0,91.0,81.0,8.416318878984706,62.06562499436398,
4930,897.12805,102.51461484985794,6.7748803655517795,171.6508923008473,28.0,0.7008,192.0,33.0,126.0,779.0,26.0,225.0,83.0,247.0,4.224090185170407,113,7,57,59,253.0,-77.0,72.0,-9.0,142.0,2.0,-111.0,6450.0,88.0,78.0,8.420766075221705,62.06562499436398,
4931,892.0376,228.58888651625165,7.050196666872198,181.30759790689643,28.0,0.6792,195.0,34.0,129.0,792.0,25.0,229.0,84.0,250.0,3.7082369873360257,126,7,56,55,253.0,-78.0,72.0,-11.0,141.0,1.0,-112.0,6439.0,86.0,77.0,8.425213271458775,62.06562499436398,
4932,897.6671,225.82934323228324,12.183317672085028,186.68309595335617,28.0,0.6928,195.0,34.0,129.0,792.0,25.0,229.0,84.0,250.0,7.2832068081355334,112,5,56,56,253.0,-78.0,72.0,-11.0,141.0,1.0,-112.0,6439.0,86.0,77.0,8.429660467695845,62.06562499436398,
4933,905.17346,320.1201362320593,15.450397934732063,189.32671037409094,28.0,0.7097,202.0,36.0,135.0,817.0,24.0,235.0,86.0,256.0,9.057845754874075,127,3,57,55,252.0,-80.0,72.0,-14.0,138.0,-2.0,-114.0,6411.0,84.0,74.0,8.434107663932913,62.06562499436398,
4934,920.78986,306.77819940310593,20.911826742604408,199.80832517938975,28.0,0.75355,202.0,36.0,135.0,817.0,24.0,235.0,86.0,256.0,13.489992778856006,129,3,56,55,252.0,-80.0,72.0,-14.0,138.0,-2.0,-114.0,6411.0,84.0,74.0,8.438554860169983,62.06562499436398,
4935,959.07306,322.38964503276145,29.601216618260345,215.8638007859994,28.0,0.7824,206.0,37.0,139.0,834.0,24.0,240.0,88.0,261.0,20.996703211543327,129,4,57,56,251.0,-82.0,72.0,-16.0,135.0,-4.0,-116.0,6371.0,81.0,71.0,8.443002056407053,62.06562499436398,
4936,995.379,262.76770131672,23.013080911717918,203.72549607178433,28.0,0.7672,206.0,37.0,139.0,834.0,24.0,240.0,88.0,261.0,15.768113511722383,135,3,58,58,251.0,-82.0,72.0,-16.0,135.0,-4.0,-116.0,6371.0,81.0,71.0,8.447449252644125,62.06562499436398,
4937,550.1103,58.89968870531356,33.08732215754282,125.51839343389578,28.0,0.8668,389.0,57.0,187.0,1257.0,31.0,245.0,160.0,433.0,24.572108458897862,113,0,54,63,201.0,-31.0,58.0,54.0,143.0,32.0,-58.0,5194.0,101.0,4.0,7.250656259470631,62.06354166103084,
4938,544.00543,301.4924501468408,33.49972302112229,203.04500534944378,28.0,0.85755,389.0,58.0,189.0,1261.0,30.0,248.0,160.0,433.0,20.274221970379,102,0,53,59,201.0,-33.0,58.0,51.0,141.0,29.0,-60.0,5178.0,98.0,1.0,7.2595500420637995,62.06354166103084,
4939,585.5301,231.42278505104252,25.60539474590077,225.58802184568228,28.0,0.8384,389.0,58.0,189.0,1261.0,30.0,248.0,160.0,433.0,23.94423794234945,106,0,52,60,201.0,-33.0,58.0,51.0,141.0,29.0,-60.0,5178.0,98.0,1.0,7.263996933360419,62.06354166103084,
4940,768.164,220.74945787491967,67.05386911395001,245.74507733205596,28.0,0.7919,404.0,63.0,206.0,1327.0,29.0,271.0,165.0,448.0,40.801781083212525,117,4,55,58,202.0,-44.0,58.0,38.0,130.0,17.0,-72.0,5167.0,87.0,-11.0,7.272890715953658,62.06354166103084,
4941,908.4168,207.0518234596967,58.665587588105,226.93538193624235,28.0,0.76495,407.0,65.0,212.0,1349.0,28.0,280.0,166.0,452.0,34.1823226681946,137,3,55,60,201.0,-48.0,58.0,33.0,125.0,13.0,-76.0,5139.0,82.0,-14.0,7.277337607250278,62.06354166103084,
4942,985.62,132.91193881902697,14.450879751147871,160.14149026358155,28.0,0.7546,188.0,32.0,123.0,762.0,26.0,220.0,81.0,241.0,9.220821143692394,114,8,53,57,254.0,-74.0,72.0,-6.0,145.0,5.0,-109.0,6448.0,91.0,81.0,8.397954213996398,62.06354166103084,
4943,958.85913,134.8705924940624,14.973638314521132,158.5798959578975,28.0,0.7312,185.0,32.0,121.0,753.0,26.0,217.0,81.0,239.0,10.131990910755995,113,5,56,57,254.0,-74.0,72.0,-5.0,146.0,5.0,-108.0,6446.0,91.0,81.0,8.402401105293016,62.06354166103084,
4944,932.11835,138.90223605371563,12.923853118985308,161.44130265359948,28.0,0.706,185.0,32.0,121.0,753.0,26.0,217.0,81.0,239.0,9.382162106268636,111,4,57,59,254.0,-74.0,72.0,-5.0,146.0,5.0,-108.0,6446.0,91.0,81.0,8.406847996589637,62.06354166103084,
4945,910.7011,134.1835213982901,9.68189266434754,168.84515761061854,28.0,0.6942,185.0,32.0,121.0,755.0,26.0,219.0,81.0,241.0,6.926992297188046,106,14,55,57,254.0,-75.0,72.0,-6.0,145.0,5.0,-109.0,6460.0,91.0,81.0,8.411294887886257,62.06354166103084,
4946,902.8903,222.20240419433537,6.457625745847991,179.92412223692833,28.0,0.7041,185.0,32.0,121.0,755.0,26.0,219.0,81.0,241.0,3.5782052884861666,117,6,55,57,254.0,-75.0,72.0,-6.0,145.0,5.0,-109.0,6460.0,91.0,81.0,8.415741779182877,62.06354166103084,
4947,905.32306,258.17430113524347,9.505031744834616,185.69799134152265,28.0,0.7011,192.0,33.0,126.0,779.0,26.0,225.0,83.0,247.0,5.45578467302426,121,7,57,56,253.0,-77.0,72.0,-9.0,142.0,2.0,-111.0,6450.0,88.0,78.0,8.420188670479424,62.06354166103084,
4948,918.00934,296.7369588195727,18.0451071707866,196.47942057808967,28.0,0.7142,192.0,33.0,126.0,779.0,26.0,225.0,83.0,247.0,11.696697792072419,123,7,55,56,253.0,-77.0,72.0,-9.0,142.0,2.0,-111.0,6450.0,88.0,78.0,8.424635561776046,62.06354166103084,
4949,939.77966,251.73944425229212,25.083672746590597,192.35248048875135,28.0,0.7228,195.0,34.0,129.0,792.0,25.0,229.0,84.0,250.0,15.471266733021338,123,4,57,58,253.0,-78.0,72.0,-11.0,141.0,1.0,-112.0,6439.0,86.0,77.0,8.429082453072665,62.06354166103084,
4950,948.8765,234.5366169620775,25.172028046109187,189.68844497464445,28.0,0.7263,202.0,36.0,135.0,817.0,24.0,235.0,86.0,256.0,14.467222053605303,118,3,58,55,252.0,-80.0,72.0,-14.0,138.0,-2.0,-114.0,6411.0,84.0,74.0,8.433529344369283,62.06354166103084,
4951,971.1203,328.82507428363783,23.085643343051093,200.58881018228521,28.0,0.75665,202.0,36.0,135.0,817.0,24.0,235.0,86.0,256.0,14.520351499570909,128,4,56,56,252.0,-80.0,72.0,-14.0,138.0,-2.0,-114.0,6411.0,84.0,74.0,8.437976235665904,62.06354166103084,
4952,1010.28894,313.63480854384204,19.410359691571237,209.57576745970275,28.0,0.7491,206.0,37.0,139.0,834.0,24.0,240.0,88.0,261.0,12.857284011581067,133,5,55,56,251.0,-82.0,72.0,-16.0,135.0,-4.0,-116.0,6371.0,81.0,71.0,8.442423126962524,62.06354166103084,
4953,750.6689,88.81095011605512,19.050938731968923,116.84406789081496,29.0,0.8307,397.0,59.0,193.0,1286.0,30.0,251.0,163.0,442.0,21.112893292957406,135,7,56,61,200.0,-32.0,58.0,51.0,141.0,30.0,-59.0,5156.0,99.0,2.0,7.241265959025177,62.0614583276977,
4954,671.4701,67.2488536968203,19.31654007476164,130.92607154372203,28.0,0.845,389.0,57.0,186.0,1254.0,31.0,242.0,160.0,433.0,17.713928255206337,125,1,55,62,201.0,-28.0,58.0,57.0,146.0,34.0,-55.0,5168.0,103.0,6.0,7.245712545429041,62.0614583276977,
4955,611.0353,54.72441307107293,23.276246721254733,143.72513757750104,28.0,0.8491,389.0,57.0,187.0,1257.0,31.0,245.0,160.0,433.0,16.281799519573173,118,0,52,61,201.0,-31.0,58.0,54.0,143.0,32.0,-58.0,5194.0,101.0,4.0,7.250159131832905,62.0614583276977,
4956,634.94354,239.39182853029376,49.49649167784727,199.89995666858943,28.0,0.8509,389.0,58.0,189.0,1261.0,30.0,248.0,160.0,433.0,30.12264276246388,107,0,52,57,201.0,-33.0,58.0,51.0,141.0,29.0,-60.0,5178.0,98.0,1.0,7.259052304640563,62.0614583276977,
4957,624.4317,101.20892843478235,38.99019954009203,154.71799169914647,28.0,0.8333,389.0,58.0,189.0,1261.0,30.0,248.0,160.0,433.0,25.88429365083562,104,0,51,61,201.0,-33.0,58.0,51.0,141.0,29.0,-60.0,5178.0,98.0,1.0,7.263498891044427,62.0614583276977,
4958,759.8865,230.3516562044722,54.805248108545975,251.721331883924,28.0,0.743,407.0,65.0,212.0,1349.0,28.0,280.0,166.0,452.0,37.503686837405596,99,2,54,57,201.0,-48.0,58.0,33.0,125.0,13.0,-76.0,5139.0,82.0,-14.0,7.276838650256019,62.0614583276977,
4959,974.0462,152.9680999899675,18.567492955432616,162.41674958373716,28.0,0.7383,188.0,32.0,123.0,762.0,26.0,220.0,81.0,241.0,12.768257899732147,113,5,53,58,254.0,-74.0,72.0,-6.0,145.0,5.0,-109.0,6448.0,91.0,81.0,8.39293183762391,62.0614583276977,
4960,950.7182,148.7268853698827,16.793888683011534,160.353560022916,28.0,0.73965,188.0,32.0,123.0,762.0,26.0,220.0,81.0,241.0,12.660464587399789,114,6,54,60,254.0,-74.0,72.0,-6.0,145.0,5.0,-109.0,6448.0,91.0,81.0,8.397378424027774,62.0614583276977,
4961,927.4182,142.80943897956976,11.339705852752932,167.03654810594617,28.0,0.7208,185.0,32.0,121.0,753.0,26.0,217.0,81.0,239.0,7.850752041353365,117,7,54,59,254.0,-74.0,72.0,-5.0,146.0,5.0,-108.0,6446.0,91.0,81.0,8.401825010431638,62.0614583276977,
4962,916.9502,134.1866673735173,6.211192880814081,175.91151342113602,28.0,0.72045,185.0,32.0,121.0,753.0,26.0,217.0,81.0,239.0,3.514225149030649,120,7,55,59,254.0,-74.0,72.0,-5.0,146.0,5.0,-108.0,6446.0,91.0,81.0,8.406271596835502,62.0614583276977,
4963,916.1709,241.8854446445126,6.009071961207788,181.74555894821555,28.0,0.72295,185.0,32.0,121.0,755.0,26.0,219.0,81.0,241.0,3.6555768899708796,119,9,57,60,254.0,-75.0,72.0,-6.0,145.0,5.0,-109.0,6460.0,91.0,81.0,8.410718183239366,62.0614583276977,
4964,919.4541,250.14839748603097,10.114298989810651,184.44749085891544,28.0,0.6946,185.0,32.0,121.0,755.0,26.0,219.0,81.0,241.0,5.5899324723092505,124,3,57,57,254.0,-75.0,72.0,-6.0,145.0,5.0,-109.0,6460.0,91.0,81.0,8.415164769643233,62.0614583276977,
4965,933.5973,331.3887119139116,16.383484830799812,196.31714447124807,28.0,0.7159,192.0,33.0,126.0,779.0,26.0,225.0,83.0,247.0,10.439931756451871,128,4,58,57,253.0,-77.0,72.0,-9.0,142.0,2.0,-111.0,6450.0,88.0,78.0,8.419611356047026,62.0614583276977,
4966,962.4169,322.4806758409445,22.22835173757891,208.6759086731284,28.0,0.7457,192.0,33.0,126.0,779.0,26.0,225.0,83.0,247.0,15.02535791251654,129,5,55,56,253.0,-77.0,72.0,-9.0,142.0,2.0,-111.0,6450.0,88.0,78.0,8.42405794245089,62.0614583276977,
4967,767.89874,89.55368453608189,22.477295916181685,125.77006276769792,29.0,0.799,397.0,59.0,193.0,1286.0,30.0,251.0,163.0,442.0,22.955545950368975,114,3,53,61,200.0,-32.0,58.0,51.0,141.0,30.0,-59.0,5156.0,99.0,2.0,7.240769518826462,62.059374994364546,
4968,655.53424,110.64900191021445,23.096757006834547,146.62844372572525,28.0,0.8184,389.0,57.0,186.0,1254.0,31.0,242.0,160.0,433.0,15.863454354371726,108,0,54,60,201.0,-28.0,58.0,57.0,146.0,34.0,-55.0,5168.0,103.0,6.0,7.249662081944046,62.059374994364546,
4969,648.59796,216.98827482223717,25.449934326580856,207.68718823660313,28.0,0.8384,389.0,57.0,187.0,1257.0,31.0,245.0,160.0,433.0,19.860862578453734,112,0,55,59,201.0,-31.0,58.0,54.0,143.0,32.0,-58.0,5194.0,101.0,4.0,7.254108363502841,62.059374994364546,
4970,726.28955,246.62334576478997,29.13948773973047,214.72363144085472,28.0,0.8268,389.0,58.0,189.0,1261.0,30.0,248.0,160.0,433.0,19.469101366339228,114,3,53,59,201.0,-33.0,58.0,51.0,141.0,29.0,-60.0,5178.0,98.0,1.0,7.258554645061563,62.059374994364546,
4971,997.00885,160.51920204152228,22.283081667040875,165.70102433969882,28.0,0.7596,200.0,35.0,131.0,801.0,25.0,228.0,85.0,251.0,13.934092100547868,112,5,54,55,250.0,-77.0,71.0,-11.0,139.0,0.0,-111.0,6342.0,85.0,75.0,8.379017597875336,62.059374994364546,
4972,979.9151,156.4574420814057,17.010810927986288,167.06048583289572,28.0,0.7345,193.0,33.0,126.0,780.0,26.0,224.0,83.0,246.0,10.742286172858734,109,5,54,55,252.0,-76.0,72.0,-9.0,142.0,2.0,-110.0,6399.0,88.0,78.0,8.383463879434128,62.059374994364546,
4973,943.7296,135.7057469175936,9.105900969342246,168.74838436129252,28.0,0.6874,188.0,32.0,123.0,762.0,26.0,220.0,81.0,241.0,6.183839590789961,106,7,54,56,254.0,-74.0,72.0,-6.0,145.0,5.0,-109.0,6448.0,91.0,81.0,8.392356442551716,62.059374994364546,
4974,931.02765,123.92494100171002,5.406849835537478,172.78160073261603,28.0,0.6628,188.0,32.0,123.0,762.0,26.0,220.0,81.0,241.0,3.413734229324213,114,7,54,56,254.0,-74.0,72.0,-6.0,145.0,5.0,-109.0,6448.0,91.0,81.0,8.39680272411051,62.059374994364546,
4975,925.55414,216.39065120051478,7.177643155506993,180.0067283582512,28.0,0.69155,185.0,32.0,121.0,753.0,26.0,217.0,81.0,239.0,3.5436441027159273,115,6,55,56,254.0,-74.0,72.0,-5.0,146.0,5.0,-108.0,6446.0,91.0,81.0,8.401249005669301,62.059374994364546,
4976,928.91614,270.73450047161566,9.144042530689065,182.88487612624212,28.0,0.7365,185.0,32.0,121.0,753.0,26.0,217.0,81.0,239.0,5.122918601938882,125,7,56,57,254.0,-74.0,72.0,-5.0,146.0,5.0,-108.0,6446.0,91.0,81.0,8.405695287228095,62.059374994364546,
4977,932.47064,236.2857374294186,11.098418589498245,185.25518479121544,28.0,0.7061,185.0,32.0,121.0,755.0,26.0,219.0,81.0,241.0,6.166981554772948,119,7,56,57,254.0,-75.0,72.0,-6.0,145.0,5.0,-109.0,6460.0,91.0,81.0,8.410141568786887,62.059374994364546,
4978,971.07574,328.1814485527765,20.25358244041563,202.24781130031914,28.0,0.7132,192.0,33.0,126.0,779.0,26.0,225.0,83.0,247.0,12.950471383297833,130,5,55,55,253.0,-77.0,72.0,-9.0,142.0,2.0,-111.0,6450.0,88.0,78.0,8.419034131904402,62.059374994364546,
4979,724.5637,50.376611595026176,41.51016268529579,116.85521862634292,28.0,0.7912,407.0,63.0,205.0,1333.0,29.0,269.0,166.0,452.0,28.935891703137166,109,0,55,60,201.0,-42.0,58.0,40.0,131.0,19.0,-70.0,5138.0,88.0,-8.0,7.249165109786754,62.05729166103139,
4980,680.3328,193.45534660270093,25.298027499948663,197.56596619961314,28.0,0.8195,412.0,65.0,212.0,1357.0,28.0,278.0,168.0,456.0,17.38585748296893,108,1,53,61,202.0,-47.0,58.0,35.0,127.0,15.0,-75.0,5131.0,83.0,-13.0,7.25361108654815,62.05729166103139,
4981,988.9277,156.24089740316379,14.818250227180378,168.3066457028988,28.0,0.71375,193.0,33.0,126.0,779.0,26.0,223.0,83.0,245.0,9.361132930848425,109,17,53,56,252.0,-76.0,72.0,-9.0,142.0,2.0,-110.0,6377.0,87.0,78.0,8.369551253656258,62.05729166103139,
4982,960.1096,142.34843984738714,10.282866248248773,171.2444394755913,28.0,0.6691,192.0,33.0,126.0,778.0,26.0,223.0,83.0,245.0,6.367253912621046,115,15,54,57,252.0,-76.0,72.0,-9.0,142.0,2.0,-110.0,6410.0,88.0,78.0,8.378443207178979,62.05729166103139,
4983,951.7251,134.0480307441267,7.453298873647643,175.27177450941147,28.0,0.6752,192.0,33.0,126.0,778.0,26.0,223.0,83.0,245.0,4.409107173798799,119,6,54,57,252.0,-76.0,72.0,-9.0,142.0,2.0,-110.0,6410.0,88.0,78.0,8.382889183940373,62.05729166103139,
4984,943.61237,117.78476415421439,4.976872091223817,173.12344049490508,28.0,0.6555,199.0,35.0,131.0,801.0,25.0,229.0,85.0,251.0,3.150735069877278,119,7,55,55,250.0,-78.0,72.0,-12.0,138.0,0.0,-112.0,6359.0,84.0,75.0,8.387335160701769,62.05729166103139,
4985,940.0308,274.7584112468619,12.360486306296242,187.6275068896443,28.0,0.6847,203.0,36.0,134.0,817.0,25.0,234.0,86.0,256.0,7.467077461720316,125,8,55,55,251.0,-80.0,71.0,-14.0,137.0,-2.0,-114.0,6377.0,83.0,73.0,8.396227114224558,62.05729166103139,
4986,955.8413,233.57567819818968,20.415516611875468,189.07527290341372,28.0,0.7307,200.0,35.0,132.0,806.0,25.0,231.0,85.0,253.0,13.615976019904439,127,7,54,54,252.0,-79.0,72.0,-12.0,139.0,-1.0,-113.0,6408.0,85.0,75.0,8.400673090985954,62.05729166103139,
4987,960.23944,210.36512415516458,21.427731585040313,184.1632426855444,28.0,0.74165,200.0,35.0,132.0,806.0,25.0,231.0,85.0,253.0,12.281163682993169,134,7,53,55,252.0,-79.0,72.0,-12.0,139.0,-1.0,-113.0,6408.0,85.0,75.0,8.40511906774735,62.05729166103139,
4988,966.00586,223.19630991027455,23.060965937512343,182.00767677872938,28.0,0.72665,205.0,36.0,136.0,825.0,25.0,237.0,87.0,258.0,18.00168562586964,118,7,54,54,251.0,-81.0,72.0,-15.0,136.0,-3.0,-115.0,6363.0,82.0,72.0,8.409565044508744,62.05729166103139,
4989,1013.053,302.5321379828288,20.02424292656669,206.71908969465983,28.0,0.72295,206.0,37.0,139.0,834.0,24.0,240.0,88.0,261.0,14.543771767385389,130,6,54,56,251.0,-82.0,72.0,-16.0,135.0,-4.0,-116.0,6348.0,80.0,71.0,8.418456998031465,62.05729166103139,
4990,961.83673,103.9841053507843,5.176006769792375,173.21010722811337,28.0,0.64135,193.0,33.0,126.0,779.0,26.0,223.0,83.0,245.0,3.8444598650819573,117,3,54,57,252.0,-76.0,72.0,-9.0,142.0,2.0,-110.0,6377.0,87.0,78.0,8.373423234291666,62.05520832769825,
4991,951.184,184.0311641664705,10.22090598763757,180.72784763353812,28.0,0.6886,199.0,35.0,131.0,801.0,25.0,229.0,85.0,251.0,5.950390988788777,127,6,54,58,250.0,-78.0,72.0,-12.0,138.0,0.0,-112.0,6359.0,84.0,75.0,8.386760250326574,62.05520832769825,
4992,955.6222,304.8575135087938,16.598457632476013,188.89349771567373,28.0,0.69425,199.0,35.0,131.0,801.0,25.0,229.0,85.0,251.0,9.284177545969207,128,5,54,57,250.0,-78.0,72.0,-12.0,138.0,0.0,-112.0,6359.0,84.0,75.0,8.391205922338234,62.05520832769825,
4993,981.1213,250.73300071662186,25.08005971471043,199.43050439950616,28.0,0.7356,203.0,36.0,134.0,817.0,25.0,234.0,86.0,256.0,17.01842048577184,142,6,56,56,251.0,-80.0,71.0,-14.0,137.0,-2.0,-114.0,6377.0,83.0,73.0,8.395651594349895,62.05520832769825,
4994,1007.89465,323.32894593825625,26.347953247135568,199.47021603007752,28.0,0.7353,200.0,35.0,132.0,806.0,25.0,231.0,85.0,253.0,16.517977099553026,123,6,53,53,252.0,-79.0,72.0,-12.0,139.0,-1.0,-113.0,6408.0,85.0,75.0,8.400097266361554,62.05520832769825,
4995,1023.9533,254.7838465182059,28.891366653513156,183.32742674872546,28.0,0.7135,200.0,35.0,132.0,806.0,25.0,231.0,85.0,253.0,16.552618941105422,144,4,53,53,252.0,-79.0,72.0,-12.0,139.0,-1.0,-113.0,6408.0,85.0,75.0,8.404542938373213,62.05520832769825,
4996,977.052,128.33941479373183,12.483610984184992,179.18360685150802,28.0,0.6844,193.0,33.0,126.0,779.0,26.0,223.0,83.0,245.0,7.073332108218893,118,6,54,57,252.0,-76.0,72.0,-9.0,142.0,2.0,-110.0,6377.0,87.0,78.0,8.372849327918667,62.05312499436511,
4997,978.54175,274.4793305887889,15.901928107818277,184.82682641742085,28.0,0.7155,192.0,33.0,126.0,778.0,26.0,223.0,83.0,245.0,9.177297019840067,121,5,56,57,252.0,-76.0,72.0,-9.0,142.0,2.0,-110.0,6410.0,88.0,78.0,8.377294695228171,62.05312499436511,
4998,983.67303,264.06466465372245,18.49855844395245,184.12863754996047,28.0,0.7309,192.0,33.0,126.0,778.0,26.0,223.0,83.0,245.0,10.650012358891217,125,6,54,57,252.0,-76.0,72.0,-9.0,142.0,2.0,-110.0,6410.0,88.0,78.0,8.381740062537748,62.05312499436511,
4999,987.52985,264.35610832639026,20.088674036091756,183.65872552214051,28.0,0.72595,199.0,35.0,131.0,801.0,25.0,229.0,85.0,251.0,11.721864352141253,122,7,53,57,250.0,-78.0,72.0,-12.0,138.0,0.0,-112.0,6359.0,84.0,75.0,8.386185429847327,62.05312499436511,
5000,1001.1671,322.2803548724886,23.440577177998794,204.82951754742487,28.0,0.7325,199.0,35.0,131.0,801.0,25.0,229.0,85.0,251.0,15.219184166947299,123,7,54,55,250.0,-78.0,72.0,-12.0,138.0,0.0,-112.0,6359.0,84.0,75.0,8.390630797156904,62.05312499436511,
5001,1007.94916,231.74725989201565,16.443940141587643,182.33245156536503,28.0,0.7431,193.0,33.0,126.0,779.0,26.0,223.0,83.0,245.0,9.168128509629046,119,5,51,56,250.0,-75.0,72.0,-9.0,141.0,3.0,-109.0,6345.0,87.0,78.0,8.36338538596841,62.05104166103196,
5002,1011.3242,266.9498470776636,19.32142386719016,184.69555661657833,28.0,0.6972,193.0,33.0,126.0,779.0,26.0,223.0,83.0,245.0,10.995504621245797,117,6,51,56,252.0,-76.0,72.0,-9.0,142.0,2.0,-110.0,6377.0,87.0,78.0,8.367830448623547,62.05104166103196,
5003,1016.9842,290.0350612924993,22.3363647402044,187.22327083104116,28.0,0.7329,193.0,33.0,126.0,779.0,26.0,223.0,83.0,245.0,12.796314087466383,108,6,53,57,252.0,-76.0,72.0,-9.0,142.0,2.0,-110.0,6377.0,87.0,78.0,8.372275511278684,62.05104166103196,
5004,1024.6456,275.4897953797861,24.127406684501707,184.47422139153528,28.0,0.7377,192.0,33.0,126.0,778.0,26.0,223.0,83.0,245.0,14.174793259033441,127,6,55,57,252.0,-76.0,72.0,-9.0,142.0,2.0,-110.0,6410.0,88.0,78.0,8.376720573933747,62.05104166103196,
5005,1031.7268,329.6323633329406,24.469797104694745,190.38945372488246,28.0,0.734,192.0,33.0,126.0,778.0,26.0,223.0,83.0,245.0,14.077240939146547,127,4,55,56,252.0,-76.0,72.0,-9.0,142.0,2.0,-110.0,6410.0,88.0,78.0,8.381165636588882,62.05104166103196,
5006,1048.5841,228.2693181331716,21.729968482371483,184.15539063335493,28.0,0.7421,222.0,40.0,148.0,881.0,24.0,249.0,91.0,271.0,12.45936394770424,120,6,52,55,247.0,-84.0,70.0,-21.0,129.0,-8.0,-118.0,6263.0,75.0,66.0,8.358367510206778,62.048958327698806,
5007,1055.7476,320.2827919501291,25.56976046504347,190.885181376948,28.0,0.7264,222.0,40.0,148.0,881.0,24.0,249.0,91.0,271.0,15.07539014352697,120,4,52,56,247.0,-84.0,70.0,-21.0,129.0,-8.0,-118.0,6263.0,75.0,66.0,8.362812268255103,62.048958327698806,
5008,1067.537,305.6923161535228,28.319946250755976,189.01701760271732,28.0,0.70995,221.0,40.0,148.0,880.0,24.0,249.0,91.0,271.0,16.69151953876765,118,5,53,56,248.0,-85.0,70.0,-21.0,129.0,-8.0,-119.0,6284.0,75.0,66.0,8.367257026303427,62.048958327698806,
5009,909.89526,187.3702854584748,16.697617053664402,192.61539023523625,28.0,0.7364,284.0,49.0,175.0,1030.0,24.0,256.0,114.0,322.0,11.903898891136834,122,14,48,53,227.0,-72.0,65.0,22.0,123.0,-3.0,-104.0,5734.0,74.0,-35.0,7.859075904914167,62.0260416610342,
5010,943.5633,217.2094757382871,28.431121078539135,216.52121440050917,28.0,0.78095,284.0,49.0,175.0,1030.0,24.0,256.0,114.0,322.0,19.227509494501756,111,12,47,49,227.0,-72.0,65.0,22.0,123.0,-3.0,-104.0,5734.0,74.0,-35.0,7.863517315428202,62.0260416610342,
5011,1020.8639,238.566641276717,29.95426031226435,242.81568722345307,28.0,0.77555,285.0,49.0,176.0,1036.0,24.0,258.0,114.0,323.0,24.6315296897539,116,11,46,50,226.0,-73.0,65.0,21.0,122.0,-4.0,-104.0,5729.0,73.0,-36.0,7.867958725942165,62.0260416610342,
5012,964.39966,248.4701305559567,25.14028692173496,244.0590406684441,28.0,0.7712,259.0,43.0,157.0,944.0,25.0,236.0,105.0,298.0,23.82987623319167,119,7,45,49,229.0,-66.0,66.0,31.0,132.0,4.0,-97.0,5811.0,82.0,-28.0,7.867420126055889,62.023958327701045,
5013,885.95184,236.9425598129136,18.465081691622025,216.33848556612097,29.0,0.7388,240.0,38.0,142.0,876.0,26.0,218.0,97.0,279.0,14.83135035646068,106,5,51,55,230.0,-60.0,67.0,39.0,139.0,11.0,-91.0,5858.0,89.0,-23.0,7.8741463492887025,62.01562499436846,
5014,938.1899,241.56155612663525,18.802981188457597,225.21938661703027,28.0,0.75975,261.0,43.0,158.0,949.0,25.0,237.0,105.0,298.0,16.50361391114625,108,5,51,54,230.0,-67.0,66.0,30.0,131.0,3.0,-99.0,5823.0,81.0,-29.0,7.87858624009725,62.01562499436846,
5015,796.9351,217.33087268121014,19.659122281145645,207.9617322340349,29.0,0.66305,240.0,38.0,142.0,876.0,26.0,218.0,97.0,279.0,14.50205890498141,106,5,53,59,230.0,-60.0,67.0,39.0,139.0,11.0,-91.0,5858.0,89.0,-23.0,7.869167975282129,62.013541661035305,
5016,836.802,222.69752524700232,22.419641422701392,216.60838001701617,29.0,0.7712,240.0,38.0,142.0,876.0,26.0,218.0,97.0,279.0,17.135148544876497,108,4,53,57,230.0,-60.0,67.0,39.0,139.0,11.0,-91.0,5858.0,89.0,-23.0,7.873607562291974,62.013541661035305,
5017,899.8768,241.15119113541417,20.476128397850417,228.18346219998847,28.0,0.8063,261.0,43.0,158.0,949.0,25.0,237.0,105.0,298.0,17.73022754666441,115,5,52,55,230.0,-67.0,66.0,30.0,131.0,3.0,-99.0,5823.0,81.0,-29.0,7.878047149301822,62.013541661035305,
5018,963.2097,244.38627774265652,19.786634863889937,231.16029109303415,28.0,0.7843,261.0,43.0,158.0,949.0,25.0,237.0,105.0,298.0,18.262960446933025,111,5,52,54,230.0,-67.0,66.0,30.0,131.0,3.0,-99.0,5823.0,81.0,-29.0,7.882486736311667,62.013541661035305,
5019,757.193,220.86260535482643,13.93917846368593,200.74093538066884,29.0,0.6576,240.0,38.0,142.0,876.0,26.0,218.0,97.0,279.0,9.78874021239917,106,4,55,58,230.0,-60.0,67.0,39.0,139.0,11.0,-91.0,5858.0,89.0,-23.0,7.868629576172881,62.011458327702165,
5020,789.47845,231.51134465744695,18.39864937014126,215.47192199185122,29.0,0.8013,240.0,38.0,142.0,876.0,26.0,218.0,97.0,279.0,14.504856143216973,113,4,53,58,230.0,-60.0,67.0,39.0,139.0,11.0,-91.0,5858.0,89.0,-23.0,7.873068859431467,62.011458327702165,
5021,850.52856,241.09988415626293,21.5729249846026,231.20968712685976,28.0,0.8173,261.0,43.0,158.0,949.0,25.0,237.0,105.0,298.0,18.98694995091337,110,4,52,56,230.0,-67.0,66.0,30.0,131.0,3.0,-99.0,5823.0,81.0,-29.0,7.877508142690054,62.011458327702165,
5022,919.738,244.652534782368,20.498420325567377,232.5121284288724,28.0,0.80905,261.0,43.0,158.0,949.0,25.0,237.0,105.0,298.0,18.76419642264629,117,4,52,58,230.0,-67.0,66.0,30.0,131.0,3.0,-99.0,5823.0,81.0,-29.0,7.881947425948638,62.011458327702165,
5023,997.09015,249.1754158652594,22.365798444042262,243.3259072836205,28.0,0.7637,276.0,47.0,171.0,1008.0,24.0,253.0,111.0,314.0,22.070258488119176,118,2,50,57,229.0,-73.0,66.0,23.0,125.0,-3.0,-104.0,5797.0,75.0,-35.0,7.886386709207224,62.011458327702165,
5024,952.3304,25.942126708029278,23.66246007830011,159.9092196036001,29.0,0.8288,317.0,52.0,171.0,1085.0,27.0,242.0,129.0,357.0,14.614626980978082,106,0,54,54,216.0,-52.0,63.0,38.0,134.0,14.0,-82.0,5478.0,87.0,-16.0,7.561801671856194,62.00937499436901,
5025,753.93726,76.13330368884358,4.085380251585102,176.45666703135862,28.0,0.6837,244.0,38.0,136.0,868.0,28.0,206.0,100.0,284.0,2.872272073019494,101,16,56,55,228.0,-51.0,66.0,47.0,147.0,20.0,-81.0,5785.0,97.0,-13.0,7.765994731374574,62.00937499436901,
5026,748.6314,115.69675774458871,2.778045828711825,177.51421126096798,28.0,0.6545,242.0,37.0,134.0,859.0,28.0,205.0,99.0,281.0,1.6833208864152513,96,17,54,56,228.0,-50.0,66.0,47.0,147.0,20.0,-81.0,5787.0,97.0,-13.0,7.770433710929329,62.00937499436901,
5027,761.3274,301.4459753060339,17.514608595830087,184.70062487342872,28.0,0.75125,237.0,37.0,134.0,849.0,28.0,204.0,97.0,277.0,9.790649431133362,111,5,52,57,228.0,-52.0,66.0,47.0,146.0,20.0,-82.0,5837.0,97.0,-14.0,7.792628608703033,62.00937499436901,
5028,768.69684,200.6252956407677,21.838822377319858,183.04675286865822,28.0,0.7318,237.0,37.0,134.0,849.0,28.0,204.0,97.0,277.0,12.76829578859059,115,6,52,56,228.0,-52.0,66.0,47.0,146.0,20.0,-82.0,5837.0,97.0,-14.0,7.7970675882577885,62.00937499436901,
5029,773.4748,225.9370934896552,25.447328602635935,183.1398039499402,28.0,0.7546,236.0,36.0,133.0,848.0,28.0,206.0,96.0,275.0,14.657468688953632,115,6,54,58,229.0,-53.0,66.0,47.0,146.0,19.0,-83.0,5839.0,96.0,-15.0,7.8015065678125435,62.00937499436901,
5030,779.92267,228.47814864458064,28.96925977597602,184.35097311048858,28.0,0.7461,236.0,36.0,133.0,848.0,28.0,206.0,96.0,275.0,17.418627793721964,120,14,52,55,229.0,-53.0,66.0,47.0,146.0,19.0,-83.0,5839.0,96.0,-15.0,7.805945547367298,62.00937499436901,
5031,781.2151,188.2906694577173,29.107564980205176,181.61624106176666,28.0,0.7465,233.0,36.0,132.0,838.0,28.0,203.0,95.0,272.0,17.59881552119753,115,11,56,53,229.0,-53.0,66.0,47.0,146.0,19.0,-83.0,5871.0,97.0,-15.0,7.810384526922053,62.00937499436901,
5032,777.2151,92.15776935393774,24.88553270440867,174.54713804482083,28.0,0.72185,233.0,36.0,132.0,838.0,28.0,203.0,95.0,272.0,15.038781568313107,124,0,57,56,229.0,-53.0,66.0,47.0,146.0,19.0,-83.0,5871.0,97.0,-15.0,7.814823506476808,62.00937499436901,
5033,764.06146,74.47409457061428,23.59149858775842,172.7723635672966,28.0,0.71515,230.0,35.0,131.0,832.0,27.0,203.0,94.0,270.0,13.772003563378421,126,0,55,54,229.0,-53.0,66.0,47.0,146.0,19.0,-83.0,5882.0,97.0,-15.0,7.8192624860315645,62.00937499436901,
5034,758.88556,179.8467814233286,21.49443583209981,181.20591876519592,28.0,0.7304,230.0,35.0,131.0,832.0,27.0,203.0,94.0,270.0,13.296858434712668,120,5,57,55,229.0,-53.0,66.0,47.0,146.0,19.0,-83.0,5882.0,97.0,-15.0,7.8237014655863195,62.00937499436901,
5035,755.12506,65.77720115749072,15.001653550245923,171.64370763448312,29.0,0.7223,225.0,35.0,129.0,817.0,27.0,200.0,92.0,265.0,10.297683300692082,125,5,53,57,230.0,-52.0,67.0,48.0,148.0,20.0,-82.0,5890.0,98.0,-14.0,7.828140445141003,62.00937499436901,
5036,753.5427,239.4051850676141,13.561144646389964,210.8202404407641,29.0,0.7608,240.0,38.0,142.0,876.0,26.0,218.0,97.0,279.0,11.34341624478655,101,3,53,57,230.0,-60.0,67.0,39.0,139.0,11.0,-91.0,5858.0,89.0,-23.0,7.872530240688481,62.00937499436901,
5037,805.85516,236.06305057367578,21.03267831961398,226.66848902390956,28.0,0.83105,261.0,43.0,158.0,949.0,25.0,237.0,105.0,298.0,18.385458876018127,112,6,55,57,230.0,-67.0,66.0,30.0,131.0,3.0,-99.0,5823.0,81.0,-29.0,7.876969220243238,62.00937499436901,
5038,876.5069,242.70872508730923,22.6278549966742,236.60270389998172,28.0,0.83085,261.0,43.0,158.0,949.0,25.0,237.0,105.0,298.0,20.624506735733306,115,4,52,56,230.0,-67.0,66.0,30.0,131.0,3.0,-99.0,5823.0,81.0,-29.0,7.881408199797994,62.00937499436901,
5039,951.9648,245.4512991354976,22.92944970153892,238.31589194584055,28.0,0.8075,276.0,47.0,171.0,1008.0,24.0,253.0,111.0,314.0,20.73788398754,117,2,50,56,229.0,-73.0,66.0,23.0,125.0,-3.0,-104.0,5797.0,75.0,-35.0,7.885847179352749,62.00937499436901,
5040,1036.8159,246.9454823715107,22.42341659654083,239.06346535098476,28.0,0.7637,276.0,47.0,171.0,1008.0,24.0,253.0,111.0,314.0,20.7731626342957,115,2,50,56,229.0,-73.0,66.0,23.0,125.0,-3.0,-104.0,5797.0,75.0,-35.0,7.890286158907504,62.00937499436901,
5041,792.84406,154.56822722629533,9.68876400443994,174.3327333376658,28.0,0.6188,260.0,41.0,146.0,920.0,27.0,218.0,106.0,299.0,7.454681112530913,109,19,56,56,227.0,-55.0,65.0,42.0,141.0,15.0,-86.0,5771.0,92.0,-17.0,7.747708780890905,62.00729166103587,
5042,789.26013,140.48668939260918,10.72300310295257,178.620418163244,28.0,0.6761,254.0,40.0,143.0,904.0,27.0,215.0,104.0,295.0,6.702293373882718,96,24,53,55,227.0,-54.0,65.0,43.0,142.0,16.0,-85.0,5740.0,93.0,-16.0,7.752147456789249,62.00729166103587,
5043,783.5199,45.102617251255296,10.631268482082714,174.1492169603129,28.0,0.7258,254.0,40.0,143.0,904.0,27.0,215.0,104.0,295.0,6.901116018821057,104,3,55,53,227.0,-54.0,65.0,43.0,142.0,16.0,-85.0,5740.0,93.0,-16.0,7.756586132687594,62.00729166103587,
5044,774.89746,28.575430683539288,9.768508586906007,173.22902457503162,29.0,0.73935,253.0,40.0,143.0,900.0,27.0,215.0,103.0,292.0,5.764856325856756,115,3,57,55,227.0,-54.0,66.0,43.0,142.0,16.0,-85.0,5761.0,93.0,-16.0,7.761024808585939,62.00729166103587,
5045,769.1178,56.69446545104262,9.58244926608853,174.47968217499997,29.0,0.754,253.0,40.0,143.0,900.0,27.0,215.0,103.0,292.0,5.678239044303733,104,0,58,55,227.0,-54.0,66.0,43.0,142.0,16.0,-85.0,5761.0,93.0,-16.0,7.765463484484283,62.00729166103587,
5046,764.3634,195.30591140974582,12.364825568357917,181.3664752210424,29.0,0.7705,256.0,41.0,146.0,913.0,27.0,218.0,104.0,295.0,7.790990570584869,114,17,52,55,226.0,-56.0,66.0,40.0,140.0,14.0,-86.0,5737.0,91.0,-18.0,7.769902160382627,62.00729166103587,
5047,766.77374,214.35416445983356,16.947654284405267,182.74742307656786,29.0,0.77565,256.0,41.0,146.0,913.0,27.0,218.0,104.0,295.0,10.337207660902505,95,19,52,57,226.0,-56.0,66.0,40.0,140.0,14.0,-86.0,5737.0,91.0,-18.0,7.774340836280972,62.00729166103587,
5048,771.6837,280.44736544302714,21.727105663281232,189.57992850983663,29.0,0.79855,259.0,41.0,148.0,925.0,26.0,223.0,105.0,298.0,13.553797685185517,131,21,52,60,226.0,-58.0,66.0,39.0,138.0,12.0,-88.0,5741.0,89.0,-20.0,7.778779512179317,62.00729166103587,
5049,785.70734,336.69081577856014,26.167728041318046,194.47711130712432,29.0,0.82535,259.0,41.0,148.0,925.0,26.0,223.0,105.0,298.0,16.558014612694265,115,17,51,59,226.0,-58.0,66.0,39.0,138.0,12.0,-88.0,5741.0,89.0,-20.0,7.783218188077661,62.00729166103587,
5050,806.1285,333.7492407386116,30.432726719165917,198.80769515122734,29.0,0.8171,259.0,42.0,150.0,928.0,26.0,224.0,105.0,298.0,18.34455303654895,108,18,53,55,227.0,-59.0,66.0,38.0,137.0,11.0,-90.0,5754.0,88.0,-21.0,7.7876568639759345,62.00729166103587,
5051,824.8938,269.36727332125645,34.852229078013146,189.04852376708502,28.0,0.8001,260.0,42.0,152.0,934.0,26.0,227.0,106.0,300.0,20.384340525805303,112,6,53,54,227.0,-60.0,65.0,36.0,136.0,10.0,-91.0,5750.0,86.0,-22.0,7.792095539874279,62.00729166103587,
5052,840.36115,267.6278632756853,36.35171005910589,188.14822413516487,28.0,0.8061,260.0,42.0,152.0,934.0,26.0,227.0,106.0,300.0,20.776757645893817,117,0,55,53,227.0,-60.0,65.0,36.0,136.0,10.0,-91.0,5750.0,86.0,-22.0,7.796534215772624,62.00729166103587,
5053,855.1257,291.6114477981126,37.59952715689245,189.1595436736709,28.0,0.7819,259.0,42.0,152.0,932.0,26.0,227.0,105.0,298.0,21.412976471607646,122,0,55,55,228.0,-61.0,66.0,36.0,136.0,9.0,-92.0,5778.0,87.0,-23.0,7.80097289167097,62.00729166103587,
5054,868.43774,174.96843012600777,36.53261814362825,184.01829924328942,28.0,0.77825,259.0,42.0,152.0,932.0,26.0,227.0,105.0,298.0,20.552947920660138,117,13,54,57,228.0,-61.0,66.0,36.0,136.0,9.0,-92.0,5778.0,87.0,-23.0,7.805411567569313,62.00729166103587,
5055,864.93835,47.876871770502134,32.88808001463178,171.4599815696155,28.0,0.79245,254.0,41.0,149.0,918.0,26.0,224.0,103.0,294.0,18.730216812967743,134,14,55,56,228.0,-60.0,66.0,37.0,137.0,10.0,-91.0,5778.0,88.0,-22.0,7.8098502434676575,62.00729166103587,
5056,852.1164,89.31141405721245,33.96718891264052,174.5194512184632,28.0,0.80045,254.0,41.0,149.0,918.0,26.0,224.0,103.0,294.0,19.24171689183153,123,2,56,54,228.0,-60.0,66.0,37.0,137.0,10.0,-91.0,5778.0,88.0,-22.0,7.8142889193660015,62.00729166103587,
5057,845.96436,163.0126564155544,37.13582616592822,177.94525936742897,28.0,0.8018,247.0,39.0,143.0,890.0,26.0,218.0,100.0,286.0,21.784751777302404,125,4,57,54,228.0,-59.0,66.0,39.0,139.0,12.0,-89.0,5823.0,90.0,-20.0,7.818727595264348,62.00729166103587,
5058,832.90576,26.287900161191732,33.861643009118424,168.04092718738124,28.0,0.8264,247.0,39.0,143.0,890.0,26.0,218.0,100.0,286.0,19.873389554297614,118,3,54,55,228.0,-59.0,66.0,39.0,139.0,12.0,-89.0,5823.0,90.0,-20.0,7.823166271162691,62.00729166103587,
5059,808.3305,22.18727485393527,29.371609578718292,158.77495888873173,28.0,0.7972,236.0,37.0,136.0,854.0,27.0,209.0,96.0,276.0,18.46260379032451,129,2,54,56,229.0,-56.0,66.0,44.0,143.0,16.0,-86.0,5868.0,94.0,-18.0,7.827604947060965,62.00729166103587,
5060,777.8044,40.9463840135645,21.85048992826945,161.18031795732514,28.0,0.77765,236.0,37.0,136.0,854.0,27.0,209.0,96.0,276.0,13.677741707155613,125,5,53,55,229.0,-56.0,66.0,44.0,143.0,16.0,-86.0,5868.0,94.0,-18.0,7.83204362295931,62.00729166103587,
5061,763.989,242.49698741811463,15.034293300881883,215.9622397235442,29.0,0.8179,235.0,37.0,139.0,860.0,27.0,215.0,95.0,274.0,12.978486687300517,101,6,55,57,231.0,-60.0,67.0,0.0,140.0,11.0,-91.0,5880.0,89.0,-23.0,7.876430381942684,62.00729166103587,
5062,829.03546,245.7058440062451,22.30495235519498,236.94883111378826,29.0,0.8386,235.0,37.0,139.0,860.0,27.0,215.0,95.0,274.0,20.209906890167115,117,6,55,55,231.0,-60.0,67.0,0.0,140.0,11.0,-91.0,5880.0,89.0,-23.0,7.880869057841029,62.00729166103587,
5063,903.0203,239.95842521712362,23.112256877301157,233.20710957122967,28.0,0.8156,271.0,46.0,168.0,990.0,24.0,248.0,109.0,310.0,19.904098911051534,101,5,52,58,230.0,-72.0,66.0,-14.0,127.0,-1.0,-103.0,5808.0,77.0,-33.0,7.885307733739374,62.00729166103587,
5064,988.2616,246.15731182232565,24.89554828413756,246.26832412726333,28.0,0.76195,271.0,46.0,168.0,990.0,24.0,248.0,109.0,310.0,23.704334565473633,109,4,49,57,230.0,-72.0,66.0,-14.0,127.0,-1.0,-103.0,5808.0,77.0,-33.0,7.889746409637717,62.00729166103587,
5065,957.2457,123.62192562150024,27.431101465664845,177.5662984925015,28.0,0.7762,324.0,54.0,181.0,1121.0,26.0,255.0,131.0,365.0,15.142339559953589,126,15,54,51,217.0,-59.0,62.0,31.0,128.0,7.0,-89.0,5506.0,81.0,-23.0,7.587397428962954,62.00520832770272,
5066,959.5828,223.14707329351026,23.863533298484572,184.42930730886434,29.0,0.82625,318.0,53.0,177.0,1102.0,26.0,251.0,129.0,359.0,12.942906771024692,119,6,53,52,217.0,-58.0,63.0,33.0,129.0,8.0,-88.0,5538.0,82.0,-22.0,7.591835801252227,62.00520832770272,
5067,968.5471,282.6154737121132,24.840681061005405,189.2188113678518,29.0,0.8269,318.0,53.0,177.0,1102.0,26.0,251.0,129.0,359.0,13.633295175804099,124,6,57,53,217.0,-58.0,63.0,33.0,129.0,8.0,-88.0,5538.0,82.0,-22.0,7.59627417354157,62.00520832770272,
5068,954.14703,49.97261284779144,20.60130286880886,167.13631447975223,28.0,0.7977,313.0,51.0,173.0,1081.0,26.0,246.0,127.0,353.0,12.058981554755,125,4,56,55,218.0,-57.0,63.0,34.0,132.0,10.0,-86.0,5544.0,84.0,-20.0,7.605150918120256,62.00520832770272,
5069,873.21136,121.44386265762395,5.728081876629097,177.64885361530324,28.0,0.6572,290.0,47.0,160.0,1010.0,27.0,231.0,118.0,331.0,3.568065842762914,118,7,53,55,221.0,-54.0,64.0,40.0,137.0,14.0,-84.0,5606.0,89.0,-17.0,7.6495346410136165,62.00520832770272,
5070,869.63043,150.97780193515723,4.5438888490084945,177.54779511329758,28.0,0.6692,287.0,46.0,157.0,997.0,27.0,228.0,117.0,327.0,3.242829037816919,118,19,54,57,222.0,-54.0,64.0,40.0,138.0,15.0,-84.0,5635.0,90.0,-17.0,7.653973013302959,62.00520832770272,
5071,825.4211,189.82342396591457,14.229265483680276,183.87594672793136,28.0,0.6796,260.0,41.0,146.0,920.0,27.0,218.0,106.0,299.0,12.72375150455481,106,3,53,54,227.0,-55.0,65.0,42.0,141.0,15.0,-86.0,5771.0,92.0,-17.0,7.742740459089681,62.00520832770272,
5072,824.3036,167.13902927230743,14.793476474110914,177.8945176919294,28.0,0.7519,260.0,41.0,146.0,920.0,27.0,218.0,106.0,299.0,8.736628900635656,98,0,53,58,227.0,-55.0,65.0,42.0,141.0,15.0,-86.0,5771.0,92.0,-17.0,7.747178831378952,62.00520832770272,
5073,818.66595,119.1281262795581,14.547450896331716,175.479439541892,28.0,0.7571,254.0,40.0,143.0,904.0,27.0,215.0,104.0,295.0,8.737911057256401,104,15,52,54,227.0,-54.0,65.0,43.0,142.0,16.0,-85.0,5740.0,93.0,-16.0,7.751617203668295,62.00520832770272,
5074,811.1865,85.27744422476538,12.658931725719663,173.79556194963925,28.0,0.7681,254.0,40.0,143.0,904.0,27.0,215.0,104.0,295.0,7.54024941032793,97,1,51,53,227.0,-54.0,65.0,43.0,142.0,16.0,-85.0,5740.0,93.0,-16.0,7.75605557595764,62.00520832770272,
5075,801.60046,73.56241018448061,13.430480176228434,172.11788256570495,29.0,0.76115,253.0,40.0,143.0,900.0,27.0,215.0,103.0,292.0,9.163195041605785,107,1,56,56,227.0,-54.0,66.0,43.0,142.0,16.0,-85.0,5761.0,93.0,-16.0,7.7604939482469835,62.00520832770272,
5076,796.7092,73.1328546559422,12.788094113897326,177.47817032660402,29.0,0.7308,253.0,40.0,143.0,900.0,27.0,215.0,103.0,292.0,7.418710137511788,109,1,57,55,227.0,-54.0,66.0,43.0,142.0,16.0,-85.0,5761.0,93.0,-16.0,7.764932320536326,62.00520832770272,
5077,797.62006,325.3408260300039,14.864350806508368,185.0950429995469,29.0,0.77725,256.0,41.0,146.0,913.0,27.0,218.0,104.0,295.0,8.723369755581583,119,18,53,53,226.0,-56.0,66.0,40.0,140.0,14.0,-86.0,5737.0,91.0,-18.0,7.769370692825669,62.00520832770272,
5078,808.4871,339.3678908411671,16.927164355711366,191.55131597958336,29.0,0.81025,256.0,41.0,146.0,913.0,27.0,218.0,104.0,295.0,10.193311262828615,121,5,52,55,226.0,-56.0,66.0,40.0,140.0,14.0,-86.0,5737.0,91.0,-18.0,7.773809065115012,62.00520832770272,
5079,824.10077,325.88912379034946,19.670261789031613,194.86221091059522,29.0,0.8227,259.0,41.0,148.0,925.0,26.0,223.0,105.0,298.0,11.968812320988608,125,17,52,54,226.0,-58.0,66.0,39.0,138.0,12.0,-88.0,5741.0,89.0,-20.0,7.778247437404355,62.00520832770272,
5080,843.8263,333.269299495351,20.152217715897716,196.45742488036163,29.0,0.8047,259.0,41.0,148.0,925.0,26.0,223.0,105.0,298.0,12.319122403012194,102,0,54,53,226.0,-58.0,66.0,39.0,138.0,12.0,-88.0,5741.0,89.0,-20.0,7.782685809693699,62.00520832770272,
5081,867.6001,325.27903360151333,20.90339200696672,202.97533394969167,29.0,0.8075,259.0,42.0,150.0,928.0,26.0,224.0,105.0,298.0,13.543500483613084,106,12,51,52,227.0,-59.0,66.0,38.0,137.0,11.0,-90.0,5754.0,88.0,-21.0,7.78712418198297,62.00520832770272,
5082,908.2447,196.14902917139287,16.682658205833008,185.71426225403332,28.0,0.7651,260.0,42.0,152.0,934.0,26.0,227.0,106.0,300.0,10.12750800083526,101,2,56,54,227.0,-60.0,65.0,36.0,136.0,10.0,-91.0,5750.0,86.0,-22.0,7.796000926561657,62.00520832770272,
5083,915.3867,285.2235764715648,14.950272830877841,187.20019643197378,28.0,0.7557,259.0,42.0,152.0,932.0,26.0,227.0,105.0,298.0,7.683103878935913,115,2,56,56,228.0,-61.0,66.0,36.0,136.0,9.0,-92.0,5778.0,87.0,-23.0,7.800439298851,62.00520832770272,
5084,922.58405,212.5534156190762,13.783582632803501,182.07177039321036,28.0,0.72565,259.0,42.0,152.0,932.0,26.0,227.0,105.0,298.0,6.90489994598543,124,0,54,55,228.0,-61.0,66.0,36.0,136.0,9.0,-92.0,5778.0,87.0,-23.0,7.8048776711403445,62.00520832770272,
5085,920.38605,123.3740248387037,15.527056054479909,175.41198334553428,28.0,0.7453,254.0,41.0,149.0,918.0,26.0,224.0,103.0,294.0,8.228745317537703,106,2,54,54,228.0,-60.0,66.0,37.0,137.0,10.0,-91.0,5778.0,88.0,-22.0,7.809316043429686,62.00520832770272,
5086,917.53644,232.12762390102768,19.833347424509714,183.6139201601886,28.0,0.75755,254.0,41.0,149.0,918.0,26.0,224.0,103.0,294.0,10.988465510933272,115,4,57,55,228.0,-60.0,66.0,37.0,137.0,10.0,-91.0,5778.0,88.0,-22.0,7.813754415719029,62.00520832770272,
5087,914.98584,111.10914124150061,19.437615710491528,170.43023071471714,28.0,0.75275,247.0,39.0,143.0,890.0,26.0,218.0,100.0,286.0,11.408798438119272,122,5,57,55,228.0,-59.0,66.0,39.0,139.0,12.0,-89.0,5823.0,90.0,-20.0,7.818192788008374,62.00520832770272,
5088,899.8352,80.38270814465267,19.4013195844414,170.14777630308942,28.0,0.755,247.0,39.0,143.0,890.0,26.0,218.0,100.0,286.0,11.684516649053682,115,3,55,55,228.0,-59.0,66.0,39.0,139.0,12.0,-89.0,5823.0,90.0,-20.0,7.822631160297717,62.00520832770272,
5089,876.29474,31.485812846846052,22.4033498448868,157.42890183082727,28.0,0.7859,236.0,37.0,136.0,854.0,27.0,209.0,96.0,276.0,14.167339944458142,125,3,54,56,229.0,-56.0,66.0,44.0,143.0,16.0,-86.0,5868.0,94.0,-18.0,7.8270695325869895,62.00520832770272,
5090,840.0897,33.2341275593772,25.47309948867725,153.1854282505102,28.0,0.78635,236.0,37.0,136.0,854.0,27.0,209.0,96.0,276.0,16.26730705850568,124,3,53,55,229.0,-56.0,66.0,44.0,143.0,16.0,-86.0,5868.0,94.0,-18.0,7.831507904876331,62.00520832770272,
5091,737.7833,232.06377241198712,12.392533994633169,204.13314524239482,29.0,0.8076,235.0,37.0,139.0,860.0,27.0,215.0,95.0,274.0,9.769003862255492,123,6,54,56,231.0,-60.0,67.0,0.0,140.0,11.0,-91.0,5880.0,89.0,-23.0,7.875891627769693,62.00520832770272,
5092,782.2541,234.77598027425782,21.51169420987647,224.5745679797911,29.0,0.8104,235.0,37.0,139.0,860.0,27.0,215.0,95.0,274.0,17.675748013376513,122,5,55,57,231.0,-60.0,67.0,0.0,140.0,11.0,-91.0,5880.0,89.0,-23.0,7.880330000059036,62.00520832770272,
5093,852.6589,237.5036553242264,25.35493423306713,233.9534916182862,28.0,0.8261,271.0,46.0,168.0,990.0,24.0,248.0,109.0,310.0,20.80407193779492,123,5,52,56,230.0,-72.0,66.0,-14.0,127.0,-1.0,-103.0,5808.0,77.0,-33.0,7.884768372348379,62.00520832770272,
5094,938.7713,248.6441769702626,26.015240267726366,248.85921821567422,28.0,0.80145,271.0,46.0,168.0,990.0,24.0,248.0,109.0,310.0,24.37995265391561,102,4,51,56,230.0,-72.0,66.0,-14.0,127.0,-1.0,-103.0,5808.0,77.0,-33.0,7.889206744637722,62.00520832770272,
5095,988.1013,75.19354867824481,25.547911550703827,171.60406660315778,28.0,0.72955,309.0,51.0,171.0,1069.0,26.0,243.0,125.0,349.0,14.744464252740352,126,16,55,55,218.0,-56.0,63.0,35.0,132.0,11.0,-86.0,5562.0,85.0,-20.0,7.609068834041655,62.00312499436958,
5096,892.6055,195.1076442054721,10.304595178726766,182.4130684376801,28.0,0.75405,290.0,47.0,160.0,1010.0,27.0,231.0,118.0,331.0,6.633163477784454,120,6,52,58,221.0,-54.0,64.0,40.0,137.0,14.0,-84.0,5606.0,89.0,-17.0,7.644573383863508,62.00312499436958,
5097,889.09607,115.43897507647472,10.565311585025707,177.47913848727183,28.0,0.76595,290.0,47.0,160.0,1010.0,27.0,231.0,118.0,331.0,6.140328764786448,118,7,54,60,221.0,-54.0,64.0,40.0,137.0,14.0,-84.0,5606.0,89.0,-17.0,7.649011452591249,62.00312499436958,
5098,887.57837,143.865490484982,13.304035978236936,174.80329337375807,28.0,0.7788,287.0,46.0,157.0,997.0,27.0,228.0,117.0,327.0,8.121020550545095,118,20,52,58,222.0,-54.0,64.0,40.0,138.0,15.0,-84.0,5635.0,90.0,-17.0,7.653449521318988,62.00312499436958,
5099,884.7364,234.0792624502318,11.233246956913954,183.89188734050725,28.0,0.77955,287.0,46.0,157.0,997.0,27.0,228.0,117.0,327.0,8.45058808080816,123,20,52,57,222.0,-54.0,64.0,40.0,138.0,15.0,-84.0,5635.0,90.0,-17.0,7.6578875900467285,62.00312499436958,
5100,868.0067,85.54703560032948,10.17323939771513,176.7432311470544,28.0,0.5865,283.0,45.0,156.0,986.0,27.0,228.0,115.0,322.0,6.224340916783959,112,22,55,57,222.0,-54.0,64.0,40.0,138.0,15.0,-84.0,5646.0,90.0,-17.0,7.666763727502209,62.00312499436958,
5101,869.16534,117.11462484990633,7.995879338946287,180.79318929409786,28.0,0.6234,283.0,45.0,156.0,986.0,27.0,228.0,115.0,322.0,4.950085969364442,115,24,54,57,222.0,-54.0,64.0,40.0,138.0,15.0,-84.0,5646.0,90.0,-17.0,7.6712017962298775,62.00312499436958,
5102,840.20966,211.83594842824758,10.199799924220967,183.80578398391464,28.0,0.71585,262.0,41.0,146.0,926.0,27.0,219.0,107.0,302.0,7.226839050984182,103,20,53,55,226.0,-54.0,65.0,42.0,141.0,15.0,-85.0,5751.0,92.0,-17.0,7.733334758418175,62.00312499436958,
5103,845.3562,225.88243907124087,14.623396668498149,186.92699727920385,28.0,0.72375,262.0,41.0,146.0,926.0,27.0,219.0,107.0,302.0,9.732613584839449,104,9,53,53,226.0,-54.0,65.0,42.0,141.0,15.0,-85.0,5751.0,92.0,-17.0,7.737772827145915,62.00312499436958,
5104,855.8269,170.49563324913865,12.960455458253277,183.11920090776675,28.0,0.7692,260.0,41.0,146.0,920.0,27.0,218.0,106.0,299.0,6.963763584912666,106,8,52,56,227.0,-55.0,65.0,42.0,141.0,15.0,-86.0,5771.0,92.0,-17.0,7.742210895873654,62.00312499436958,
5105,858.41656,170.61348182945616,17.069242497680158,183.54566809305672,28.0,0.7758,260.0,41.0,146.0,920.0,27.0,218.0,106.0,299.0,10.714440756256362,101,0,53,57,227.0,-55.0,65.0,42.0,141.0,15.0,-86.0,5771.0,92.0,-17.0,7.746648964601324,62.00312499436958,
5106,854.7674,89.72667954955473,14.389543881763922,171.137152449001,28.0,0.775,254.0,40.0,143.0,904.0,27.0,215.0,104.0,295.0,8.513172774451085,99,2,52,55,227.0,-54.0,65.0,43.0,142.0,16.0,-85.0,5740.0,93.0,-16.0,7.751087033329064,62.00312499436958,
5107,839.99725,49.34660397299548,11.929989506690458,172.29752971998207,28.0,0.7546,254.0,40.0,143.0,904.0,27.0,215.0,104.0,295.0,7.2858696117377955,106,0,53,56,227.0,-54.0,65.0,43.0,142.0,16.0,-85.0,5740.0,93.0,-16.0,7.7555251020568035,62.00312499436958,
5108,833.36633,89.12346828738193,11.575473854009424,172.57064913317714,29.0,0.7594,253.0,40.0,143.0,900.0,27.0,215.0,103.0,292.0,7.192304530386463,104,1,53,52,227.0,-54.0,66.0,43.0,142.0,16.0,-85.0,5761.0,93.0,-16.0,7.759963170784546,62.00312499436958,
5109,825.61755,180.20216717919885,12.933798845105573,179.68735351099113,29.0,0.7354,253.0,40.0,143.0,900.0,27.0,215.0,103.0,292.0,7.574415342546919,106,0,53,55,227.0,-54.0,66.0,43.0,142.0,16.0,-85.0,5761.0,93.0,-16.0,7.764401239512286,62.00312499436958,
5110,840.6924,338.29264416642053,15.159884664459208,190.45099804597086,29.0,0.7869,256.0,41.0,146.0,913.0,27.0,218.0,104.0,295.0,8.846260079328577,123,4,53,54,226.0,-56.0,66.0,40.0,140.0,14.0,-86.0,5737.0,91.0,-18.0,7.773277376967766,62.00312499436958,
5111,856.8958,330.08153883572766,14.378198629431353,194.50749362617796,29.0,0.7835,259.0,41.0,148.0,925.0,26.0,223.0,105.0,298.0,9.076876335543453,126,8,52,54,226.0,-58.0,66.0,39.0,138.0,12.0,-88.0,5741.0,89.0,-20.0,7.777715445695506,62.00312499436958,
5112,872.37964,328.4018671112942,12.084170692949423,192.55753366404315,29.0,0.7648,259.0,41.0,148.0,925.0,26.0,223.0,105.0,298.0,7.453468781004238,112,1,54,52,226.0,-58.0,66.0,39.0,138.0,12.0,-88.0,5741.0,89.0,-20.0,7.782153514423246,62.00312499436958,
5113,892.9084,312.502402822284,10.625957383972164,197.81871570329236,29.0,0.7483,259.0,42.0,150.0,928.0,26.0,224.0,105.0,298.0,7.610761976979312,119,0,53,55,227.0,-59.0,66.0,38.0,137.0,11.0,-90.0,5754.0,88.0,-21.0,7.7865915831509165,62.00312499436958,
5114,907.29755,251.16724543795593,5.466674274310757,185.46070363746642,29.0,0.7413,259.0,42.0,150.0,928.0,26.0,224.0,105.0,298.0,2.9791067936098945,111,2,53,54,227.0,-59.0,66.0,38.0,137.0,11.0,-90.0,5754.0,88.0,-21.0,7.791029651878659,62.00312499436958,
5115,930.134,307.90724132633807,6.919946925569628,194.68734355155323,28.0,0.70915,260.0,42.0,152.0,934.0,26.0,227.0,106.0,300.0,5.813045883933729,113,0,55,52,227.0,-60.0,65.0,36.0,136.0,10.0,-91.0,5750.0,86.0,-22.0,7.799905789334138,62.00312499436958,
5116,942.1697,194.2280875550092,7.376565831068873,182.84804980238013,28.0,0.70005,259.0,42.0,152.0,932.0,26.0,227.0,105.0,298.0,4.96843450577731,111,1,54,53,228.0,-61.0,66.0,36.0,136.0,9.0,-92.0,5778.0,87.0,-23.0,7.804343858061879,62.00312499436958,
5117,940.03625,87.20016664045924,6.1946182418244025,175.94683706525996,28.0,0.7082,254.0,41.0,149.0,918.0,26.0,224.0,103.0,294.0,3.442496198923586,117,3,54,53,228.0,-60.0,66.0,37.0,137.0,10.0,-91.0,5778.0,88.0,-22.0,7.808781926789619,62.00312499436958,
5118,941.16766,220.52667806949546,5.463965751462243,187.23666108962,28.0,0.7258,254.0,41.0,149.0,918.0,26.0,224.0,103.0,294.0,4.225693826999529,111,4,54,54,228.0,-60.0,66.0,37.0,137.0,10.0,-91.0,5778.0,88.0,-22.0,7.813219995517359,62.00312499436958,
5119,937.20245,95.16375956863969,5.8497715644057475,167.15620392285422,28.0,0.7102,247.0,39.0,143.0,890.0,26.0,218.0,100.0,286.0,5.171781578617678,118,3,55,55,228.0,-59.0,66.0,39.0,139.0,12.0,-89.0,5823.0,90.0,-20.0,7.817658064245101,62.00312499436958,
5120,921.1679,97.56603706026576,4.918047965143902,168.3926166913689,28.0,0.7036,247.0,39.0,143.0,890.0,26.0,218.0,100.0,286.0,4.451994760445076,111,4,54,56,228.0,-59.0,66.0,39.0,139.0,12.0,-89.0,5823.0,90.0,-20.0,7.822096132972841,62.00312499436958,
5121,887.04663,47.67238405609802,13.654122436072884,160.0782389421097,28.0,0.7515,236.0,37.0,136.0,854.0,27.0,209.0,96.0,276.0,9.178993092473274,123,2,57,55,229.0,-56.0,66.0,44.0,143.0,16.0,-86.0,5868.0,94.0,-18.0,7.83097227042825,62.00312499436958,
5122,855.8117,45.860525015960306,18.964348358373332,155.15416982883698,29.0,0.7804,225.0,34.0,128.0,815.0,28.0,200.0,92.0,264.0,13.05804044714672,127,1,55,57,231.0,-53.0,67.0,48.0,148.0,20.0,-83.0,5908.0,98.0,-15.0,7.83541033915599,62.00312499436958,
5123,737.5485,227.47598426166337,16.42152813375745,207.6277926913024,29.0,0.8253,235.0,37.0,139.0,860.0,27.0,215.0,95.0,274.0,11.932275014452774,124,4,54,57,231.0,-60.0,67.0,0.0,140.0,11.0,-91.0,5880.0,89.0,-23.0,7.879791026433323,62.00312499436958,
5124,909.19366,107.98423260967155,8.431015448320379,174.0549460838009,28.0,0.7508,292.0,47.0,161.0,1016.0,27.0,233.0,119.0,333.0,5.752576619942433,121,13,54,53,221.0,-54.0,64.0,39.0,137.0,14.0,-84.0,5600.0,89.0,-17.0,7.635175050201703,62.001041661036425,
5125,914.1281,182.3179253567163,15.688542568013345,186.64107082986965,28.0,0.7695,292.0,47.0,161.0,1016.0,27.0,233.0,119.0,333.0,11.13534447836096,117,11,54,56,221.0,-54.0,64.0,39.0,137.0,14.0,-84.0,5600.0,89.0,-17.0,7.639612815415229,62.001041661036425,
5126,922.8151,287.788135395713,17.29883279525556,190.0525903081674,28.0,0.8001,290.0,47.0,160.0,1010.0,27.0,231.0,118.0,331.0,10.114126983938975,117,8,52,61,221.0,-54.0,64.0,40.0,137.0,14.0,-84.0,5606.0,89.0,-17.0,7.644050580628757,62.001041661036425,
5127,921.36346,146.4936481664589,15.922310133811918,176.71254264660988,28.0,0.79,290.0,47.0,160.0,1010.0,27.0,231.0,118.0,331.0,9.429187597033318,113,6,51,60,221.0,-54.0,64.0,40.0,137.0,14.0,-84.0,5606.0,89.0,-17.0,7.648488345842281,62.001041661036425,
5128,922.2957,114.06040394379545,13.89617322528406,176.00117784100001,28.0,0.7773,287.0,46.0,157.0,997.0,27.0,228.0,117.0,327.0,7.813913725817518,124,5,54,59,222.0,-54.0,64.0,40.0,138.0,15.0,-84.0,5635.0,90.0,-17.0,7.652926111055808,62.001041661036425,
5129,912.134,101.40347862690176,12.286656126977887,174.72262334014434,28.0,0.77325,287.0,46.0,157.0,997.0,27.0,228.0,117.0,327.0,6.8989673163583225,128,6,54,58,222.0,-54.0,64.0,40.0,138.0,15.0,-84.0,5635.0,90.0,-17.0,7.657363876269333,62.001041661036425,
5130,912.37164,222.68095588129162,12.133552422123602,180.49684417929657,28.0,0.7557,284.0,46.0,157.0,991.0,27.0,228.0,116.0,325.0,7.543098579106767,129,4,54,57,222.0,-54.0,64.0,40.0,138.0,15.0,-84.0,5656.0,90.0,-17.0,7.6618016414828585,62.001041661036425,
5131,903.72363,57.02380291970608,14.992323886966933,173.39287112415172,28.0,0.761,284.0,46.0,157.0,991.0,27.0,228.0,116.0,325.0,8.341156775161673,126,4,53,59,222.0,-54.0,64.0,40.0,138.0,15.0,-84.0,5656.0,90.0,-17.0,7.666239406696383,62.001041661036425,
5132,896.4098,80.59192655809616,12.364863007196764,174.75095262669512,28.0,0.7944,283.0,45.0,156.0,986.0,27.0,228.0,115.0,322.0,8.259327478601158,120,6,53,59,222.0,-54.0,64.0,40.0,138.0,15.0,-84.0,5646.0,90.0,-17.0,7.670677171909838,62.001041661036425,
5133,884.4226,91.04104596006509,8.62794358407178,166.68165834668804,28.0,0.7718,280.0,45.0,156.0,980.0,27.0,227.0,114.0,320.0,6.8259133528431075,117,6,53,60,222.0,-54.0,64.0,40.0,138.0,14.0,-84.0,5654.0,90.0,-18.0,7.6751149371233645,62.001041661036425,
5134,871.1951,102.60284656716061,6.015664349618689,174.60112953526826,28.0,0.754,280.0,45.0,156.0,980.0,27.0,227.0,114.0,320.0,4.145293794116633,111,19,54,59,222.0,-54.0,64.0,40.0,138.0,14.0,-84.0,5654.0,90.0,-18.0,7.679552702336891,62.001041661036425,
5135,865.9236,136.86088517034494,4.737400490038068,177.3184324351924,28.0,0.6474,277.0,44.0,153.0,970.0,27.0,225.0,113.0,318.0,3.196759723959053,117,29,52,56,223.0,-54.0,64.0,41.0,139.0,15.0,-84.0,5691.0,91.0,-17.0,7.683990467550416,62.001041661036425,
5136,859.02045,84.08420554000602,2.5090067977685906,175.4413720795109,28.0,0.6485,277.0,44.0,153.0,970.0,27.0,225.0,113.0,318.0,2.692284975696876,112,4,53,56,223.0,-54.0,64.0,41.0,139.0,15.0,-84.0,5691.0,91.0,-17.0,7.6884282327639415,62.001041661036425,
5137,853.50507,102.32768608143073,1.5217749953597783,177.17678894298896,28.0,0.6077,277.0,45.0,156.0,976.0,27.0,228.0,113.0,318.0,1.1434390179824596,119,7,54,56,222.0,-55.0,64.0,39.0,137.0,13.0,-85.0,5679.0,89.0,-18.0,7.692865997977466,62.001041661036425,
5138,847.04254,265.7804565836083,9.499570471882697,190.19896113422075,28.0,0.7353,266.0,42.0,149.0,940.0,27.0,222.0,108.0,305.0,6.776271385640383,107,17,52,55,225.0,-54.0,65.0,40.0,140.0,15.0,-85.0,5711.0,91.0,-17.0,7.728368119685603,62.001041661036425,
5139,862.37146,291.10850060255945,10.688119111039185,189.69898953693522,28.0,0.76435,266.0,42.0,149.0,940.0,27.0,222.0,108.0,305.0,6.9528999707583266,107,17,57,57,225.0,-54.0,65.0,40.0,140.0,15.0,-85.0,5711.0,91.0,-17.0,7.73280588489913,62.001041661036425,
5140,872.19,211.73702478618776,9.72919512257849,183.70203272848914,28.0,0.7577,262.0,41.0,146.0,926.0,27.0,219.0,107.0,302.0,5.718467877393002,99,4,55,55,226.0,-54.0,65.0,42.0,141.0,15.0,-85.0,5751.0,92.0,-17.0,7.737243650112655,62.001041661036425,
5141,882.0278,308.4765189209314,13.046781361702058,194.93131151099888,28.0,0.76855,260.0,41.0,146.0,920.0,27.0,218.0,106.0,299.0,9.516521551008385,100,0,54,56,227.0,-55.0,65.0,42.0,141.0,15.0,-86.0,5771.0,92.0,-17.0,7.741681415326181,62.001041661036425,
5142,897.44275,208.13084746416106,12.500731379809226,182.0084092192003,28.0,0.7847,260.0,41.0,146.0,920.0,27.0,218.0,106.0,299.0,8.251065285963964,101,0,55,55,227.0,-55.0,65.0,42.0,141.0,15.0,-86.0,5771.0,92.0,-17.0,7.746119180539634,62.001041661036425,
5143,885.8435,39.70649522002031,11.034940121433303,167.2305746994341,28.0,0.7678,254.0,40.0,143.0,904.0,27.0,215.0,104.0,295.0,8.652727190686482,114,0,54,56,227.0,-54.0,65.0,43.0,142.0,16.0,-85.0,5740.0,93.0,-16.0,7.750556945753161,62.001041661036425,
5144,865.44037,49.84768288204694,8.584948022143287,168.30550571350472,28.0,0.7712,254.0,40.0,143.0,904.0,27.0,215.0,104.0,295.0,6.412250592069438,104,3,54,56,227.0,-54.0,65.0,43.0,142.0,16.0,-85.0,5740.0,93.0,-16.0,7.754994710966685,62.001041661036425,
5145,856.622,94.14778474730139,8.993109447801283,174.73850228537134,29.0,0.7517,253.0,40.0,143.0,900.0,27.0,215.0,103.0,292.0,5.590194842428139,107,2,55,52,227.0,-54.0,66.0,43.0,142.0,16.0,-85.0,5761.0,93.0,-16.0,7.759432476180213,62.001041661036425,
5146,855.6567,266.36831763440944,14.427864496710866,186.42572104677646,29.0,0.7612,253.0,40.0,143.0,900.0,27.0,215.0,103.0,292.0,8.24730270444124,129,1,56,55,227.0,-54.0,66.0,43.0,142.0,16.0,-85.0,5761.0,93.0,-16.0,7.763870241393738,62.001041661036425,
5147,867.5627,346.0534613735165,17.943676623042705,188.0593790310341,29.0,0.7771,256.0,41.0,146.0,913.0,27.0,218.0,104.0,295.0,10.255019747906234,128,2,52,54,226.0,-56.0,66.0,40.0,140.0,14.0,-86.0,5737.0,91.0,-18.0,7.768308006607264,62.001041661036425,
5148,878.0929,322.78171016967895,18.528838169508017,187.51046713509237,29.0,0.784,256.0,41.0,146.0,913.0,27.0,218.0,104.0,295.0,11.1874121066964,122,3,53,54,226.0,-56.0,66.0,40.0,140.0,14.0,-86.0,5737.0,91.0,-18.0,7.772745771820788,62.001041661036425,
5149,889.00354,296.33233759682287,16.265568753720057,187.86743980137956,29.0,0.7799,259.0,41.0,148.0,925.0,26.0,223.0,105.0,298.0,9.896160148893186,126,2,54,54,226.0,-58.0,66.0,39.0,138.0,12.0,-88.0,5741.0,89.0,-20.0,7.777183537034315,62.001041661036425,
5150,897.7143,330.282918883311,13.941584370208616,188.50005599845213,29.0,0.7836,259.0,41.0,148.0,925.0,26.0,223.0,105.0,298.0,8.133068771005668,119,1,55,54,226.0,-58.0,66.0,39.0,138.0,12.0,-88.0,5741.0,89.0,-20.0,7.7816213022478395,62.001041661036425,
5151,911.98004,326.9294963075078,9.837707243098766,191.4874524220871,29.0,0.7719,259.0,42.0,150.0,928.0,26.0,224.0,105.0,298.0,6.292424783031423,122,0,54,54,227.0,-59.0,66.0,38.0,137.0,11.0,-90.0,5754.0,88.0,-21.0,7.786059067461294,62.001041661036425,
5152,917.15686,103.01084723873329,4.570038553006474,178.94157552600825,29.0,0.7285,259.0,42.0,150.0,928.0,26.0,224.0,105.0,298.0,2.4148487061111834,119,0,56,54,227.0,-59.0,66.0,38.0,137.0,11.0,-90.0,5754.0,88.0,-21.0,7.7904968326748225,62.001041661036425,
5153,919.88226,311.5609144645786,5.59191897197773,190.88041781980493,28.0,0.70495,260.0,42.0,152.0,934.0,26.0,227.0,106.0,300.0,4.449666583329588,114,1,55,54,227.0,-60.0,65.0,36.0,136.0,10.0,-91.0,5750.0,86.0,-22.0,7.794934597888347,62.001041661036425,
5154,939.3251,296.57454309351976,5.292538154078198,193.98679594846573,28.0,0.69355,260.0,42.0,152.0,934.0,26.0,227.0,106.0,300.0,4.855601649017629,116,2,53,54,227.0,-60.0,65.0,36.0,136.0,10.0,-91.0,5750.0,86.0,-22.0,7.799372363101873,62.001041661036425,
5155,953.8252,84.40481924207769,5.409232632428841,168.03013302394172,28.0,0.6986,259.0,42.0,152.0,932.0,26.0,227.0,105.0,298.0,4.87912222031154,111,1,55,53,228.0,-61.0,66.0,36.0,136.0,9.0,-92.0,5778.0,87.0,-23.0,7.808247893528924,62.001041661036425,
5156,939.7325,135.28814559684062,2.6785569262524263,176.3608597137214,28.0,0.6972,254.0,41.0,149.0,918.0,26.0,224.0,103.0,294.0,2.3142885296799545,112,1,55,53,228.0,-60.0,66.0,37.0,137.0,10.0,-91.0,5778.0,88.0,-22.0,7.812685658742449,62.001041661036425,
5157,887.8501,51.08994893035628,10.617279852526666,161.06978792022082,29.0,0.7553,225.0,34.0,128.0,815.0,28.0,200.0,92.0,264.0,8.303794219956508,115,3,56,56,231.0,-53.0,67.0,48.0,148.0,20.0,-83.0,5908.0,98.0,-15.0,7.834874484810007,62.001041661036425,
5158,858.77167,45.24133158058349,15.60775957000628,155.54954725801872,29.0,0.7973,225.0,34.0,128.0,815.0,28.0,200.0,92.0,264.0,11.253851332531232,131,0,57,59,231.0,-53.0,67.0,48.0,148.0,20.0,-83.0,5908.0,98.0,-15.0,7.839312250023533,62.001041661036425,
5159,824.36365,41.18550749892226,19.272673946698543,153.82831180827213,28.0,0.8093,218.0,33.0,125.0,794.0,28.0,196.0,89.0,257.0,13.06994856439481,134,3,57,57,232.0,-51.0,67.0,49.0,150.0,21.0,-82.0,5914.0,99.0,-14.0,7.84375001523706,62.001041661036425,
5160,932.8717,276.65108502659336,10.896418176148682,197.27271688391298,28.0,0.7737,314.0,52.0,177.0,1094.0,26.0,254.0,127.0,353.0,8.496919208931558,133,8,55,52,219.0,-62.0,63.0,29.0,128.0,5.0,-91.0,5553.0,80.0,-26.0,7.634652935508517,61.998958327703285,
5161,950.36755,284.26436620590954,16.6084987258897,190.95826942894368,28.0,0.7905,314.0,52.0,177.0,1094.0,26.0,254.0,127.0,353.0,11.162532266916653,128,12,56,56,219.0,-62.0,63.0,29.0,128.0,5.0,-91.0,5553.0,80.0,-26.0,7.639090397255205,61.998958327703285,
5162,951.112,96.97946471422159,11.399860039880956,173.64361331545143,29.0,0.742,301.0,49.0,169.0,1051.0,26.0,244.0,122.0,341.0,7.119667571024614,132,8,55,57,220.0,-59.0,64.0,33.0,131.0,8.0,-89.0,5576.0,83.0,-23.0,7.6524027824952725,61.998958327703285,
5163,941.6576,80.5444100506028,11.497493522553778,171.46733310391576,29.0,0.7376,301.0,49.0,169.0,1051.0,26.0,244.0,122.0,341.0,8.839398366707844,129,7,54,57,220.0,-59.0,64.0,33.0,131.0,8.0,-89.0,5576.0,83.0,-23.0,7.656840244241961,61.998958327703285,
5164,935.2727,216.62343333132952,9.326243192604242,181.53670665472012,28.0,0.75165,296.0,48.0,166.0,1035.0,26.0,240.0,120.0,336.0,5.553893139135382,125,4,53,56,222.0,-58.0,64.0,35.0,133.0,9.0,-89.0,5611.0,85.0,-22.0,7.661277705988649,61.998958327703285,
5165,934.0035,100.55525188829748,9.483022149502878,175.59216587209914,28.0,0.772,296.0,48.0,166.0,1035.0,26.0,240.0,120.0,336.0,5.680661694128766,134,5,53,59,222.0,-58.0,64.0,35.0,133.0,9.0,-89.0,5611.0,85.0,-22.0,7.665715167735337,61.998958327703285,
5166,918.20715,76.1636315313083,7.447247732971854,163.7296148120417,28.0,0.77965,288.0,47.0,161.0,1010.0,27.0,234.0,117.0,329.0,6.2723014611537184,125,8,54,58,222.0,-57.0,64.0,37.0,135.0,11.0,-87.0,5640.0,87.0,-20.0,7.670152629481954,61.998958327703285,
5167,897.0722,58.61656445825743,8.494644964132068,169.02846861917095,28.0,0.77325,288.0,47.0,161.0,1010.0,27.0,234.0,117.0,329.0,6.920665988816351,119,8,53,60,222.0,-57.0,64.0,37.0,135.0,11.0,-87.0,5640.0,87.0,-20.0,7.674590091228645,61.998958327703285,
5168,889.48004,54.14767010816984,8.05056017085975,174.61755952229592,28.0,0.7737,286.0,46.0,160.0,1003.0,27.0,234.0,116.0,326.0,5.7805838572278505,111,17,54,59,222.0,-57.0,64.0,37.0,135.0,11.0,-87.0,5653.0,87.0,-20.0,7.6790275529753345,61.998958327703285,
5169,878.611,88.63779998663792,5.400776773629594,168.03165202987702,28.0,0.7736,283.0,45.0,157.0,990.0,27.0,231.0,115.0,322.0,5.03358281858495,117,9,51,58,222.0,-56.0,64.0,38.0,136.0,12.0,-86.0,5679.0,88.0,-19.0,7.683465014722023,61.998958327703285,
5170,864.1115,203.93256506752815,8.24163193778391,183.17378783234057,28.0,0.7457,275.0,44.0,153.0,965.0,27.0,225.0,112.0,315.0,6.02872064135707,119,4,53,60,224.0,-55.0,64.0,41.0,139.0,15.0,-85.0,5724.0,91.0,-18.0,7.696777399962089,61.998958327703285,
5171,854.749,96.3353149327174,4.926144600399886,166.1742700865199,28.0,0.71755,272.0,43.0,152.0,957.0,27.0,224.0,111.0,312.0,5.431355003759075,125,4,58,55,225.0,-55.0,65.0,40.0,140.0,15.0,-85.0,5726.0,91.0,-18.0,7.7012148617087774,61.998958327703285,
5172,856.95984,293.573072798191,7.713802586545341,192.10359348878427,29.0,0.7176,273.0,44.0,154.0,966.0,27.0,228.0,111.0,314.0,6.142220469865906,104,16,54,57,224.0,-56.0,65.0,38.0,137.0,12.0,-87.0,5700.0,89.0,-20.0,7.723402170442148,61.998958327703285,
5173,869.959,299.963351565015,9.82568527886958,191.202733139267,29.0,0.758,274.0,44.0,156.0,971.0,26.0,230.0,111.0,314.0,6.6909271474941185,107,6,54,57,224.0,-58.0,65.0,37.0,136.0,11.0,-88.0,5697.0,87.0,-21.0,7.727839632188838,61.998958327703285,
5174,886.0711,277.28095385162277,9.992793710562486,189.55025914848994,29.0,0.76255,274.0,44.0,156.0,971.0,26.0,230.0,111.0,314.0,7.059727687722838,99,2,53,58,224.0,-58.0,65.0,37.0,136.0,11.0,-88.0,5697.0,87.0,-21.0,7.732277093935528,61.998958327703285,
5175,892.99915,275.44948868034703,8.654698845847083,184.26345424329435,28.0,0.74735,271.0,44.0,156.0,964.0,26.0,230.0,110.0,311.0,5.568719561867036,95,1,52,56,225.0,-58.0,65.0,37.0,136.0,11.0,-89.0,5734.0,87.0,-21.0,7.736714555682216,61.998958327703285,
5176,903.3479,273.38645953751734,6.449256688540721,188.21138054200082,28.0,0.7278,271.0,44.0,156.0,964.0,26.0,230.0,110.0,311.0,3.800289022372701,94,3,54,56,225.0,-58.0,65.0,37.0,136.0,11.0,-89.0,5734.0,87.0,-21.0,7.741152017428905,61.998958327703285,
5177,906.6398,148.16204940101662,2.54724925812794,177.7156627557691,28.0,0.7395,271.0,43.0,154.0,961.0,26.0,229.0,110.0,310.0,2.251196798705286,105,0,53,56,226.0,-59.0,65.0,37.0,137.0,11.0,-89.0,5764.0,88.0,-22.0,7.745589479175521,61.998958327703285,
5178,897.38025,101.94137780206636,4.622113715739262,164.86351661323732,28.0,0.7508,276.0,45.0,160.0,984.0,26.0,236.0,112.0,316.0,5.683717781594994,117,4,54,57,225.0,-62.0,65.0,33.0,133.0,7.0,-92.0,5730.0,84.0,-25.0,7.75002694092221,61.998958327703285,
5179,878.6894,105.79259905939335,6.826402371326949,173.7459341143161,28.0,0.7573,276.0,45.0,160.0,984.0,26.0,236.0,112.0,316.0,4.956993074315801,116,3,54,56,225.0,-62.0,65.0,33.0,133.0,7.0,-92.0,5730.0,84.0,-25.0,7.754464402668898,61.998958327703285,
5180,875.56024,172.8765618613242,11.60062132452502,183.2743856313965,28.0,0.74565,276.0,45.0,160.0,985.0,26.0,237.0,112.0,316.0,5.900146133132069,127,5,56,54,225.0,-62.0,65.0,33.0,132.0,7.0,-93.0,5700.0,83.0,-25.0,7.758901864415588,61.998958327703285,
5181,891.84204,309.8158261810961,20.391782626227318,196.7381139547982,28.0,0.75435,276.0,45.0,160.0,985.0,26.0,237.0,112.0,316.0,12.571033065748903,124,4,53,57,225.0,-62.0,65.0,33.0,132.0,7.0,-93.0,5700.0,83.0,-25.0,7.763339326162277,61.998958327703285,
5182,911.3933,314.483977932358,22.285580402551755,192.60862853502775,28.0,0.77365,271.0,44.0,158.0,969.0,26.0,234.0,110.0,311.0,13.444964768327113,126,3,54,56,226.0,-62.0,65.0,34.0,134.0,8.0,-92.0,5730.0,84.0,-24.0,7.767776787908965,61.998958327703285,
5183,920.3146,215.91546286759123,19.053613366133412,182.509212152512,28.0,0.7761,271.0,44.0,158.0,969.0,26.0,234.0,110.0,311.0,10.601134451127992,127,2,55,55,226.0,-62.0,65.0,34.0,134.0,8.0,-92.0,5730.0,84.0,-24.0,7.772214249655653,61.998958327703285,
5184,926.5647,295.0458410343553,16.63378814613819,186.53555857208838,28.0,0.7657,267.0,43.0,155.0,954.0,26.0,230.0,108.0,306.0,9.614222576578657,123,1,54,55,226.0,-61.0,65.0,35.0,135.0,9.0,-91.0,5730.0,85.0,-23.0,7.776651711402342,61.998958327703285,
5185,934.5802,237.61892647398238,13.877807568651184,182.77903441281742,28.0,0.7642,267.0,43.0,155.0,954.0,26.0,230.0,108.0,306.0,9.097616210213083,114,1,55,54,226.0,-61.0,65.0,35.0,135.0,9.0,-91.0,5730.0,85.0,-23.0,7.78108917314903,61.998958327703285,
5186,933.4254,175.87924520748163,8.182140474722367,179.72754797670467,29.0,0.7384,263.0,42.0,153.0,944.0,26.0,230.0,107.0,303.0,5.498947443575049,121,0,54,54,227.0,-61.0,66.0,36.0,136.0,9.0,-91.0,5774.0,87.0,-23.0,7.785526634895649,61.998958327703285,
5187,927.9027,143.27522544463596,5.972577056849755,174.84683564166414,29.0,0.7344,263.0,42.0,153.0,944.0,26.0,230.0,107.0,303.0,5.081406721145064,115,4,52,55,227.0,-61.0,66.0,36.0,136.0,9.0,-91.0,5774.0,87.0,-23.0,7.789964096642338,61.998958327703285,
5188,930.6858,320.14336920430804,6.089884759750644,190.2555466668995,29.0,0.7081,262.0,42.0,152.0,941.0,26.0,229.0,106.0,301.0,4.99319022702665,108,3,55,53,227.0,-61.0,66.0,36.0,135.0,9.0,-92.0,5775.0,86.0,-23.0,7.794401558389027,61.998958327703285,
5189,944.1463,297.9508992384628,3.4663398754688117,189.04252488037298,29.0,0.6972,262.0,42.0,152.0,941.0,26.0,229.0,106.0,301.0,3.220797213179408,112,4,55,54,227.0,-61.0,66.0,36.0,135.0,9.0,-92.0,5775.0,86.0,-23.0,7.798839020135715,61.998958327703285,
5190,949.94836,133.4274321498274,5.303550729102439,169.08466184737983,28.0,0.7048,259.0,42.0,152.0,932.0,26.0,227.0,105.0,298.0,5.08902071007306,112,5,57,54,228.0,-61.0,66.0,36.0,136.0,10.0,-92.0,5803.0,87.0,-23.0,7.807713943629092,61.998958327703285,
5191,938.63495,131.75898405318966,2.7532152291174308,174.54499232109077,28.0,0.6824,254.0,41.0,149.0,918.0,26.0,224.0,103.0,294.0,2.3496957693645975,104,0,56,54,228.0,-60.0,66.0,37.0,137.0,10.0,-91.0,5809.0,88.0,-22.0,7.81215140537578,61.998958327703285,
5192,919.9901,145.70805349569133,0.7203991366439048,179.29883238044533,28.0,0.6646,252.0,40.0,148.0,911.0,26.0,224.0,102.0,291.0,0.39642052751030776,109,5,56,55,229.0,-61.0,66.0,37.0,137.0,10.0,-92.0,5827.0,88.0,-23.0,7.821026328869158,61.998958327703285,
5193,894.9312,34.19650280983567,14.415098352194171,165.82800337146062,28.0,0.759,247.0,40.0,146.0,898.0,26.0,221.0,100.0,287.0,9.450960178994704,125,2,57,58,231.0,-61.0,66.0,38.0,139.0,10.0,-92.0,5860.0,88.0,-23.0,7.838776175855842,61.998958327703285,
5194,868.4688,33.054877796975966,18.944274457963015,158.94427844522804,29.0,0.7848,232.0,36.0,135.0,844.0,27.0,209.0,94.0,271.0,12.677770059342674,134,2,56,59,231.0,-57.0,67.0,43.0,144.0,15.0,-87.0,5902.0,94.0,-18.0,7.843213637602532,61.998958327703285,
5195,833.13873,48.60478551308401,19.70312326609361,145.506177543527,29.0,0.804,232.0,36.0,135.0,844.0,27.0,209.0,94.0,271.0,14.988345531486857,136,1,58,57,231.0,-57.0,67.0,43.0,144.0,15.0,-87.0,5902.0,94.0,-18.0,7.84765109934922,61.998958327703285,
5196,979.4772,310.35280047210654,11.919483450277292,202.6837111163125,28.0,0.7743,314.0,52.0,177.0,1094.0,26.0,254.0,127.0,353.0,9.451755446362682,126,6,55,55,219.0,-62.0,63.0,29.0,128.0,5.0,-91.0,5553.0,80.0,-26.0,7.638568060637577,61.99687499437013,
5197,979.19696,40.13033113391991,18.810171455076066,162.0621436399627,29.0,0.6571,301.0,49.0,169.0,1051.0,26.0,244.0,122.0,341.0,11.459357597376156,126,7,57,54,220.0,-59.0,64.0,33.0,131.0,8.0,-89.0,5576.0,83.0,-23.0,7.6518795356192335,61.99687499437013,
5198,962.1431,51.911232210278605,14.120606450274337,170.71070578671197,29.0,0.7019,301.0,49.0,169.0,1051.0,26.0,244.0,122.0,341.0,7.028332831551672,131,7,55,54,220.0,-59.0,64.0,33.0,131.0,8.0,-89.0,5576.0,83.0,-23.0,7.656316693946452,61.99687499437013,
5199,954.0842,111.5781195906053,12.37764472944764,175.9210615310151,28.0,0.7189,296.0,48.0,166.0,1035.0,26.0,240.0,120.0,336.0,5.912252218092136,131,5,57,56,222.0,-58.0,64.0,35.0,133.0,9.0,-89.0,5611.0,85.0,-22.0,7.660753852273671,61.99687499437013,
5200,946.8882,96.93104580457907,8.994491646770417,172.02250376216057,28.0,0.7395,296.0,48.0,166.0,1035.0,26.0,240.0,120.0,336.0,5.870871508388886,133,6,55,58,222.0,-58.0,64.0,35.0,133.0,9.0,-89.0,5611.0,85.0,-22.0,7.665191010600889,61.99687499437013,
5201,934.9654,54.51516378421336,11.782505912139499,172.28340510108467,28.0,0.7472,288.0,47.0,161.0,1010.0,27.0,234.0,117.0,329.0,7.708867703513141,125,5,53,57,222.0,-57.0,64.0,37.0,135.0,11.0,-87.0,5640.0,87.0,-20.0,7.669628168928037,61.99687499437013,
5202,923.50446,21.620824907347586,12.556906388764439,171.58551375759038,28.0,0.76155,288.0,47.0,161.0,1010.0,27.0,234.0,117.0,329.0,7.708643665889123,133,7,52,59,222.0,-57.0,64.0,37.0,135.0,11.0,-87.0,5640.0,87.0,-20.0,7.674065327255257,61.99687499437013,
5203,907.0296,51.87898226198813,9.754361228524568,162.68993000345057,28.0,0.7782,286.0,46.0,160.0,1003.0,27.0,234.0,116.0,326.0,7.658336062356412,130,8,54,57,222.0,-57.0,64.0,37.0,135.0,11.0,-87.0,5653.0,87.0,-20.0,7.678502485582476,61.99687499437013,
5204,887.52405,98.84854391769292,9.81504749066185,169.71698210509084,28.0,0.78,286.0,46.0,160.0,1003.0,27.0,234.0,116.0,326.0,7.092442772003006,129,8,53,57,222.0,-57.0,64.0,37.0,135.0,11.0,-87.0,5653.0,87.0,-20.0,7.682939643909695,61.99687499437013,
5205,881.8208,141.4654219364552,14.203666962655419,178.79216036153113,28.0,0.7695,283.0,45.0,157.0,990.0,27.0,231.0,115.0,322.0,8.555914677681349,125,5,52,55,222.0,-56.0,64.0,38.0,136.0,12.0,-86.0,5679.0,88.0,-19.0,7.687376802236913,61.99687499437013,
5206,883.87915,281.1200809854281,18.62966825647919,188.354575256503,28.0,0.7983,275.0,44.0,153.0,965.0,27.0,225.0,112.0,315.0,10.689079894152202,117,4,52,57,224.0,-55.0,64.0,41.0,139.0,15.0,-85.0,5724.0,91.0,-18.0,7.691813960564131,61.99687499437013,
5207,884.2379,79.19762674737512,11.113530433422454,167.95235022722477,28.0,0.79715,275.0,44.0,153.0,965.0,27.0,225.0,112.0,315.0,7.65641904664834,126,4,54,56,224.0,-55.0,64.0,41.0,139.0,15.0,-85.0,5724.0,91.0,-18.0,7.696251118891351,61.99687499437013,
5208,858.94635,84.54296893810542,5.572900176662657,159.85165035711407,28.0,0.7544,272.0,43.0,152.0,957.0,27.0,224.0,111.0,312.0,6.72162501558133,132,6,57,55,225.0,-55.0,65.0,40.0,140.0,15.0,-85.0,5726.0,91.0,-18.0,7.70068827721857,61.99687499437013,
5209,848.91656,198.3573477524602,4.059853227992826,182.01882307931888,28.0,0.63005,272.0,44.0,154.0,961.0,26.0,227.0,111.0,312.0,2.838733472336086,135,7,56,54,225.0,-56.0,65.0,39.0,139.0,14.0,-86.0,5720.0,90.0,-19.0,7.713999752200154,61.99687499437013,
5210,851.84296,265.34009178379836,6.0341423830668495,187.01998470252022,29.0,0.71185,273.0,44.0,154.0,966.0,27.0,228.0,111.0,314.0,4.394414730874681,129,5,54,53,224.0,-56.0,65.0,38.0,137.0,12.0,-87.0,5700.0,89.0,-20.0,7.718436910527372,61.99687499437013,
5211,869.9703,306.31801566030435,7.5485878730634,197.01950630910736,29.0,0.7418,273.0,44.0,154.0,966.0,27.0,228.0,111.0,314.0,6.77322225270188,112,6,53,58,224.0,-56.0,65.0,38.0,137.0,12.0,-87.0,5700.0,89.0,-20.0,7.7228740688545905,61.99687499437013,
5212,883.6245,310.74275972152384,5.346343566025347,189.27336905822048,29.0,0.7515,274.0,44.0,156.0,971.0,26.0,230.0,111.0,314.0,3.957147380270803,118,6,53,57,224.0,-58.0,65.0,37.0,136.0,11.0,-88.0,5697.0,87.0,-21.0,7.7273112271818105,61.99687499437013,
5213,908.0958,144.91112170021805,4.940636634132379,179.48722184680497,28.0,0.7039,271.0,44.0,156.0,964.0,26.0,230.0,110.0,311.0,2.7522844164128575,109,4,54,58,225.0,-58.0,65.0,37.0,136.0,11.0,-89.0,5734.0,87.0,-21.0,7.740622702163466,61.99687499437013,
5214,908.7778,259.5046979004305,5.094674535657982,180.90780605472102,28.0,0.7135,271.0,43.0,154.0,961.0,26.0,229.0,110.0,310.0,3.0274465782989597,112,2,55,58,226.0,-59.0,65.0,37.0,137.0,11.0,-89.0,5764.0,88.0,-22.0,7.745059860490613,61.99687499437013,
5215,902.70166,96.69755828971054,7.093645647487607,173.84209272847832,28.0,0.74375,271.0,43.0,154.0,961.0,26.0,229.0,110.0,310.0,5.241122306748575,118,2,55,57,226.0,-59.0,65.0,37.0,137.0,11.0,-89.0,5764.0,88.0,-22.0,7.749497018817832,61.99687499437013,
5216,898.40063,199.0528130088905,12.731831433161947,181.2366312606969,28.0,0.7526,276.0,45.0,160.0,984.0,26.0,236.0,112.0,316.0,6.8950757036579065,118,2,55,57,225.0,-62.0,65.0,33.0,133.0,7.0,-92.0,5730.0,84.0,-25.0,7.75393417714505,61.99687499437013,
5217,910.53394,313.5138497465189,20.046044444705995,201.12548803875814,28.0,0.76075,276.0,45.0,160.0,985.0,26.0,237.0,112.0,316.0,13.501372143250281,124,5,54,54,225.0,-62.0,65.0,33.0,132.0,7.0,-93.0,5700.0,83.0,-25.0,7.75837133547227,61.99687499437013,
5218,942.9651,332.23137695768924,24.0214379035757,203.22711215976454,28.0,0.7604,276.0,45.0,160.0,985.0,26.0,237.0,112.0,316.0,15.693725985185852,120,5,56,55,225.0,-62.0,65.0,33.0,132.0,7.0,-93.0,5700.0,83.0,-25.0,7.762808493799489,61.99687499437013,
5219,943.8937,57.779199152317645,5.116628951056733,172.54919603636847,29.0,0.7108,263.0,42.0,153.0,944.0,26.0,230.0,107.0,303.0,3.341519974589341,125,1,54,55,227.0,-61.0,66.0,36.0,136.0,9.0,-91.0,5774.0,87.0,-23.0,7.784994285435509,61.99687499437013,
5220,940.9594,305.62741802275417,3.0001820553887284,183.75784445019517,29.0,0.6653,262.0,42.0,152.0,941.0,26.0,229.0,106.0,301.0,2.0135386233872503,113,4,56,54,227.0,-61.0,66.0,36.0,135.0,9.0,-92.0,5775.0,86.0,-23.0,7.793868602089949,61.99687499437013,
5221,946.7556,264.41944317650285,2.4968138085355176,185.27465724556583,29.0,0.6923,262.0,42.0,152.0,941.0,26.0,229.0,106.0,301.0,2.1074483415063106,113,5,57,56,227.0,-61.0,66.0,36.0,135.0,9.0,-92.0,5775.0,86.0,-23.0,7.798305760417168,61.99687499437013,
5222,950.09064,178.9444565678602,2.465422517559752,180.05912446049177,28.0,0.7114,259.0,42.0,152.0,932.0,26.0,227.0,105.0,298.0,1.0073043954271228,113,4,56,54,228.0,-61.0,66.0,36.0,136.0,10.0,-92.0,5803.0,87.0,-23.0,7.802742918744387,61.99687499437013,
5223,944.2155,105.91281052799827,2.790857512629914,173.02224638760063,28.0,0.6974,259.0,42.0,152.0,932.0,26.0,227.0,105.0,298.0,2.5677702028484064,110,4,56,54,228.0,-61.0,66.0,36.0,136.0,10.0,-92.0,5803.0,87.0,-23.0,7.807180077071603,61.99687499437013,
5224,935.9801,105.65850591339743,2.31047529534071,172.89999056357937,28.0,0.6797,254.0,41.0,149.0,918.0,26.0,224.0,103.0,294.0,2.4751038074978426,105,4,56,54,228.0,-60.0,66.0,37.0,137.0,10.0,-91.0,5809.0,88.0,-22.0,7.811617235398822,61.99687499437013,
5225,925.2098,100.50203299252247,2.4700262716059744,172.67325638717548,28.0,0.663,254.0,41.0,149.0,918.0,26.0,224.0,103.0,294.0,2.628548827937536,99,1,57,55,228.0,-60.0,66.0,37.0,137.0,10.0,-91.0,5809.0,88.0,-22.0,7.816054393726043,61.99687499437013,
5226,917.55176,110.90653767952918,1.2574493525199133,175.88990233184174,28.0,0.6348,252.0,40.0,148.0,911.0,26.0,224.0,102.0,291.0,1.5681078856003745,105,6,58,56,229.0,-61.0,66.0,37.0,137.0,10.0,-92.0,5827.0,88.0,-23.0,7.824928710380409,61.99687499437013,
5227,919.60815,239.8296996300352,3.480866858729664,186.63470215392962,28.0,0.674,247.0,40.0,146.0,898.0,26.0,221.0,100.0,287.0,3.062774989571947,117,5,55,56,231.0,-61.0,66.0,38.0,139.0,10.0,-92.0,5860.0,88.0,-23.0,7.833803027034846,61.99687499437013,
5228,921.77155,152.87156735845215,6.427818156734159,176.2155247177534,28.0,0.7083,247.0,40.0,146.0,898.0,26.0,221.0,100.0,287.0,4.553168519737544,117,3,57,57,231.0,-61.0,66.0,38.0,139.0,10.0,-92.0,5860.0,88.0,-23.0,7.838240185362064,61.99687499437013,
5229,909.8978,66.78638354664858,12.20597423997979,164.06903868855963,29.0,0.7372,232.0,36.0,135.0,844.0,27.0,209.0,94.0,271.0,8.391933417810712,123,2,56,59,231.0,-57.0,67.0,43.0,144.0,15.0,-87.0,5902.0,94.0,-18.0,7.842677343689284,61.99687499437013,
5230,879.9884,38.580163412703605,18.11212816593161,155.3821569913632,29.0,0.7809,232.0,36.0,135.0,844.0,27.0,209.0,94.0,271.0,12.924110905407808,129,1,57,56,231.0,-57.0,67.0,43.0,144.0,15.0,-87.0,5902.0,94.0,-18.0,7.8471145020165025,61.99687499437013,
5231,831.70654,56.962512122786315,22.987164244165108,132.26906021373378,28.0,0.7936,212.0,32.0,122.0,777.0,29.0,192.0,87.0,253.0,18.59049918087613,136,0,57,53,232.0,-50.0,67.0,11.0,151.0,22.0,-81.0,5925.0,101.0,-13.0,7.851551660343722,61.99687499437013,
5232,955.97327,30.053939430885574,17.957888412698292,167.58861154926595,28.0,0.758,288.0,47.0,161.0,1010.0,27.0,234.0,117.0,329.0,10.261349698073568,133,5,54,56,222.0,-57.0,64.0,37.0,135.0,11.0,-87.0,5640.0,87.0,-20.0,7.673540645185017,61.99479166103699,
5233,936.47327,61.845041993891655,19.747575147053286,164.8759300257187,28.0,0.7782,286.0,46.0,160.0,1003.0,27.0,234.0,116.0,326.0,11.634980887563362,134,8,52,57,222.0,-57.0,64.0,37.0,135.0,11.0,-87.0,5653.0,87.0,-20.0,7.6779775001401225,61.99479166103699,
5234,925.3283,134.00631491963736,26.24982256259034,177.89556342812185,28.0,0.7807,286.0,46.0,160.0,1003.0,27.0,234.0,116.0,326.0,14.015634780252144,133,8,52,58,222.0,-57.0,64.0,37.0,135.0,11.0,-87.0,5653.0,87.0,-20.0,7.6824143550952275,61.99479166103699,
5235,931.09564,243.576995109354,30.677942777886337,185.83180542260004,28.0,0.7843,283.0,45.0,157.0,990.0,27.0,231.0,115.0,322.0,16.643056488261827,133,8,53,55,222.0,-56.0,64.0,38.0,136.0,12.0,-86.0,5679.0,88.0,-19.0,7.686851210050332,61.99479166103699,
5236,943.40656,213.62534122644047,27.947646366110806,183.05881673558883,28.0,0.78595,283.0,45.0,157.0,990.0,27.0,231.0,115.0,322.0,18.339496257589673,128,6,51,57,222.0,-56.0,64.0,38.0,136.0,12.0,-86.0,5679.0,88.0,-19.0,7.691288065005437,61.99479166103699,
5237,910.25995,68.30722301920851,15.217468036154912,140.36977665396307,28.0,0.7732,275.0,44.0,153.0,965.0,27.0,225.0,112.0,315.0,14.407405133098678,125,5,55,55,224.0,-55.0,64.0,41.0,139.0,15.0,-85.0,5724.0,91.0,-18.0,7.695724919960544,61.99479166103699,
5238,870.2539,72.8358761176621,10.50375191616176,160.66288644972673,28.0,0.76695,272.0,43.0,152.0,957.0,27.0,224.0,111.0,312.0,8.69744283282447,134,6,56,53,225.0,-55.0,65.0,40.0,140.0,15.0,-85.0,5726.0,91.0,-18.0,7.7001617749156495,61.99479166103699,
5239,859.7829,146.2130322383634,7.270488028050298,176.33364192092387,28.0,0.74945,272.0,43.0,152.0,957.0,27.0,224.0,111.0,312.0,4.929277926289055,138,6,57,52,225.0,-55.0,65.0,40.0,140.0,15.0,-85.0,5726.0,91.0,-18.0,7.7045986298706834,61.99479166103699,
5240,855.6298,280.0557648630868,6.28881828445598,181.7555217088238,28.0,0.7611,272.0,44.0,154.0,961.0,26.0,227.0,111.0,312.0,3.241560780348133,135,7,58,54,225.0,-56.0,65.0,39.0,139.0,14.0,-86.0,5720.0,90.0,-19.0,7.709035484825788,61.99479166103699,
5241,862.56586,296.3295215336987,7.566556407054967,185.88318408547545,28.0,0.7577,272.0,44.0,154.0,961.0,26.0,227.0,111.0,312.0,4.812819960938463,136,3,56,53,225.0,-56.0,65.0,39.0,139.0,14.0,-86.0,5720.0,90.0,-19.0,7.713472339780893,61.99479166103699,
5242,867.1342,191.98688881953998,8.756498576248669,188.3422835183854,29.0,0.7579,273.0,44.0,154.0,966.0,27.0,228.0,111.0,314.0,6.3967396916942745,137,4,56,55,224.0,-56.0,65.0,38.0,137.0,12.0,-87.0,5700.0,89.0,-20.0,7.717909194735998,61.99479166103699,
5243,892.1933,311.6465375106986,7.47698004221359,191.7988722264392,29.0,0.74885,274.0,44.0,156.0,971.0,26.0,230.0,111.0,314.0,5.445201722154008,117,3,53,57,224.0,-58.0,65.0,37.0,136.0,11.0,-88.0,5697.0,87.0,-21.0,7.726782904646209,61.99479166103699,
5244,912.8019,275.1994158659017,8.508169354222506,194.39929513943596,29.0,0.7595,274.0,44.0,156.0,971.0,26.0,230.0,111.0,314.0,6.915894242381777,125,3,53,58,224.0,-58.0,65.0,37.0,136.0,11.0,-88.0,5697.0,87.0,-21.0,7.731219759601315,61.99479166103699,
5245,917.3553,199.50437640226193,6.922364030971853,183.55069077044044,28.0,0.7425,271.0,44.0,156.0,964.0,26.0,230.0,110.0,311.0,5.176033591476211,122,6,54,57,225.0,-58.0,65.0,37.0,136.0,11.0,-89.0,5734.0,87.0,-21.0,7.73565661455642,61.99479166103699,
5246,924.9276,259.39580153594807,8.520857852451305,183.08241800361262,28.0,0.73635,271.0,44.0,156.0,964.0,26.0,230.0,110.0,311.0,5.050381434768224,115,3,55,57,225.0,-58.0,65.0,37.0,136.0,11.0,-89.0,5734.0,87.0,-21.0,7.7400934695115255,61.99479166103699,
5247,927.1373,163.6941661730203,9.277659744353187,177.24157373816766,28.0,0.75165,271.0,43.0,154.0,961.0,26.0,229.0,110.0,310.0,5.955161538168361,112,4,54,56,226.0,-59.0,65.0,37.0,137.0,11.0,-89.0,5764.0,88.0,-22.0,7.744530324466559,61.99479166103699,
5248,925.28326,260.83699750129955,12.075410161008943,184.4072990695759,28.0,0.7616,271.0,43.0,154.0,961.0,26.0,229.0,110.0,310.0,7.564264924152733,117,2,54,57,226.0,-59.0,65.0,37.0,137.0,11.0,-89.0,5764.0,88.0,-22.0,7.748967179421663,61.99479166103699,
5249,932.48096,195.87094692511252,12.747369353314387,183.75320155573547,28.0,0.7641,276.0,45.0,160.0,984.0,26.0,236.0,112.0,316.0,7.359073611456192,112,3,56,55,225.0,-62.0,65.0,33.0,133.0,7.0,-92.0,5730.0,84.0,-25.0,7.753404034376769,61.99479166103699,
5250,951.0635,314.69582096442934,18.674776080767767,210.26018980872,28.0,0.7729,276.0,45.0,160.0,984.0,26.0,236.0,112.0,316.0,13.416004224367276,118,4,56,52,225.0,-62.0,65.0,33.0,133.0,7.0,-92.0,5730.0,84.0,-25.0,7.7578408893318755,61.99479166103699,
5251,944.92065,100.74232500773381,4.66461065462523,175.57618991123684,29.0,0.7029,263.0,42.0,153.0,944.0,26.0,230.0,107.0,303.0,3.291379385340134,112,5,55,55,227.0,-61.0,66.0,36.0,136.0,9.0,-91.0,5774.0,87.0,-23.0,7.78889887401754,61.99479166103699,
5252,943.51886,210.42180397678004,3.4404157680174023,178.7612998912505,29.0,0.6809,262.0,42.0,152.0,941.0,26.0,229.0,106.0,301.0,2.694339960709581,111,5,56,55,227.0,-61.0,66.0,36.0,135.0,9.0,-92.0,5775.0,86.0,-23.0,7.793335728972646,61.99479166103699,
5253,940.85474,185.40083833397767,2.7296598979171285,180.6149691553029,29.0,0.7047,262.0,42.0,152.0,941.0,26.0,229.0,106.0,301.0,1.6173552966185536,109,4,56,55,227.0,-61.0,66.0,36.0,135.0,9.0,-92.0,5775.0,86.0,-23.0,7.797772583927751,61.99479166103699,
5254,941.31335,172.00372426272233,4.9794339853196075,179.75695168070115,28.0,0.70205,259.0,42.0,152.0,932.0,26.0,227.0,105.0,298.0,3.4757804564463726,114,2,55,56,228.0,-61.0,66.0,36.0,136.0,10.0,-92.0,5803.0,87.0,-23.0,7.802209438882857,61.99479166103699,
5255,940.3937,165.8050893652865,3.3793927303408933,178.44929997628242,28.0,0.70155,259.0,42.0,152.0,932.0,26.0,227.0,105.0,298.0,2.4711416763221687,108,0,55,55,228.0,-61.0,66.0,36.0,136.0,10.0,-92.0,5803.0,87.0,-23.0,7.80664629383796,61.99479166103699,
5256,938.7782,144.4446792710248,2.3487462846785094,176.61458962873573,28.0,0.6888,254.0,41.0,149.0,918.0,26.0,224.0,103.0,294.0,2.1067927202426566,103,4,55,56,228.0,-60.0,66.0,37.0,137.0,10.0,-91.0,5809.0,88.0,-22.0,7.811083148793066,61.99479166103699,
5257,928.49713,77.7762730444252,2.7839324210336116,173.00389568539794,28.0,0.6708,254.0,41.0,149.0,918.0,26.0,224.0,103.0,294.0,2.7285024154541717,95,3,53,55,228.0,-60.0,66.0,37.0,137.0,10.0,-91.0,5809.0,88.0,-22.0,7.815520003748173,61.99479166103699,
5258,922.7077,61.009204554224475,2.2279881104800157,175.67466154562783,28.0,0.6764,252.0,40.0,148.0,911.0,26.0,224.0,102.0,291.0,2.007851831140926,103,3,54,56,229.0,-61.0,66.0,37.0,137.0,10.0,-92.0,5827.0,88.0,-23.0,7.819956858703279,61.99479166103699,
5259,917.981,89.78037558705579,1.5963616222003332,176.87019619224588,28.0,0.64385,252.0,40.0,148.0,911.0,26.0,224.0,102.0,291.0,1.1918661345072377,104,3,54,56,229.0,-61.0,66.0,37.0,137.0,10.0,-92.0,5827.0,88.0,-23.0,7.824393713658312,61.99479166103699,
5260,917.1215,201.15045668631322,3.5092419830234682,182.33467120326557,28.0,0.6485,250.0,40.0,148.0,909.0,26.0,224.0,101.0,290.0,3.253998057013184,109,6,55,55,230.0,-61.0,66.0,37.0,138.0,10.0,-92.0,5850.0,88.0,-23.0,7.828830568613416,61.99479166103699,
5261,920.7667,165.8690927753927,1.9200648533153704,179.3598590002617,28.0,0.6612,247.0,40.0,146.0,898.0,26.0,221.0,100.0,287.0,1.6512563899945083,105,5,53,59,231.0,-61.0,66.0,38.0,139.0,10.0,-92.0,5860.0,88.0,-23.0,7.837704278523627,61.99479166103699,
5262,923.0032,170.9089392607497,4.096223486592062,179.4762904436943,29.0,0.6832,232.0,36.0,135.0,844.0,27.0,209.0,94.0,271.0,4.840024606409719,115,3,57,59,231.0,-57.0,67.0,43.0,144.0,15.0,-87.0,5902.0,94.0,-18.0,7.842141133478734,61.99479166103699,
5263,912.76825,89.72345274367925,9.631094252487706,166.79203283182363,29.0,0.7171,232.0,36.0,135.0,844.0,27.0,209.0,94.0,271.0,6.506991900149735,129,2,57,55,231.0,-57.0,67.0,43.0,144.0,15.0,-87.0,5902.0,94.0,-18.0,7.846577988433838,61.99479166103699,
5264,880.41656,43.890390049028525,20.88241231712304,147.04196561624335,28.0,0.748,212.0,32.0,122.0,777.0,29.0,192.0,87.0,253.0,15.506843576148908,129,1,58,54,232.0,-50.0,67.0,11.0,151.0,22.0,-81.0,5925.0,101.0,-13.0,7.851014843388943,61.99479166103699,
5265,824.5145,48.66403549335214,29.308590475240734,130.12706089150657,28.0,0.7738,212.0,32.0,122.0,777.0,29.0,192.0,87.0,253.0,22.176312957782052,137,2,60,55,232.0,-50.0,67.0,11.0,151.0,22.0,-81.0,5925.0,101.0,-13.0,7.855451698344049,61.99479166103699,
5266,973.7533,211.4628912447461,8.97056486316552,177.55934816085397,28.0,0.68355,310.0,51.0,174.0,1080.0,26.0,249.0,126.0,351.0,6.850339167732755,135,22,57,47,219.0,-59.0,63.0,32.0,130.0,8.0,-89.0,5549.0,82.0,-23.0,7.628650528696425,61.99270832770384,
5267,949.42786,49.26277811378881,21.64881918037287,139.71448754381484,28.0,0.7258,275.0,44.0,153.0,965.0,27.0,225.0,112.0,315.0,17.28904738826661,129,18,55,52,224.0,-55.0,64.0,41.0,139.0,15.0,-85.0,5724.0,91.0,-18.0,7.695198803151421,61.99270832770384,
5268,902.4187,44.3007664422023,16.870501528321608,153.13029858156696,28.0,0.7556,275.0,44.0,153.0,965.0,27.0,225.0,112.0,315.0,12.461570805044067,127,5,56,54,224.0,-55.0,64.0,41.0,139.0,15.0,-85.0,5724.0,91.0,-18.0,7.699635354781759,61.99270832770384,
5269,880.6661,34.83423606689163,14.23523420767085,171.6745549269532,28.0,0.7649,272.0,43.0,152.0,957.0,27.0,224.0,111.0,312.0,7.716321714888178,137,6,54,55,225.0,-55.0,65.0,40.0,140.0,15.0,-85.0,5726.0,91.0,-18.0,7.704071906412026,61.99270832770384,
5270,877.15454,232.10432427955533,13.39871505761603,183.5023824052213,28.0,0.77245,272.0,44.0,154.0,961.0,26.0,227.0,111.0,312.0,7.97101067578718,137,6,56,54,225.0,-56.0,65.0,39.0,139.0,14.0,-86.0,5720.0,90.0,-19.0,7.708508458042362,61.99270832770384,
5271,878.72906,257.8192437890184,8.892982088309626,179.87800759497625,28.0,0.7607,272.0,44.0,154.0,961.0,26.0,227.0,111.0,312.0,5.310569626455956,130,5,55,52,225.0,-56.0,65.0,39.0,139.0,14.0,-86.0,5720.0,90.0,-19.0,7.712945009672701,61.99270832770384,
5272,884.2794,326.4339990136812,9.018300326906418,186.60511224861656,29.0,0.74705,273.0,44.0,154.0,966.0,27.0,228.0,111.0,314.0,4.810017340686833,123,6,54,55,224.0,-56.0,65.0,38.0,137.0,12.0,-87.0,5700.0,89.0,-20.0,7.717381561303039,61.99270832770384,
5273,895.63696,315.8588156956396,10.668366411538726,189.81899419972564,29.0,0.7568,273.0,44.0,154.0,966.0,27.0,228.0,111.0,314.0,6.442181628506259,122,5,53,57,224.0,-56.0,65.0,38.0,137.0,12.0,-87.0,5700.0,89.0,-20.0,7.721818112933375,61.99270832770384,
5274,911.54834,321.6204463676851,12.698934487273863,196.59316436688732,29.0,0.7668,274.0,44.0,156.0,971.0,26.0,230.0,111.0,314.0,8.724910471020038,123,5,54,57,224.0,-58.0,65.0,37.0,136.0,11.0,-88.0,5697.0,87.0,-21.0,7.726254664563715,61.99270832770384,
5275,930.27026,291.85962073962565,10.088021745671202,190.91680961031054,29.0,0.7655,274.0,44.0,156.0,971.0,26.0,230.0,111.0,314.0,6.34645446906505,123,6,55,54,224.0,-58.0,65.0,37.0,136.0,11.0,-88.0,5697.0,87.0,-21.0,7.730691216194053,61.99270832770384,
5276,934.4162,213.5972077016665,9.662276982164917,182.79745953989362,28.0,0.75505,271.0,44.0,156.0,964.0,26.0,230.0,110.0,311.0,5.740699259255095,125,6,56,54,225.0,-58.0,65.0,37.0,136.0,11.0,-89.0,5734.0,87.0,-21.0,7.73512776782439,61.99270832770384,
5277,944.0449,270.54438830894867,10.33279508524429,186.0640322841252,28.0,0.7511,271.0,44.0,156.0,964.0,26.0,230.0,110.0,311.0,6.462096049322484,118,2,55,57,225.0,-58.0,65.0,37.0,136.0,11.0,-89.0,5734.0,87.0,-21.0,7.739564319454728,61.99270832770384,
5278,947.15186,218.19475738601895,10.096727391431202,183.93181607889954,28.0,0.75005,271.0,43.0,154.0,961.0,26.0,229.0,110.0,310.0,5.762998350773983,125,1,55,56,226.0,-59.0,65.0,37.0,137.0,11.0,-89.0,5764.0,88.0,-22.0,7.744000871084995,61.99270832770384,
5279,952.244,168.89487488710273,9.728531413499597,180.51529212228945,28.0,0.75145,271.0,43.0,154.0,961.0,26.0,229.0,110.0,310.0,5.2049531569082275,124,2,56,56,226.0,-59.0,65.0,37.0,137.0,11.0,-89.0,5764.0,88.0,-22.0,7.748437422715333,61.99270832770384,
5280,954.9762,275.07109782761853,11.600621770272534,187.7355900049589,28.0,0.7557,276.0,45.0,160.0,984.0,26.0,236.0,112.0,316.0,7.183737459865313,126,3,58,56,225.0,-62.0,65.0,33.0,133.0,7.0,-92.0,5730.0,84.0,-25.0,7.752873974345669,61.99270832770384,
5281,985.6314,315.3061038774698,20.52169473897423,215.0128107761134,28.0,0.7549,276.0,45.0,160.0,984.0,26.0,236.0,112.0,316.0,15.755286415614183,118,6,58,53,225.0,-62.0,65.0,33.0,133.0,7.0,-92.0,5730.0,84.0,-25.0,7.757310525976009,61.99270832770384,
5282,954.30896,120.04454718981023,3.4809036579154777,173.09671046020577,29.0,0.69015,263.0,42.0,153.0,944.0,26.0,230.0,107.0,303.0,3.332769035846452,117,2,57,56,227.0,-61.0,66.0,36.0,136.0,9.0,-91.0,5774.0,87.0,-23.0,7.788366387388303,61.99270832770384,
5283,948.6379,169.8505286916831,3.209945721753628,176.629647512017,29.0,0.7094,262.0,42.0,152.0,941.0,26.0,229.0,106.0,301.0,2.67650243250651,114,3,54,57,227.0,-61.0,66.0,36.0,135.0,9.0,-92.0,5775.0,86.0,-23.0,7.792802939018641,61.99270832770384,
5284,937.3633,129.6087189460541,5.039655603941434,168.44257873251462,29.0,0.7096,262.0,42.0,152.0,941.0,26.0,229.0,106.0,301.0,5.269458721453403,112,4,53,55,227.0,-61.0,66.0,36.0,135.0,9.0,-92.0,5775.0,86.0,-23.0,7.797239490648978,61.99270832770384,
5285,928.62897,173.29271002545337,5.768952162425934,178.21431079341517,28.0,0.69515,259.0,42.0,152.0,932.0,26.0,227.0,105.0,298.0,4.242433657838103,110,3,57,54,228.0,-61.0,66.0,36.0,136.0,10.0,-92.0,5803.0,87.0,-23.0,7.801676042279316,61.99270832770384,
5286,932.14795,186.87042729540724,4.698795769387694,182.73339961245935,28.0,0.6907,259.0,42.0,152.0,932.0,26.0,227.0,105.0,298.0,3.5442400764375974,113,4,56,57,228.0,-61.0,66.0,36.0,136.0,10.0,-92.0,5803.0,87.0,-23.0,7.806112593909654,61.99270832770384,
5287,934.9521,209.6610279355128,4.188796834264947,183.40956842744166,28.0,0.6834,254.0,41.0,149.0,918.0,26.0,224.0,103.0,294.0,3.5899026381819894,97,4,53,57,228.0,-60.0,66.0,37.0,137.0,10.0,-91.0,5809.0,88.0,-22.0,7.81054914553999,61.99270832770384,
5288,929.67566,117.0150608772736,3.231437444458563,173.4844914710701,28.0,0.6873,254.0,41.0,149.0,918.0,26.0,224.0,103.0,294.0,2.8319474567337144,97,4,53,55,228.0,-60.0,66.0,37.0,137.0,10.0,-91.0,5809.0,88.0,-22.0,7.8149856971703295,61.99270832770384,
5289,923.22375,132.78348133100357,4.212339151767903,172.96058211979437,28.0,0.683,252.0,40.0,148.0,911.0,26.0,224.0,102.0,291.0,3.267129891760277,97,3,52,57,229.0,-61.0,66.0,37.0,137.0,10.0,-92.0,5827.0,88.0,-23.0,7.8194222488006675,61.99270832770384,
5290,912.76013,143.35760752714054,5.647516876653256,173.21977041191062,28.0,0.67505,252.0,40.0,148.0,911.0,26.0,224.0,102.0,291.0,3.7757777835455233,97,5,51,55,229.0,-61.0,66.0,37.0,137.0,10.0,-92.0,5827.0,88.0,-23.0,7.823858800430934,61.99270832770384,
5291,914.7457,228.85006040235248,4.205420542741071,189.37768502823366,28.0,0.6741,250.0,40.0,148.0,909.0,26.0,224.0,101.0,290.0,3.8371279567811323,109,7,54,58,230.0,-61.0,66.0,37.0,138.0,10.0,-92.0,5850.0,88.0,-23.0,7.832731903691609,61.99270832770384,
5292,919.6426,168.5237655275076,2.486285261852838,179.82345935830784,28.0,0.6667,247.0,40.0,146.0,898.0,26.0,221.0,100.0,287.0,2.4257474575140856,108,5,55,57,231.0,-61.0,66.0,38.0,139.0,10.0,-92.0,5860.0,88.0,-23.0,7.837168455321947,61.99270832770384,
5293,926.4211,221.20514734179645,5.374861099475096,181.063963255854,29.0,0.6617,232.0,36.0,135.0,844.0,27.0,209.0,94.0,271.0,3.5681866620179985,125,3,58,56,231.0,-57.0,67.0,43.0,144.0,15.0,-87.0,5902.0,94.0,-18.0,7.846041558582623,61.99270832770384,
5294,920.4352,88.74130326223165,12.432090530758249,167.7665366062516,28.0,0.6976,212.0,32.0,122.0,777.0,29.0,192.0,87.0,253.0,8.270027784549107,128,1,57,53,232.0,-50.0,67.0,11.0,151.0,22.0,-81.0,5925.0,101.0,-13.0,7.850478110212961,61.99270832770384,
5295,882.2107,52.03572230112685,23.27714005976037,137.57337301172294,28.0,0.732,212.0,32.0,122.0,777.0,29.0,192.0,87.0,253.0,17.77920342602908,130,0,58,55,232.0,-50.0,67.0,11.0,151.0,22.0,-81.0,5925.0,101.0,-13.0,7.854914661843298,61.99270832770384,
5296,811.54016,52.494106151892176,30.035312459647297,123.63944342684448,28.0,0.7677,207.0,31.0,119.0,760.0,28.0,189.0,85.0,247.0,23.50480371833599,134,4,60,55,233.0,-50.0,67.0,12.0,152.0,23.0,-81.0,5975.0,102.0,-12.0,7.859351213473564,61.99270832770384,
5297,947.2809,70.32185539420853,24.16492952449559,155.7602665123563,28.0,0.7382,300.0,50.0,173.0,1060.0,25.0,250.0,121.0,340.0,15.271405868699777,129,5,56,54,221.0,-64.0,64.0,29.0,127.0,4.0,-94.0,5593.0,79.0,-27.0,7.699109016798666,61.9906249943707,
5298,927.3851,39.58861478208413,25.593585514112657,170.3942254828527,28.0,0.7981,297.0,49.0,172.0,1049.0,25.0,249.0,120.0,336.0,14.571564253400547,139,4,56,54,223.0,-64.0,64.0,30.0,129.0,5.0,-94.0,5663.0,80.0,-27.0,7.7035452651515,61.9906249943707,
5299,915.70776,68.61874992486695,23.01257116200556,172.5014301049677,28.0,0.7893,297.0,49.0,172.0,1049.0,25.0,249.0,120.0,336.0,12.956802629625724,132,4,55,53,223.0,-64.0,64.0,30.0,129.0,5.0,-94.0,5663.0,80.0,-27.0,7.707981513504407,61.9906249943707,
5300,907.8146,177.53480414181288,21.78220529456761,179.59590932830196,28.0,0.7794,294.0,49.0,170.0,1042.0,26.0,247.0,119.0,335.0,12.169992028216583,138,3,55,54,223.0,-64.0,64.0,30.0,129.0,5.0,-94.0,5668.0,81.0,-27.0,7.712417761857313,61.9906249943707,
5301,914.49286,296.34206237074807,22.949169056566195,188.1206829954824,28.0,0.7675,293.0,48.0,169.0,1036.0,26.0,247.0,118.0,332.0,12.819651851581943,129,6,53,54,223.0,-64.0,64.0,30.0,129.0,5.0,-94.0,5667.0,81.0,-27.0,7.716854010210218,61.9906249943707,
5302,930.6663,291.73195612010625,23.396149693931072,191.5049107868609,28.0,0.77465,293.0,48.0,169.0,1036.0,26.0,247.0,118.0,332.0,13.5328948693666,126,5,53,57,223.0,-64.0,64.0,30.0,129.0,5.0,-94.0,5667.0,81.0,-27.0,7.721290258563124,61.9906249943707,
5303,943.76227,308.83306424430583,19.10034766379649,190.03848460907915,28.0,0.77645,290.0,48.0,169.0,1031.0,26.0,246.0,117.0,330.0,11.473363573470916,131,5,54,57,224.0,-64.0,64.0,30.0,129.0,5.0,-95.0,5662.0,80.0,-27.0,7.725726506916031,61.9906249943707,
5304,953.52313,283.37592716529014,14.81106566556694,187.2377061939365,28.0,0.76625,290.0,48.0,169.0,1031.0,26.0,246.0,117.0,330.0,8.602333230356905,132,5,55,56,224.0,-64.0,64.0,30.0,129.0,5.0,-95.0,5662.0,80.0,-27.0,7.730162755268936,61.9906249943707,
5305,961.7305,290.0591831860693,15.761313212752556,186.809395744636,29.0,0.752,289.0,48.0,169.0,1027.0,25.0,246.0,117.0,329.0,9.081642700630937,128,5,56,53,224.0,-64.0,65.0,30.0,129.0,4.0,-95.0,5680.0,80.0,-28.0,7.734599003621843,61.9906249943707,
5306,970.8376,219.08723463428754,15.016895641499728,185.96131996612456,29.0,0.7562,289.0,48.0,169.0,1027.0,25.0,246.0,117.0,329.0,9.370091589751965,134,4,57,55,224.0,-64.0,65.0,30.0,129.0,4.0,-95.0,5680.0,80.0,-28.0,7.739035251974748,61.9906249943707,
5307,972.3151,196.3013766812354,12.964162843368912,179.4282832946529,28.0,0.7545,296.0,50.0,175.0,1055.0,25.0,253.0,119.0,335.0,8.347239511712766,132,3,56,54,224.0,-67.0,64.0,26.0,126.0,1.0,-98.0,5685.0,77.0,-31.0,7.7434715003275825,61.9906249943707,
5308,970.33405,181.9858089036306,11.43146575811992,181.48559591361158,28.0,0.74625,296.0,50.0,175.0,1055.0,25.0,253.0,119.0,335.0,6.006152769781074,134,6,58,56,224.0,-67.0,64.0,26.0,126.0,1.0,-98.0,5685.0,77.0,-31.0,7.747907748680488,61.9906249943707,
5309,979.57513,312.15079496869714,15.330727608859766,192.08934219491758,28.0,0.74325,290.0,48.0,170.0,1033.0,25.0,249.0,117.0,329.0,8.678835296710142,133,6,61,57,225.0,-66.0,65.0,28.0,128.0,3.0,-97.0,5688.0,79.0,-29.0,7.752343997033394,61.9906249943707,
5310,944.6961,119.5193328675603,2.9395424465741504,171.81948084549717,28.0,0.695,256.0,41.0,149.0,920.0,26.0,224.0,104.0,295.0,2.986758170828829,113,2,56,54,228.0,-60.0,66.0,38.0,138.0,11.0,-90.0,5812.0,89.0,-21.0,7.792270232209477,61.9906249943707,
5311,931.03864,112.54035243797821,4.330122499900961,167.4123836425125,28.0,0.6917,256.0,41.0,149.0,920.0,26.0,224.0,104.0,295.0,4.591428956485482,112,4,57,53,228.0,-60.0,66.0,38.0,138.0,11.0,-90.0,5812.0,89.0,-21.0,7.796706480562384,61.9906249943707,
5312,919.1745,143.85869963580714,3.353781657098389,177.46945286228504,28.0,0.68585,252.0,40.0,146.0,907.0,26.0,221.0,102.0,291.0,1.86458383440106,112,1,59,55,228.0,-59.0,66.0,38.0,138.0,11.0,-90.0,5814.0,89.0,-21.0,7.8011427289152895,61.9906249943707,
5313,918.39496,186.39019936665255,6.428987581680028,183.08811073214525,28.0,0.68605,252.0,40.0,146.0,907.0,26.0,221.0,102.0,291.0,4.670639826323719,113,2,58,56,228.0,-59.0,66.0,38.0,138.0,11.0,-90.0,5814.0,89.0,-21.0,7.805578977268195,61.9906249943707,
5314,925.05786,210.5264536570091,5.56201098625425,188.10598667402337,28.0,0.6815,247.0,39.0,144.0,893.0,27.0,218.0,100.0,287.0,5.358077787556477,101,4,54,55,229.0,-59.0,66.0,40.0,140.0,13.0,-89.0,5849.0,91.0,-20.0,7.8100152256210995,61.9906249943707,
5315,925.134,135.05296283484105,4.811457149244704,171.94378235771714,28.0,0.6897,247.0,39.0,144.0,893.0,27.0,218.0,100.0,287.0,3.755049513012908,98,4,53,56,229.0,-59.0,66.0,40.0,140.0,13.0,-89.0,5849.0,91.0,-20.0,7.814451473974007,61.9906249943707,
5316,912.13983,135.7912689859718,6.4357739419043885,169.89493489251637,28.0,0.6929,241.0,38.0,141.0,875.0,27.0,215.0,98.0,281.0,4.85113779176426,97,5,53,55,231.0,-58.0,66.0,41.0,142.0,14.0,-89.0,5865.0,92.0,-20.0,7.818887722326912,61.9906249943707,
5317,897.44037,148.3223237431882,8.441131640880787,171.30423559805936,28.0,0.6969,241.0,38.0,141.0,875.0,27.0,215.0,98.0,281.0,5.47921447295374,106,5,53,56,231.0,-58.0,66.0,41.0,142.0,14.0,-89.0,5865.0,92.0,-20.0,7.8233239706797475,61.9906249943707,
5318,902.6365,212.11168616401076,6.7551302002712905,187.635024849452,28.0,0.6811,244.0,38.0,142.0,883.0,27.0,218.0,99.0,283.0,4.356095095499599,110,5,55,58,231.0,-59.0,66.0,40.0,141.0,12.0,-90.0,5860.0,90.0,-21.0,7.832196467385558,61.9906249943707,
5319,909.7143,184.47476929902123,6.694389052509356,181.75745741297695,28.0,0.6796,247.0,40.0,147.0,900.0,26.0,223.0,100.0,287.0,4.864425251081179,107,5,58,58,230.0,-61.0,66.0,37.0,138.0,10.0,-92.0,5822.0,88.0,-23.0,7.836632715738464,61.9906249943707,
5320,915.24023,245.70433346335395,5.160840020193902,194.98730341239366,28.0,0.65895,247.0,40.0,147.0,900.0,26.0,223.0,100.0,287.0,5.534634844206851,117,6,57,56,230.0,-61.0,66.0,37.0,138.0,10.0,-92.0,5822.0,88.0,-23.0,7.841068964091373,61.9906249943707,
5321,932.2798,185.05691988687468,3.9445942980384823,188.02792695123105,28.0,0.6322,249.0,40.0,148.0,905.0,26.0,224.0,101.0,288.0,4.405429445064251,115,4,56,54,230.0,-62.0,66.0,36.0,137.0,9.0,-93.0,5846.0,87.0,-24.0,7.845505212444278,61.9906249943707,
5322,925.57404,56.928724713440396,12.985894667279856,158.31760870428218,29.0,0.6363,241.0,38.0,142.0,878.0,26.0,218.0,98.0,281.0,9.29315535539925,123,1,58,53,231.0,-60.0,67.0,39.0,140.0,11.0,-91.0,5870.0,89.0,-23.0,7.854377709150089,61.9906249943707,
5323,874.27527,58.75809793050066,24.638132887591926,127.50265341808333,28.0,0.7327,215.0,33.0,125.0,790.0,28.0,197.0,88.0,255.0,20.134702249732445,132,4,59,56,233.0,-53.0,67.0,9.0,149.0,20.0,-84.0,5937.0,99.0,-15.0,7.858813957502923,61.9906249943707,
5324,794.8474,54.49437430933095,30.199589538754303,121.77564303707435,28.0,0.7878,215.0,33.0,125.0,790.0,28.0,197.0,88.0,255.0,23.564262884992825,135,3,62,53,233.0,-53.0,67.0,9.0,149.0,20.0,-84.0,5937.0,99.0,-15.0,7.86325020585583,61.9906249943707,
5325,977.5531,131.358035351773,36.89467981381665,178.44771636001744,28.0,0.7808,294.0,49.0,170.0,1042.0,26.0,247.0,119.0,335.0,19.445789429303534,142,5,54,54,223.0,-64.0,64.0,30.0,129.0,5.0,-94.0,5668.0,81.0,-27.0,7.711890596316449,61.988541661037544,
5326,983.07947,247.3526657413104,38.18748213196088,187.6868559908173,28.0,0.77,294.0,49.0,170.0,1042.0,26.0,247.0,119.0,335.0,21.290753130624715,141,6,51,55,223.0,-64.0,64.0,30.0,129.0,5.0,-94.0,5668.0,81.0,-27.0,7.716326541439249,61.988541661037544,
5327,1005.9577,272.47005977298625,26.123890085155615,189.73764967395633,29.0,0.7109,289.0,48.0,169.0,1027.0,25.0,246.0,117.0,329.0,15.014289234908881,128,5,55,55,224.0,-64.0,65.0,30.0,129.0,4.0,-95.0,5680.0,80.0,-28.0,7.734070321930445,61.988541661037544,
5328,1010.5662,198.53764137162193,20.336430341848082,183.0028147922082,29.0,0.726,289.0,48.0,169.0,1027.0,25.0,246.0,117.0,329.0,11.362108774879767,135,5,58,55,224.0,-64.0,65.0,30.0,129.0,4.0,-95.0,5680.0,80.0,-28.0,7.738506267053244,61.988541661037544,
5329,945.14545,95.05578031789763,2.984796687799862,171.18482409934882,28.0,0.6937,256.0,41.0,149.0,920.0,26.0,224.0,104.0,295.0,2.9890923743447306,116,5,57,55,228.0,-60.0,66.0,38.0,138.0,11.0,-90.0,5812.0,89.0,-21.0,7.79173760852669,61.988541661037544,
5330,932.05255,92.3471772054816,3.2540462661218226,169.67125453168774,28.0,0.6958,256.0,41.0,149.0,920.0,26.0,224.0,104.0,295.0,3.5242451112497006,117,5,57,55,228.0,-60.0,66.0,38.0,138.0,11.0,-90.0,5812.0,89.0,-21.0,7.796173553649489,61.988541661037544,
5331,918.7006,94.88913845539663,3.6230450891761756,169.43475763316704,28.0,0.69005,252.0,40.0,146.0,907.0,26.0,221.0,102.0,291.0,3.674433503574135,115,1,58,54,228.0,-59.0,66.0,38.0,138.0,11.0,-90.0,5814.0,89.0,-21.0,7.800609498772287,61.988541661037544,
5332,905.54266,150.79673929210577,5.106176510664572,175.29176516422018,28.0,0.6789,252.0,40.0,146.0,907.0,26.0,221.0,102.0,291.0,3.3783766847200734,118,5,58,56,228.0,-59.0,66.0,38.0,138.0,11.0,-90.0,5814.0,89.0,-21.0,7.805045443895087,61.988541661037544,
5333,909.86835,208.08348742504677,7.23722298702141,187.47225304650414,28.0,0.6737,247.0,39.0,144.0,893.0,27.0,218.0,100.0,287.0,4.948291776504182,108,4,56,56,229.0,-59.0,66.0,40.0,140.0,13.0,-89.0,5849.0,91.0,-20.0,7.809481389017886,61.988541661037544,
5334,911.44086,164.62432480589518,7.637557666955549,176.22619705966795,28.0,0.6711,247.0,39.0,144.0,893.0,27.0,218.0,100.0,287.0,4.846916384351258,101,3,53,58,229.0,-59.0,66.0,40.0,140.0,13.0,-89.0,5849.0,91.0,-20.0,7.813917334140686,61.988541661037544,
5335,902.6332,130.96061851200642,7.596707001544033,165.9954947662133,28.0,0.65495,241.0,38.0,141.0,875.0,27.0,215.0,98.0,281.0,6.367738455475435,99,3,51,56,231.0,-58.0,66.0,41.0,142.0,14.0,-89.0,5865.0,92.0,-20.0,7.8183532792634844,61.988541661037544,
5336,882.5221,144.36006492387364,8.542048292527964,169.13396543823794,28.0,0.65235,241.0,38.0,141.0,875.0,27.0,215.0,98.0,281.0,6.181626708809422,105,3,53,57,231.0,-58.0,66.0,41.0,142.0,14.0,-89.0,5865.0,92.0,-20.0,7.822789224386213,61.988541661037544,
5337,875.49023,188.361925618313,9.36843841286486,182.652694709013,28.0,0.67705,244.0,38.0,142.0,883.0,27.0,218.0,99.0,283.0,6.604575347531862,109,5,56,56,231.0,-59.0,66.0,40.0,141.0,12.0,-90.0,5860.0,90.0,-21.0,7.827225169509011,61.988541661037544,
5338,881.4591,196.8316289858929,11.439007879260148,186.83078323443257,28.0,0.68105,244.0,38.0,142.0,883.0,27.0,218.0,99.0,283.0,8.044047201936024,110,4,56,55,231.0,-59.0,66.0,40.0,141.0,12.0,-90.0,5860.0,90.0,-21.0,7.83166111463181,61.988541661037544,
5339,890.2979,209.07492080789262,8.724142352589473,188.38927573310553,28.0,0.67695,247.0,40.0,147.0,900.0,26.0,223.0,100.0,287.0,5.596337811284742,105,5,57,58,230.0,-61.0,66.0,37.0,138.0,10.0,-92.0,5822.0,88.0,-23.0,7.836097059754609,61.988541661037544,
5340,903.4456,218.23755618415743,8.88700665560642,191.2877763880027,28.0,0.6542,247.0,40.0,147.0,900.0,26.0,223.0,100.0,287.0,6.509583523846738,110,3,55,56,230.0,-61.0,66.0,37.0,138.0,10.0,-92.0,5822.0,88.0,-23.0,7.8405330048774085,61.988541661037544,
5341,921.70886,229.64823097448712,7.274289628653489,196.2452914821226,28.0,0.6339,249.0,40.0,148.0,905.0,26.0,224.0,101.0,288.0,7.182910667654205,122,4,60,53,230.0,-62.0,66.0,36.0,137.0,9.0,-93.0,5846.0,87.0,-24.0,7.844968950000208,61.988541661037544,
5342,923.3265,48.49943449542809,19.240659887034166,147.16472532081178,29.0,0.71355,241.0,38.0,142.0,878.0,26.0,218.0,98.0,281.0,15.147594944782853,126,1,59,52,231.0,-60.0,67.0,39.0,140.0,11.0,-91.0,5870.0,89.0,-23.0,7.858276785368533,61.988541661037544,
5343,861.8243,55.43141877914123,26.988528183295443,125.13791250626873,28.0,0.7906,215.0,33.0,125.0,790.0,28.0,197.0,88.0,255.0,22.01798731906257,136,5,62,52,233.0,-53.0,67.0,9.0,149.0,20.0,-84.0,5937.0,99.0,-15.0,7.8627127304913325,61.988541661037544,
5344,944.0419,98.94187232378991,4.067813451008828,168.11396542681743,28.0,0.7082,261.0,42.0,152.0,936.0,26.0,227.0,106.0,301.0,4.035536350199798,124,6,57,54,228.0,-60.0,66.0,36.0,137.0,10.0,-91.0,5778.0,87.0,-22.0,7.791205067951834,61.986458327704405,
5345,928.3361,126.31720632203583,4.906506768041584,169.7516943849649,28.0,0.7024,256.0,41.0,149.0,920.0,26.0,224.0,104.0,295.0,4.300801437161683,123,6,54,53,228.0,-60.0,66.0,38.0,138.0,11.0,-90.0,5812.0,89.0,-21.0,7.79564070989184,61.986458327704405,
5346,913.37274,129.90292957271453,6.596370870301851,167.06697429658135,28.0,0.6968,252.0,40.0,146.0,907.0,26.0,221.0,102.0,291.0,5.61850779624802,119,5,55,53,228.0,-59.0,66.0,38.0,138.0,11.0,-90.0,5814.0,89.0,-21.0,7.800076351831847,61.986458327704405,
5347,896.9527,138.54510291949035,6.370403695977104,170.37610980933295,28.0,0.69075,252.0,40.0,146.0,907.0,26.0,221.0,102.0,291.0,4.999881841963464,117,9,56,56,228.0,-59.0,66.0,38.0,138.0,11.0,-90.0,5814.0,89.0,-21.0,7.804511993771853,61.986458327704405,
5348,892.7215,192.58564613617298,7.001955900287376,183.61372094922248,28.0,0.67615,247.0,39.0,144.0,893.0,27.0,218.0,100.0,287.0,4.540121424832064,118,9,58,57,229.0,-59.0,66.0,40.0,140.0,13.0,-89.0,5849.0,91.0,-20.0,7.808947635711858,61.986458327704405,
5349,895.9699,161.30542561019953,7.320647467753832,177.0360694824163,28.0,0.6479,247.0,39.0,144.0,893.0,27.0,218.0,100.0,287.0,4.790457571733001,117,5,54,56,229.0,-59.0,66.0,40.0,140.0,13.0,-89.0,5849.0,91.0,-20.0,7.813383277651867,61.986458327704405,
5350,885.42786,148.35035745371485,8.970460027087965,169.44549560692252,28.0,0.6292,241.0,38.0,141.0,875.0,27.0,215.0,98.0,281.0,6.618921861531503,105,5,53,58,231.0,-58.0,66.0,41.0,142.0,14.0,-89.0,5865.0,92.0,-20.0,7.817818919591873,61.986458327704405,
5351,864.7945,128.32059761770267,9.619201841335626,161.03016276210678,28.0,0.6382,241.0,38.0,141.0,875.0,27.0,215.0,98.0,281.0,8.004643910335465,112,6,52,58,231.0,-58.0,66.0,41.0,142.0,14.0,-89.0,5865.0,92.0,-20.0,7.822254561531809,61.986458327704405,
5352,853.14294,176.81766289646808,10.456379000525159,180.07406646684905,28.0,0.6495,244.0,38.0,142.0,883.0,27.0,218.0,99.0,283.0,6.8254213484190185,104,6,55,55,231.0,-59.0,66.0,40.0,141.0,12.0,-90.0,5860.0,90.0,-21.0,7.8266902034718155,61.986458327704405,
5353,855.5104,198.4669107564295,9.375261879334005,190.25061702389266,28.0,0.6629,244.0,38.0,142.0,883.0,27.0,218.0,99.0,283.0,6.76526661484264,104,5,53,54,231.0,-59.0,66.0,40.0,141.0,12.0,-90.0,5860.0,90.0,-21.0,7.8311258454118216,61.986458327704405,
5354,868.9964,202.44161541684502,9.345347196938667,187.60328904317825,28.0,0.6629,247.0,40.0,147.0,900.0,26.0,223.0,100.0,287.0,6.861330975540469,98,2,56,55,230.0,-61.0,66.0,37.0,138.0,10.0,-92.0,5822.0,88.0,-23.0,7.8355614873518284,61.986458327704405,
5355,877.56946,218.8258908963557,9.948458296458206,194.0384424761124,28.0,0.6491,247.0,40.0,147.0,900.0,26.0,223.0,100.0,287.0,8.407887105491792,110,2,56,59,230.0,-61.0,66.0,37.0,138.0,10.0,-92.0,5822.0,88.0,-23.0,7.839997129291836,61.986458327704405,
5356,903.78235,230.78735201854735,9.643291702007149,200.51524467117082,28.0,0.6677,249.0,40.0,148.0,905.0,26.0,224.0,101.0,288.0,8.461968284846568,115,4,57,57,230.0,-62.0,66.0,36.0,137.0,9.0,-93.0,5846.0,87.0,-24.0,7.844432771231841,61.986458327704405,
5357,928.2924,240.12772141411037,7.099801827898028,197.61020398122653,28.0,0.6507,249.0,40.0,148.0,905.0,26.0,224.0,101.0,288.0,6.615768865328883,124,2,60,56,230.0,-62.0,66.0,36.0,137.0,9.0,-93.0,5846.0,87.0,-24.0,7.848868413171849,61.986458327704405,
5358,947.5079,248.29907952452297,4.769990996278208,193.15533643976596,29.0,0.6415,241.0,38.0,142.0,878.0,26.0,218.0,98.0,281.0,4.598923893023909,123,3,58,53,231.0,-60.0,67.0,39.0,140.0,11.0,-91.0,5870.0,89.0,-23.0,7.853304055111854,61.986458327704405,
5359,953.8533,126.04994585840373,7.862239878369656,169.2150295351186,29.0,0.6739,241.0,38.0,142.0,878.0,26.0,218.0,98.0,281.0,6.0515143819622645,122,2,56,53,231.0,-60.0,67.0,39.0,140.0,11.0,-91.0,5870.0,89.0,-23.0,7.85773969705179,61.986458327704405,
5360,911.4267,60.279427929355734,20.9748762907572,130.21729487983492,28.0,0.74695,215.0,33.0,125.0,790.0,28.0,197.0,88.0,255.0,18.876548762839057,131,4,57,51,233.0,-53.0,67.0,9.0,149.0,20.0,-84.0,5937.0,99.0,-15.0,7.862175338991798,61.986458327704405,
5361,832.30255,58.643699248393595,26.732875212658527,123.14791315036483,28.0,0.8029,215.0,33.0,125.0,790.0,28.0,197.0,88.0,255.0,21.94008656075638,135,4,60,52,233.0,-53.0,67.0,9.0,149.0,20.0,-84.0,5937.0,99.0,-15.0,7.866610980931803,61.986458327704405,
5362,987.0297,94.81558321719132,3.958052343453264,166.78828782178667,28.0,0.6726,267.0,43.0,155.0,957.0,26.0,232.0,108.0,307.0,4.401094527610022,121,6,58,51,226.0,-61.0,65.0,35.0,134.0,8.0,-92.0,5740.0,85.0,-24.0,7.777366594052969,61.98437499437125,
5363,967.8196,131.90240666789472,7.049165016074641,169.4526695607616,28.0,0.70165,261.0,42.0,152.0,936.0,26.0,227.0,106.0,301.0,5.824378061809701,117,6,58,56,228.0,-60.0,66.0,36.0,137.0,10.0,-91.0,5778.0,87.0,-22.0,7.7862372716619355,61.98437499437125,
5364,944.81354,100.3913325878046,5.295247145493698,161.7857338049321,28.0,0.7171,261.0,42.0,152.0,936.0,26.0,227.0,106.0,301.0,6.350495866688615,127,4,56,53,228.0,-60.0,66.0,36.0,137.0,10.0,-91.0,5778.0,87.0,-22.0,7.790672610466453,61.98437499437125,
5365,922.27234,101.79820477407986,5.21020888219271,163.8605183117132,28.0,0.7254,256.0,41.0,149.0,920.0,26.0,224.0,104.0,295.0,5.583764800627138,125,5,54,55,228.0,-60.0,66.0,38.0,138.0,11.0,-90.0,5812.0,89.0,-21.0,7.795107949270971,61.98437499437125,
5366,900.86475,123.24589706216034,6.534885096915653,165.6913692679055,28.0,0.71705,256.0,41.0,149.0,920.0,26.0,224.0,104.0,295.0,5.742320637385731,125,4,54,55,228.0,-60.0,66.0,38.0,138.0,11.0,-90.0,5812.0,89.0,-21.0,7.79954328807549,61.98437499437125,
5367,884.2659,128.54179588247882,6.185768509146611,169.43669181006499,28.0,0.7012,252.0,40.0,146.0,907.0,26.0,221.0,102.0,291.0,4.470507453210073,119,7,54,54,228.0,-59.0,66.0,38.0,138.0,11.0,-90.0,5814.0,89.0,-21.0,7.803978626880007,61.98437499437125,
5368,877.5378,185.5712070913255,5.44246812900273,181.00200089855343,28.0,0.671,247.0,39.0,144.0,893.0,27.0,218.0,100.0,287.0,2.966885126483624,121,7,58,56,229.0,-59.0,66.0,40.0,140.0,13.0,-89.0,5849.0,91.0,-20.0,7.808413965684525,61.98437499437125,
5369,879.27515,182.59191391763486,6.523926332893655,180.40909227969948,28.0,0.6443,247.0,39.0,144.0,893.0,27.0,218.0,100.0,287.0,3.739735186269754,125,5,59,57,229.0,-59.0,66.0,40.0,140.0,13.0,-89.0,5849.0,91.0,-20.0,7.812849304489045,61.98437499437125,
5370,870.9664,127.01006844151101,7.10089139187687,165.74696461213074,28.0,0.6397,241.0,38.0,141.0,875.0,27.0,215.0,98.0,281.0,5.859346391636515,115,8,57,56,231.0,-58.0,66.0,41.0,142.0,14.0,-89.0,5865.0,92.0,-20.0,7.817284643293562,61.98437499437125,
5371,850.44464,131.04167952668587,8.31024650935361,163.62491638215067,28.0,0.6378,241.0,38.0,141.0,875.0,27.0,215.0,98.0,281.0,6.863389972412189,107,8,54,59,231.0,-58.0,66.0,41.0,142.0,14.0,-89.0,5865.0,92.0,-20.0,7.821719982098011,61.98437499437125,
5372,829.6163,157.99850256184348,8.467516716932215,173.78794395623035,28.0,0.6474,244.0,38.0,142.0,883.0,27.0,218.0,99.0,283.0,6.376363799300715,104,4,55,56,231.0,-59.0,66.0,40.0,141.0,12.0,-90.0,5860.0,90.0,-21.0,7.8261553209025285,61.98437499437125,
5373,836.3701,222.98668677181442,8.92410541199387,190.85805503603396,28.0,0.65175,244.0,38.0,142.0,883.0,27.0,218.0,99.0,283.0,5.251327698362835,112,5,54,56,231.0,-59.0,66.0,40.0,141.0,12.0,-90.0,5860.0,90.0,-21.0,7.830590659707046,61.98437499437125,
5374,850.0785,218.00734459410305,7.330024500037039,188.84456925635214,28.0,0.6499,247.0,40.0,147.0,900.0,26.0,223.0,100.0,287.0,4.503328889034385,109,4,56,57,230.0,-61.0,66.0,37.0,138.0,10.0,-92.0,5822.0,88.0,-23.0,7.835025998511564,61.98437499437125,
5375,861.638,224.4320859708938,7.502224074157914,190.8264923203228,28.0,0.6538,247.0,40.0,147.0,900.0,26.0,223.0,100.0,287.0,5.292351041349326,110,5,55,57,230.0,-61.0,66.0,37.0,138.0,10.0,-92.0,5822.0,88.0,-23.0,7.8394613373160835,61.98437499437125,
5376,880.0608,234.03440574541224,9.57101520566243,199.98713364557923,28.0,0.6858,249.0,40.0,148.0,905.0,26.0,224.0,101.0,288.0,7.840111762268491,117,4,56,60,230.0,-62.0,66.0,36.0,137.0,9.0,-93.0,5846.0,87.0,-24.0,7.843896676120602,61.98437499437125,
5377,906.421,220.5743323158261,11.357977301818037,198.6080384848832,28.0,0.7025,249.0,40.0,148.0,905.0,26.0,224.0,101.0,288.0,9.115080105843925,116,2,55,55,230.0,-62.0,66.0,36.0,137.0,9.0,-93.0,5846.0,87.0,-24.0,7.84833201492512,61.98437499437125,
5378,933.751,234.44885006058757,8.614439476259152,199.48435476299838,29.0,0.7,241.0,38.0,142.0,878.0,26.0,218.0,98.0,281.0,7.306154979957346,119,1,57,54,231.0,-60.0,67.0,39.0,140.0,11.0,-91.0,5870.0,89.0,-23.0,7.852767353729638,61.98437499437125,
5379,949.2414,220.99647040340423,5.873520122829366,191.8971152271867,29.0,0.6948,241.0,38.0,142.0,878.0,26.0,218.0,98.0,281.0,5.059067635311749,123,0,56,53,231.0,-60.0,67.0,39.0,140.0,11.0,-91.0,5870.0,89.0,-23.0,7.857202692534084,61.98437499437125,
5380,952.9435,63.55274616154839,14.172704291165081,164.2735043535036,28.0,0.73045,215.0,33.0,125.0,790.0,28.0,197.0,88.0,255.0,9.792489598164128,125,5,56,51,233.0,-53.0,67.0,9.0,149.0,20.0,-84.0,5937.0,99.0,-15.0,7.861638031338602,61.98437499437125,
5381,895.95416,59.34316434785851,26.11147455557637,122.93972094959626,28.0,0.7778,215.0,33.0,125.0,790.0,28.0,197.0,88.0,255.0,21.895815663610946,130,4,57,52,233.0,-53.0,67.0,9.0,149.0,20.0,-84.0,5937.0,99.0,-15.0,7.86607337014312,61.98437499437125,
5382,811.2752,58.60977259840203,28.987766190405907,119.39547168000523,29.0,0.8175,204.0,30.0,117.0,754.0,29.0,189.0,84.0,245.0,23.566835266000368,136,3,55,54,234.0,-50.0,68.0,13.0,153.0,23.0,-81.0,5964.0,102.0,-12.0,7.870508708947641,61.98437499437125,
5383,967.9768,111.56368630544905,4.95641379600374,165.5706935066967,28.0,0.69305,264.0,42.0,153.0,946.0,26.0,230.0,107.0,304.0,5.127415921667929,121,7,54,56,228.0,-61.0,66.0,36.0,136.0,9.0,-92.0,5802.0,87.0,-23.0,7.781270164619467,61.98229166103811,
5384,951.5218,142.1731137149984,7.676017770932578,169.7474152170326,28.0,0.70775,256.0,41.0,149.0,920.0,26.0,224.0,104.0,295.0,5.449055015158955,122,7,55,56,228.0,-59.0,66.0,38.0,138.0,12.0,-90.0,5802.0,89.0,-21.0,7.785705200335792,61.98229166103811,
5385,938.706,135.44409891249055,7.13419779834233,167.6297618004253,28.0,0.7149,256.0,41.0,149.0,920.0,26.0,224.0,104.0,295.0,5.817796158737879,123,4,57,55,228.0,-59.0,66.0,38.0,138.0,12.0,-90.0,5802.0,89.0,-21.0,7.790140236052115,61.98229166103811,
5386,919.8896,114.05657305311598,5.920692046618512,163.63088646671375,28.0,0.7149,248.0,39.0,143.0,893.0,27.0,218.0,101.0,288.0,5.76939138493385,122,6,55,55,229.0,-57.0,66.0,41.0,141.0,14.0,-88.0,5844.0,92.0,-19.0,7.794575271768437,61.98229166103811,
5387,896.43414,98.79563509805386,5.366893438333849,162.36256369849764,28.0,0.708,248.0,39.0,143.0,893.0,27.0,218.0,101.0,288.0,5.860772974203902,122,2,54,58,229.0,-57.0,66.0,41.0,141.0,14.0,-88.0,5844.0,92.0,-19.0,7.79901030748476,61.98229166103811,
5388,875.83044,117.11006338872187,5.290298255742831,167.90104651897093,28.0,0.6764,241.0,38.0,139.0,871.0,27.0,212.0,98.0,281.0,4.546998342490096,122,5,56,56,230.0,-57.0,66.0,42.0,143.0,15.0,-87.0,5854.0,93.0,-18.0,7.8034453432010835,61.98229166103811,
5389,867.34064,185.6973227838521,5.486672701046133,179.77755317924897,28.0,0.64805,241.0,38.0,139.0,871.0,27.0,212.0,98.0,281.0,2.440106089590051,121,6,57,55,230.0,-57.0,66.0,42.0,143.0,15.0,-87.0,5854.0,93.0,-18.0,7.807880378917407,61.98229166103811,
5390,865.1427,169.2145703115805,7.912755695644316,177.14313852046013,28.0,0.63515,238.0,37.0,138.0,861.0,27.0,210.0,97.0,278.0,4.7433952891829385,124,6,58,54,230.0,-55.0,66.0,43.0,144.0,16.0,-86.0,5861.0,94.0,-17.0,7.812315414633733,61.98229166103811,
5391,858.4254,142.41281220712244,7.969895187112763,169.16564735658633,29.0,0.65255,233.0,36.0,135.0,845.0,27.0,207.0,95.0,273.0,5.829149464463741,121,6,56,56,231.0,-55.0,67.0,45.0,145.0,17.0,-86.0,5862.0,95.0,-17.0,7.816750450350054,61.98229166103811,
5392,839.91504,130.76250044795307,6.566903547786454,166.83167234088359,29.0,0.65705,233.0,36.0,135.0,845.0,27.0,207.0,95.0,273.0,5.677679413982947,115,6,58,59,231.0,-55.0,67.0,45.0,145.0,17.0,-86.0,5862.0,95.0,-17.0,7.821185486066306,61.98229166103811,
5393,823.8247,100.34084936593553,5.093872040800897,166.38677616077868,29.0,0.6474,230.0,36.0,135.0,840.0,27.0,207.0,94.0,271.0,5.684236044872676,116,4,55,58,231.0,-55.0,67.0,45.0,145.0,17.0,-86.0,5894.0,95.0,-17.0,7.825620521782629,61.98229166103811,
5394,814.45026,158.12077759000596,7.54857297572183,182.33901228225727,29.0,0.6498,230.0,36.0,135.0,840.0,27.0,207.0,94.0,271.0,5.4561681366109935,116,6,55,58,231.0,-55.0,67.0,45.0,145.0,17.0,-86.0,5894.0,95.0,-17.0,7.8300555574989525,61.98229166103811,
5395,829.2283,204.75489111745227,11.55384307283996,193.4922175516522,29.0,0.6407,236.0,37.0,138.0,859.0,27.0,212.0,96.0,276.0,8.439966660976863,115,6,56,57,231.0,-58.0,67.0,42.0,142.0,14.0,-89.0,5868.0,92.0,-20.0,7.834490593215277,61.98229166103811,
5396,839.6866,203.8549545283412,11.028393894115085,191.565441206225,29.0,0.6462,236.0,37.0,138.0,859.0,27.0,212.0,96.0,276.0,7.93830765204925,116,5,56,59,231.0,-58.0,67.0,42.0,142.0,14.0,-89.0,5868.0,92.0,-20.0,7.838925628931602,61.98229166103811,
5397,861.5763,236.31103383835494,8.666550187884923,199.36275480997773,29.0,0.6529,239.0,38.0,142.0,871.0,26.0,216.0,97.0,278.0,7.461645071119948,112,4,55,58,231.0,-59.0,67.0,1.0,141.0,12.0,-90.0,5878.0,90.0,-21.0,7.843360664647923,61.98229166103811,
5398,881.29663,227.5343298932456,8.733476996810374,194.69722420360657,29.0,0.6881,239.0,38.0,142.0,871.0,26.0,216.0,97.0,278.0,6.313672043307042,116,2,56,57,231.0,-59.0,67.0,1.0,141.0,12.0,-90.0,5878.0,90.0,-21.0,7.847795700364247,61.98229166103811,
5399,909.30817,229.05041103274866,12.08502377996404,204.19890236902575,28.0,0.7099,247.0,39.0,147.0,901.0,26.0,224.0,100.0,287.0,10.21533556382515,119,3,55,53,231.0,-63.0,66.0,36.0,137.0,9.0,-94.0,5874.0,87.0,-25.0,7.85223073608057,61.98229166103811,
5400,936.9911,241.48517704254567,9.710525956136273,203.67425455382656,28.0,0.7173,247.0,39.0,147.0,901.0,26.0,224.0,100.0,287.0,8.889766510715662,125,2,53,53,231.0,-63.0,66.0,36.0,137.0,9.0,-94.0,5874.0,87.0,-25.0,7.8566657717968225,61.98229166103811,
5401,940.238,68.21372749415492,15.83159768886829,137.39935694746512,28.0,0.7356,238.0,38.0,142.0,872.0,27.0,218.0,97.0,278.0,15.212881508811199,128,4,56,53,232.0,-61.0,67.0,-1.0,140.0,11.0,-92.0,5888.0,89.0,-23.0,7.865535843229467,61.98229166103811,
5402,876.48114,59.16974968739987,24.158297339683564,128.8977259662331,28.0,0.7959,212.0,32.0,123.0,782.0,28.0,196.0,87.0,253.0,19.921208359279408,135,4,56,54,233.0,-53.0,67.0,9.0,149.0,20.0,-84.0,5938.0,98.0,-15.0,7.869970878945793,61.98229166103811,
5403,994.5255,87.73052418155912,8.984333344797422,148.35535481152564,28.0,0.67765,264.0,42.0,153.0,946.0,26.0,230.0,107.0,304.0,10.385040491155449,119,7,56,53,228.0,-61.0,66.0,36.0,136.0,9.0,-92.0,5802.0,87.0,-23.0,7.77630374666421,61.98020832770496,
5404,966.5596,93.79624372943346,4.684188662137935,163.40022976666694,28.0,0.692,264.0,42.0,153.0,946.0,26.0,230.0,107.0,304.0,5.456914168271728,122,9,59,56,228.0,-61.0,66.0,36.0,136.0,9.0,-92.0,5802.0,87.0,-23.0,7.780738479339549,61.98020832770496,
5405,943.3204,104.76356822583662,5.6909125858696115,160.331151873459,28.0,0.6996,256.0,41.0,149.0,920.0,26.0,224.0,104.0,295.0,6.750462949415076,122,5,54,54,228.0,-59.0,66.0,38.0,138.0,12.0,-90.0,5802.0,89.0,-21.0,7.7851732120149615,61.98020832770496,
5406,924.23883,137.59975823521557,7.217394117870311,168.84864408901544,28.0,0.7093,256.0,41.0,149.0,920.0,26.0,224.0,104.0,295.0,5.397793748289079,126,4,56,54,228.0,-59.0,66.0,38.0,138.0,12.0,-90.0,5802.0,89.0,-21.0,7.789607944690373,61.98020832770496,
5407,910.45026,135.99466864214054,7.681647004509462,167.61153978261214,28.0,0.7113,248.0,39.0,143.0,893.0,27.0,218.0,101.0,288.0,6.111560061517473,122,4,54,52,229.0,-57.0,66.0,41.0,141.0,14.0,-88.0,5844.0,92.0,-19.0,7.794042677365784,61.98020832770496,
5408,891.1183,122.46932939768132,6.408544161039956,165.71222684700933,28.0,0.6976,248.0,39.0,143.0,893.0,27.0,218.0,101.0,288.0,5.684930704176698,119,3,54,59,229.0,-57.0,66.0,41.0,141.0,14.0,-88.0,5844.0,92.0,-19.0,7.798477410041195,61.98020832770496,
5409,870.83734,113.83551898950154,5.703131230739914,163.81039378160798,28.0,0.6832,241.0,38.0,139.0,871.0,27.0,212.0,98.0,281.0,5.773996999300791,120,3,55,59,230.0,-57.0,66.0,42.0,143.0,15.0,-87.0,5854.0,93.0,-18.0,7.802912142716607,61.98020832770496,
5410,853.98627,147.4019791145709,6.724332640435866,172.50092712670425,28.0,0.65905,241.0,38.0,139.0,871.0,27.0,212.0,98.0,281.0,5.335718945887789,121,4,56,55,230.0,-57.0,66.0,42.0,143.0,15.0,-87.0,5854.0,93.0,-18.0,7.807346875392017,61.98020832770496,
5411,845.094,161.52751738160148,9.545831621659225,174.04110249409922,28.0,0.6329,238.0,37.0,138.0,861.0,27.0,210.0,97.0,278.0,5.986567155556426,129,5,58,56,230.0,-55.0,66.0,43.0,144.0,16.0,-86.0,5861.0,94.0,-17.0,7.811781608067432,61.98020832770496,
5412,839.41345,164.80497198371785,10.356958084756284,175.40751110169785,28.0,0.64395,238.0,37.0,138.0,861.0,27.0,210.0,97.0,278.0,7.229751340279877,129,5,57,56,230.0,-55.0,66.0,43.0,144.0,16.0,-86.0,5861.0,94.0,-17.0,7.816216340742843,61.98020832770496,
5413,830.43994,134.61721423466884,5.843231202564908,170.72869669283128,29.0,0.6329,233.0,36.0,135.0,845.0,27.0,207.0,95.0,273.0,4.3743105850209325,127,5,57,56,231.0,-55.0,67.0,45.0,145.0,17.0,-86.0,5862.0,95.0,-17.0,7.820651073418182,61.98020832770496,
5414,815.84863,130.96735773396207,6.77039259393826,166.97375331526976,29.0,0.6368,230.0,36.0,135.0,840.0,27.0,207.0,94.0,271.0,5.612903367527182,126,5,55,59,231.0,-55.0,67.0,45.0,145.0,17.0,-86.0,5894.0,95.0,-17.0,7.825085806093593,61.98020832770496,
5415,804.65826,159.17928669157678,4.763900061172629,176.50389892224027,29.0,0.6479,230.0,36.0,135.0,840.0,27.0,207.0,94.0,271.0,2.829587234760533,121,6,55,60,231.0,-55.0,67.0,45.0,145.0,17.0,-86.0,5894.0,95.0,-17.0,7.829520538769005,61.98020832770496,
5416,802.6102,176.67800628819404,8.311367711354855,182.27565179091127,29.0,0.6481,236.0,37.0,138.0,859.0,27.0,212.0,96.0,276.0,5.016201102233118,121,5,55,58,231.0,-58.0,67.0,42.0,142.0,14.0,-89.0,5868.0,92.0,-20.0,7.833955271444416,61.98020832770496,
5417,813.0653,217.07133804040114,11.281680130420883,197.05445852403614,29.0,0.6545,236.0,37.0,138.0,859.0,27.0,212.0,96.0,276.0,8.49755626241581,111,5,53,58,231.0,-58.0,67.0,42.0,142.0,14.0,-89.0,5868.0,92.0,-20.0,7.8383900041198284,61.98020832770496,
5418,842.4055,238.33490899510346,10.31488675553696,203.23262414400838,29.0,0.6479,239.0,38.0,142.0,871.0,26.0,216.0,97.0,278.0,8.642758427454233,121,3,55,58,231.0,-59.0,67.0,1.0,141.0,12.0,-90.0,5878.0,90.0,-21.0,7.84282473679524,61.98020832770496,
5419,864.8107,231.38202785040738,7.779485531565339,195.08867175113284,29.0,0.6464,239.0,38.0,142.0,871.0,26.0,216.0,97.0,278.0,6.3250826798292445,117,3,56,58,231.0,-59.0,67.0,1.0,141.0,12.0,-90.0,5878.0,90.0,-21.0,7.847259469470651,61.98020832770496,
5420,884.6511,225.91679516130682,8.959632597879327,196.33835233355495,28.0,0.6645,247.0,39.0,147.0,901.0,26.0,224.0,100.0,287.0,6.936466652267593,119,5,54,55,231.0,-63.0,66.0,36.0,137.0,9.0,-94.0,5874.0,87.0,-25.0,7.851694202146064,61.98020832770496,
5421,913.51587,237.69996525427007,12.903497159805625,211.35897900477232,28.0,0.7118,247.0,39.0,147.0,901.0,26.0,224.0,100.0,287.0,11.73767954660014,120,4,54,54,231.0,-63.0,66.0,36.0,137.0,9.0,-94.0,5874.0,87.0,-25.0,7.856128934821403,61.98020832770496,
5422,952.09955,221.7402202441795,12.47254145158696,200.0662174818446,28.0,0.7219,238.0,38.0,142.0,872.0,27.0,218.0,97.0,278.0,9.208870009841426,126,4,54,53,232.0,-61.0,67.0,-1.0,140.0,11.0,-92.0,5888.0,89.0,-23.0,7.860563667496814,61.98020832770496,
5423,954.6835,112.73448753703924,9.124024467106079,160.79256739774857,28.0,0.7185,238.0,38.0,142.0,872.0,27.0,218.0,97.0,278.0,8.307033109052464,126,4,57,55,232.0,-61.0,67.0,-1.0,140.0,11.0,-92.0,5888.0,89.0,-23.0,7.864998400172225,61.98020832770496,
5424,909.6357,82.24608655493938,14.88694291012912,132.49829784369334,28.0,0.7548,212.0,32.0,123.0,782.0,28.0,196.0,87.0,253.0,16.557995871057713,134,2,57,55,233.0,-53.0,67.0,9.0,149.0,20.0,-84.0,5938.0,98.0,-15.0,7.869433132847639,61.98020832770496,
5425,827.9857,77.08415211279633,20.84589586282788,116.50085344937442,28.0,0.7779,212.0,32.0,123.0,782.0,28.0,196.0,87.0,253.0,21.69374736947023,134,4,58,58,233.0,-53.0,67.0,9.0,149.0,20.0,-84.0,5938.0,98.0,-15.0,7.873867865523049,61.98020832770496,
5426,969.4157,84.4915772819116,7.572971247851341,156.5975517560873,28.0,0.7232,264.0,42.0,153.0,946.0,26.0,230.0,107.0,304.0,7.958452750830402,123,19,56,54,228.0,-61.0,66.0,36.0,136.0,9.0,-92.0,5802.0,87.0,-23.0,7.7802068769992605,61.97812499437182,
5427,943.7318,85.32030888431761,5.726827696718937,160.4547317638136,28.0,0.72015,256.0,41.0,149.0,920.0,26.0,224.0,104.0,295.0,6.717870666255507,122,5,56,54,228.0,-59.0,66.0,38.0,138.0,12.0,-90.0,5802.0,89.0,-21.0,7.784641306681033,61.97812499437182,
5428,918.8936,84.16521563794757,5.41125990816235,161.17280228376677,28.0,0.7104,256.0,41.0,149.0,920.0,26.0,224.0,104.0,295.0,6.409392634773153,120,4,56,56,228.0,-59.0,66.0,38.0,138.0,12.0,-90.0,5802.0,89.0,-21.0,7.789075736362805,61.97812499437182,
5429,899.35535,104.32187102868758,4.971316648853701,166.78697903031278,28.0,0.7094,248.0,39.0,143.0,893.0,27.0,218.0,101.0,288.0,4.75729097456979,124,0,56,54,229.0,-57.0,66.0,41.0,141.0,14.0,-88.0,5844.0,92.0,-19.0,7.793510166044578,61.97812499437182,
5430,883.0332,103.84603770472228,4.741540881331699,166.59359429310143,28.0,0.7091,248.0,39.0,143.0,893.0,27.0,218.0,101.0,288.0,4.694319040030699,120,2,54,58,229.0,-57.0,66.0,41.0,141.0,14.0,-88.0,5844.0,92.0,-19.0,7.7979445957263485,61.97812499437182,
5431,845.1793,112.52913760339979,4.813622935107926,167.08485109251356,28.0,0.6882,241.0,38.0,139.0,871.0,27.0,212.0,98.0,281.0,4.814527087148151,128,2,55,56,230.0,-57.0,66.0,42.0,143.0,15.0,-87.0,5854.0,93.0,-18.0,7.806813455089893,61.97812499437182,
5432,829.7246,121.88006781702349,5.555983278747771,168.3777053940491,28.0,0.67745,238.0,37.0,138.0,861.0,27.0,210.0,97.0,278.0,4.904742509103848,132,3,56,57,230.0,-55.0,66.0,43.0,144.0,16.0,-86.0,5861.0,94.0,-17.0,7.811247884771666,61.97812499437182,
5433,817.09393,151.37233914710544,7.500752946148071,175.81773810397334,28.0,0.6694,238.0,37.0,138.0,861.0,27.0,210.0,97.0,278.0,4.99171104897509,128,4,58,56,230.0,-55.0,66.0,43.0,144.0,16.0,-86.0,5861.0,94.0,-17.0,7.815682314453437,61.97812499437182,
5434,817.8641,170.96115278109914,8.926024907159757,179.03331037182892,29.0,0.6331,233.0,36.0,135.0,845.0,27.0,207.0,95.0,273.0,6.3688126812786,127,5,57,57,231.0,-55.0,67.0,45.0,145.0,17.0,-86.0,5862.0,95.0,-17.0,7.820116744135139,61.97812499437182,
5435,806.17773,115.34646843291983,6.548141717120418,164.17358672877194,29.0,0.6322,233.0,36.0,135.0,845.0,27.0,207.0,95.0,273.0,6.005893774985544,128,7,54,59,231.0,-55.0,67.0,45.0,145.0,17.0,-86.0,5862.0,95.0,-17.0,7.824551173816911,61.97812499437182,
5436,794.1471,165.92199499785363,6.007694041624928,177.5535902199721,29.0,0.6531,230.0,36.0,135.0,840.0,27.0,207.0,94.0,271.0,3.706264494657691,127,6,57,59,231.0,-55.0,67.0,45.0,145.0,17.0,-86.0,5894.0,95.0,-17.0,7.8289856034986816,61.97812499437182,
5437,790.95123,150.40131829007152,5.4016115287404665,176.04510179063055,29.0,0.6433,236.0,37.0,138.0,859.0,27.0,212.0,96.0,276.0,3.3306559539846563,127,5,53,59,231.0,-58.0,67.0,42.0,142.0,14.0,-89.0,5868.0,92.0,-20.0,7.833420033180454,61.97812499437182,
5438,789.10016,189.70996210211376,8.761019978007944,185.84544415650862,29.0,0.652,236.0,37.0,138.0,859.0,27.0,212.0,96.0,276.0,6.006871839642057,121,5,56,58,231.0,-58.0,67.0,42.0,142.0,14.0,-89.0,5868.0,92.0,-20.0,7.837854462862228,61.97812499437182,
5439,815.3965,231.31243339536545,14.517544670806531,211.23621432626695,29.0,0.6537,239.0,38.0,142.0,871.0,26.0,216.0,97.0,278.0,12.290240196392366,126,2,54,58,231.0,-59.0,67.0,1.0,141.0,12.0,-90.0,5878.0,90.0,-21.0,7.842288892543999,61.97812499437182,
5440,846.2984,228.38925431791628,9.726332466559104,198.1495385825265,29.0,0.6196,239.0,38.0,142.0,871.0,26.0,216.0,97.0,278.0,7.844113099846066,119,4,54,58,231.0,-59.0,67.0,1.0,141.0,12.0,-90.0,5878.0,90.0,-21.0,7.846723322225772,61.97812499437182,
5441,864.97284,218.37313100427895,9.559657821761578,193.34022111632686,28.0,0.6294,247.0,39.0,147.0,901.0,26.0,224.0,100.0,287.0,6.692720062973104,129,4,54,58,231.0,-63.0,66.0,36.0,137.0,9.0,-94.0,5874.0,87.0,-25.0,7.851157751907543,61.97812499437182,
5442,885.14,226.83188029560748,11.303783675823098,200.37363783140876,28.0,0.6842,247.0,39.0,147.0,901.0,26.0,224.0,100.0,287.0,8.60885054510454,121,4,54,55,231.0,-63.0,66.0,36.0,137.0,9.0,-94.0,5874.0,87.0,-25.0,7.855592181589245,61.97812499437182,
5443,918.7997,229.01328331302568,14.113578600312435,206.4780433589872,28.0,0.7283,238.0,38.0,142.0,872.0,27.0,218.0,97.0,278.0,10.950479854196102,122,5,55,51,232.0,-61.0,67.0,-1.0,140.0,11.0,-92.0,5888.0,89.0,-23.0,7.860026611271016,61.97812499437182,
5444,938.71765,181.7197641435204,9.855798038601327,181.9864042113914,28.0,0.7266,238.0,38.0,142.0,872.0,27.0,218.0,97.0,278.0,6.909926264591206,121,5,56,51,232.0,-61.0,67.0,-1.0,140.0,11.0,-92.0,5888.0,89.0,-23.0,7.864461040952787,61.97812499437182,
5445,912.36084,98.4513815813809,11.705099886364767,141.95608842197655,28.0,0.73115,212.0,32.0,123.0,782.0,28.0,196.0,87.0,253.0,12.87609521873955,135,2,55,56,233.0,-53.0,67.0,9.0,149.0,20.0,-84.0,5938.0,98.0,-15.0,7.868895470634562,61.97812499437182,
5446,853.9755,77.49686455007001,15.46967774910789,132.16381335517497,28.0,0.75105,212.0,32.0,123.0,782.0,28.0,196.0,87.0,253.0,15.955426784016511,132,2,56,55,233.0,-53.0,67.0,9.0,149.0,20.0,-84.0,5938.0,98.0,-15.0,7.8733299003163335,61.97812499437182,
5447,992.3186,53.991062144504745,14.41406249857994,150.27200405693094,28.0,0.71435,264.0,42.0,153.0,946.0,26.0,230.0,107.0,304.0,11.979117619658483,127,20,58,56,228.0,-61.0,66.0,36.0,136.0,9.0,-92.0,5802.0,87.0,-23.0,7.779675357580189,61.976041661038664,
5448,956.51154,62.77142768430349,9.878388928452788,156.17287114823006,28.0,0.7061,256.0,41.0,149.0,920.0,26.0,224.0,104.0,295.0,8.917195568136508,123,4,58,56,228.0,-59.0,66.0,38.0,138.0,12.0,-90.0,5802.0,89.0,-21.0,7.784109484315585,61.976041661038664,
5449,929.2926,64.19786778722653,7.133604026340707,161.73461552598397,28.0,0.6986,256.0,41.0,149.0,920.0,26.0,224.0,104.0,295.0,6.719193307995234,117,3,55,57,228.0,-59.0,66.0,38.0,138.0,12.0,-90.0,5802.0,89.0,-21.0,7.788543611050979,61.976041661038664,
5450,906.85095,59.57790816236609,6.9310221017879,162.84647004299563,28.0,0.701,248.0,39.0,143.0,893.0,27.0,218.0,101.0,288.0,6.641307483981079,121,1,56,55,229.0,-57.0,66.0,41.0,141.0,14.0,-88.0,5844.0,92.0,-19.0,7.792977737786375,61.976041661038664,
5451,885.3372,72.22631453941545,5.366815077498626,164.05084011163427,28.0,0.715,248.0,39.0,143.0,893.0,27.0,218.0,101.0,288.0,5.762026926703081,126,1,53,56,229.0,-57.0,66.0,41.0,141.0,14.0,-88.0,5844.0,92.0,-19.0,7.797411864521769,61.976041661038664,
5452,863.68427,86.60511247048734,5.250876660789278,164.63088314063535,28.0,0.7137,241.0,38.0,139.0,871.0,27.0,212.0,98.0,281.0,5.370151410769858,121,0,54,58,230.0,-57.0,66.0,42.0,143.0,15.0,-87.0,5854.0,93.0,-18.0,7.801845991257164,61.976041661038664,
5453,843.89453,94.12689002742515,4.251036173706695,164.61482890412555,28.0,0.71185,241.0,38.0,139.0,871.0,27.0,212.0,98.0,281.0,5.021054809959436,131,2,55,56,230.0,-57.0,66.0,42.0,143.0,15.0,-87.0,5854.0,93.0,-18.0,7.806280117992558,61.976041661038664,
5454,825.3521,106.18542054099989,4.010754035315597,168.32154141086747,28.0,0.71345,238.0,37.0,138.0,861.0,27.0,210.0,97.0,278.0,4.054381470347577,129,4,54,57,230.0,-55.0,66.0,43.0,144.0,16.0,-86.0,5861.0,94.0,-17.0,7.810714244727954,61.976041661038664,
5455,808.98175,114.43365048544206,4.934795708413119,165.8743449359686,28.0,0.7016,238.0,37.0,138.0,861.0,27.0,210.0,97.0,278.0,5.073045154653021,129,5,57,56,230.0,-55.0,66.0,43.0,144.0,16.0,-86.0,5861.0,94.0,-17.0,7.81514837146335,61.976041661038664,
5456,794.9093,151.47611152120638,8.141042446932216,174.61060747326562,29.0,0.6491,233.0,36.0,135.0,845.0,27.0,207.0,95.0,273.0,5.17042479549952,126,6,54,60,231.0,-55.0,67.0,45.0,145.0,17.0,-86.0,5862.0,95.0,-17.0,7.819582498198672,61.976041661038664,
5457,791.4082,163.45260841964156,10.675388193747757,175.5156145056583,29.0,0.63265,233.0,36.0,135.0,845.0,27.0,207.0,95.0,273.0,8.082009577279658,129,5,54,60,231.0,-55.0,67.0,45.0,145.0,17.0,-86.0,5862.0,95.0,-17.0,7.824016624934067,61.976041661038664,
5458,780.4611,146.8575136815213,7.874673897756384,170.39698658541155,29.0,0.64335,230.0,36.0,135.0,840.0,27.0,207.0,94.0,271.0,6.2970579646144,130,5,58,60,231.0,-55.0,67.0,45.0,145.0,17.0,-86.0,5894.0,95.0,-17.0,7.828450751669462,61.976041661038664,
5459,819.7107,218.49211050416937,14.189956658384544,201.62986071003857,29.0,0.6249,239.0,38.0,142.0,871.0,26.0,216.0,97.0,278.0,10.477477445538003,131,4,53,56,231.0,-59.0,67.0,1.0,141.0,12.0,-90.0,5878.0,90.0,-21.0,7.846187258611041,61.976041661038664,
5460,841.2612,224.60498835354255,10.938135367742394,198.1010222709263,28.0,0.6017,247.0,39.0,147.0,901.0,26.0,224.0,100.0,287.0,8.008998040089399,131,4,53,56,231.0,-63.0,66.0,36.0,137.0,9.0,-94.0,5874.0,87.0,-25.0,7.850621385346435,61.976041661038664,
5461,863.6611,227.73751576552354,10.526458662818863,198.03730483872167,28.0,0.6291,247.0,39.0,147.0,901.0,26.0,224.0,100.0,287.0,7.918210239105188,127,4,55,56,231.0,-63.0,66.0,36.0,137.0,9.0,-94.0,5874.0,87.0,-25.0,7.855055512081759,61.976041661038664,
5462,889.5546,231.1188172060659,12.481222456854818,203.73208050824286,28.0,0.6979,238.0,38.0,142.0,872.0,27.0,218.0,97.0,278.0,9.682553577309896,125,5,54,55,232.0,-61.0,67.0,-1.0,140.0,11.0,-92.0,5888.0,89.0,-23.0,7.859489638817153,61.976041661038664,
5463,917.0982,209.97690346896385,9.85676722923698,193.62274511681056,28.0,0.7087,238.0,38.0,142.0,872.0,27.0,218.0,97.0,278.0,7.134186210653747,126,4,56,53,232.0,-61.0,67.0,-1.0,140.0,11.0,-92.0,5888.0,89.0,-23.0,7.863923765552547,61.976041661038664,
5464,912.8261,108.45306411715315,6.650826573528383,163.54725794946143,28.0,0.71665,212.0,32.0,123.0,782.0,28.0,196.0,87.0,253.0,5.853130798246413,132,4,57,55,233.0,-53.0,67.0,9.0,149.0,20.0,-84.0,5938.0,98.0,-15.0,7.868357892287944,61.976041661038664,
5465,874.91064,79.68808514471233,12.565515940289618,137.95428540470886,28.0,0.7271,212.0,32.0,123.0,782.0,28.0,196.0,87.0,253.0,14.083032546607871,136,3,55,56,233.0,-53.0,67.0,9.0,149.0,20.0,-84.0,5938.0,98.0,-15.0,7.872792019023338,61.976041661038664,
5466,805.8659,79.14365758047434,16.765042585521176,123.84004105497718,28.0,0.725,202.0,30.0,116.0,749.0,29.0,189.0,84.0,243.0,18.792261519054367,134,3,58,57,234.0,-50.0,67.0,13.0,153.0,23.0,-81.0,5985.0,102.0,-12.0,7.8772261457587325,61.976041661038664,
5467,982.8649,54.37020607137418,14.506033795261498,152.05458459815836,29.0,0.7031,261.0,42.0,152.0,938.0,26.0,228.0,106.0,301.0,11.226790106931082,125,19,55,55,227.0,-61.0,66.0,36.0,136.0,10.0,-91.0,5792.0,87.0,-23.0,7.783577744900213,61.973958327705525,
5468,947.8723,52.307054646950824,11.262823041902335,157.80869400063364,29.0,0.7022,261.0,42.0,152.0,938.0,26.0,228.0,106.0,301.0,9.02167717251832,120,1,55,54,227.0,-61.0,66.0,36.0,136.0,10.0,-91.0,5792.0,87.0,-23.0,7.788011568736481,61.973958327705525,
5469,924.18304,53.821099633518166,8.427473993051965,162.1136303142424,28.0,0.7089,249.0,39.0,145.0,902.0,27.0,221.0,101.0,290.0,7.158200648103185,123,2,55,54,229.0,-58.0,66.0,40.0,140.0,13.0,-89.0,5836.0,91.0,-20.0,7.792445392572751,61.973958327705525,
5470,899.3521,52.51435686080859,7.620160334172706,164.07946409065482,28.0,0.71675,249.0,39.0,145.0,902.0,27.0,221.0,101.0,290.0,6.488462953678494,131,1,54,57,229.0,-58.0,66.0,40.0,140.0,13.0,-89.0,5836.0,91.0,-20.0,7.796879216409019,61.973958327705525,
5471,876.2025,64.53719206004948,7.351063972092785,158.899791979638,28.0,0.71715,240.0,37.0,138.0,868.0,27.0,212.0,98.0,281.0,7.5805242533150015,132,0,55,56,231.0,-56.0,66.0,43.0,144.0,16.0,-87.0,5875.0,94.0,-18.0,7.8013130402452875,61.973958327705525,
5472,848.834,71.26578036146978,6.291339543282303,162.46760404936705,28.0,0.7227,240.0,37.0,138.0,868.0,27.0,212.0,98.0,281.0,6.2176209003276215,133,1,55,54,231.0,-56.0,66.0,43.0,144.0,16.0,-87.0,5875.0,94.0,-18.0,7.8057468640815575,61.973958327705525,
5473,827.48804,81.64556646195531,4.529003503193662,164.58638700922072,29.0,0.7319,230.0,35.0,132.0,837.0,28.0,206.0,94.0,271.0,5.091964882492501,133,1,54,56,231.0,-54.0,67.0,46.0,146.0,18.0,-85.0,5869.0,96.0,-16.0,7.8101806879178275,61.973958327705525,
5474,807.009,88.47979981313144,4.232216582454836,164.73061997393015,29.0,0.721,230.0,35.0,132.0,837.0,28.0,206.0,94.0,271.0,5.057456579219743,130,5,55,57,231.0,-54.0,67.0,46.0,146.0,18.0,-85.0,5869.0,96.0,-16.0,7.814614511754096,61.973958327705525,
5475,786.9885,102.47845873141195,4.499086882281093,165.71771891821692,29.0,0.7122,225.0,34.0,129.0,819.0,28.0,201.0,92.0,266.0,4.932841080625736,127,5,56,58,231.0,-52.0,67.0,48.0,148.0,20.0,-83.0,5882.0,98.0,-15.0,7.819048335590294,61.973958327705525,
5476,772.04175,130.98181369769793,5.626308761319809,171.67951785448315,29.0,0.6956,225.0,34.0,129.0,819.0,28.0,201.0,92.0,266.0,3.9325447461143748,127,6,56,61,231.0,-52.0,67.0,48.0,148.0,20.0,-83.0,5882.0,98.0,-15.0,7.823482159426562,61.973958327705525,
5477,762.6982,149.01799792828137,7.096325674790212,173.91371491215799,28.0,0.6954,219.0,33.0,126.0,800.0,28.0,198.0,90.0,260.0,4.52909403290927,129,5,55,59,232.0,-52.0,67.0,10.0,150.0,20.0,-82.0,5897.0,99.0,-14.0,7.82791598326283,61.973958327705525,
5478,813.18646,218.11333169455114,15.682599286606646,201.50688868210545,28.0,0.5815,229.0,35.0,134.0,837.0,27.0,209.0,93.0,268.0,11.02415376408862,127,5,55,58,233.0,-58.0,67.0,4.0,144.0,15.0,-89.0,5910.0,93.0,-19.0,7.850085102444177,61.973958327705525,
5479,833.4785,213.50083850725156,14.55041251052878,197.26376127875776,28.0,0.6053,229.0,35.0,134.0,837.0,27.0,209.0,93.0,268.0,9.80869884925402,122,4,55,58,233.0,-58.0,67.0,4.0,144.0,15.0,-89.0,5910.0,93.0,-19.0,7.854518926280373,61.973958327705525,
5480,859.43054,225.59823202685058,14.678908103580708,203.5759959761741,28.0,0.62395,232.0,36.0,137.0,849.0,27.0,212.0,94.0,271.0,10.456795613578938,125,4,53,57,232.0,-59.0,67.0,2.0,142.0,13.0,-90.0,5907.0,92.0,-21.0,7.858952750116643,61.973958327705525,
5481,892.9091,235.4907332103763,12.234101719952028,207.24478092058985,28.0,0.64425,232.0,36.0,137.0,849.0,27.0,212.0,94.0,271.0,10.396637384556895,124,4,54,58,232.0,-59.0,67.0,2.0,142.0,13.0,-90.0,5907.0,92.0,-21.0,7.863386573952911,61.973958327705525,
5482,908.98676,143.5963774656337,6.914907202908459,171.7461831634682,28.0,0.6812,217.0,33.0,127.0,801.0,28.0,201.0,89.0,257.0,5.980640622428847,124,4,54,57,234.0,-56.0,67.0,6.0,147.0,17.0,-87.0,5950.0,96.0,-17.0,7.867820397789181,61.973958327705525,
5483,881.6877,108.92431869672565,9.503377332819388,151.85970218378847,28.0,0.7146,217.0,33.0,127.0,801.0,28.0,201.0,89.0,257.0,9.997042555114492,132,4,57,55,234.0,-56.0,67.0,6.0,147.0,17.0,-87.0,5950.0,96.0,-17.0,7.872254221625451,61.973958327705525,
5484,825.2931,86.24285222575222,14.859236617484145,128.2769368907264,28.0,0.7165,200.0,29.0,114.0,741.0,29.0,187.0,83.0,240.0,17.020463595248458,132,2,54,57,235.0,-50.0,68.0,13.0,153.0,23.0,-82.0,5986.0,103.0,25.0,7.876688045461719,61.973958327705525,
5485,945.0187,55.24319827411976,12.280495145703105,155.98601171672482,28.0,0.7174,249.0,39.0,145.0,902.0,27.0,221.0,101.0,290.0,9.73404979039785,127,3,56,54,229.0,-58.0,66.0,40.0,140.0,13.0,-89.0,5836.0,91.0,-20.0,7.791913130385275,61.97187499437237,
5486,916.4666,63.494511214713626,8.85995974947097,158.8949072192839,28.0,0.72345,249.0,39.0,145.0,902.0,27.0,221.0,101.0,290.0,7.666120600859694,130,1,58,55,229.0,-58.0,66.0,40.0,140.0,13.0,-89.0,5836.0,91.0,-20.0,7.796346651369659,61.97187499437237,
5487,887.79944,74.5783149907936,6.9820591376557655,160.07824449631676,28.0,0.7199,240.0,37.0,138.0,868.0,27.0,212.0,98.0,281.0,6.853265729749817,130,1,56,55,231.0,-56.0,66.0,43.0,144.0,16.0,-87.0,5875.0,94.0,-18.0,7.8007801723540435,61.97187499437237,
5488,864.00385,70.95728871404333,7.290817865184496,159.33863357965703,28.0,0.721,240.0,37.0,138.0,868.0,27.0,212.0,98.0,281.0,7.1427687662032024,135,1,56,53,231.0,-56.0,66.0,43.0,144.0,16.0,-87.0,5875.0,94.0,-18.0,7.805213693338428,61.97187499437237,
5489,835.2323,72.08655414828517,6.440483734805597,160.23863638298474,29.0,0.7265,230.0,35.0,132.0,837.0,28.0,206.0,94.0,271.0,6.764943734604543,129,1,57,54,231.0,-54.0,67.0,46.0,146.0,18.0,-85.0,5869.0,96.0,-16.0,7.809647214322814,61.97187499437237,
5490,810.8374,85.06306883725136,5.038794364713036,162.13946325540425,29.0,0.7215,230.0,35.0,132.0,837.0,28.0,206.0,94.0,271.0,5.876355483899864,129,2,53,56,231.0,-54.0,67.0,46.0,146.0,18.0,-85.0,5869.0,96.0,-16.0,7.814080735307198,61.97187499437237,
5491,788.228,91.93667048631282,4.59051566690756,163.1438506264814,29.0,0.7233,225.0,34.0,129.0,819.0,28.0,201.0,92.0,266.0,5.526423486269098,129,2,54,58,231.0,-52.0,67.0,48.0,148.0,20.0,-83.0,5882.0,98.0,-15.0,7.818514256291511,61.97187499437237,
5492,768.601,101.64324464797626,3.8653281671120348,167.5554463209391,29.0,0.7123,225.0,34.0,129.0,819.0,28.0,201.0,92.0,266.0,4.214566800314758,131,5,56,61,231.0,-52.0,67.0,48.0,148.0,20.0,-83.0,5882.0,98.0,-15.0,7.822947777275895,61.97187499437237,
5493,754.61633,108.72346773670782,3.6933669117614842,170.4516784801321,28.0,0.708,219.0,33.0,126.0,800.0,28.0,198.0,90.0,260.0,3.4139079106370414,129,5,56,60,232.0,-52.0,67.0,10.0,150.0,20.0,-82.0,5897.0,99.0,-14.0,7.827381298260278,61.97187499437237,
5494,743.5549,137.55384132574352,5.315081580132037,172.81806697846451,28.0,0.7096,219.0,33.0,126.0,800.0,28.0,198.0,90.0,260.0,3.7193282291023264,129,5,56,57,232.0,-52.0,67.0,10.0,150.0,20.0,-82.0,5897.0,99.0,-14.0,7.831814819244662,61.97187499437237,
5495,818.3803,217.48620535712644,18.99080131236914,207.30151785609814,28.0,0.563,232.0,36.0,137.0,849.0,27.0,212.0,94.0,271.0,14.06368528098254,118,4,54,59,232.0,-59.0,67.0,2.0,142.0,13.0,-90.0,5907.0,92.0,-21.0,7.858415945150897,61.97187499437237,
5496,861.01746,232.04920463024823,17.54507759079437,213.29972486529581,28.0,0.59595,232.0,36.0,137.0,849.0,27.0,212.0,94.0,271.0,13.528516808709085,119,4,54,59,232.0,-59.0,67.0,2.0,142.0,13.0,-90.0,5907.0,92.0,-21.0,7.86284946613528,61.97187499437237,
5497,888.46375,196.62631212694694,12.899614710889157,188.61705882930764,28.0,0.6438,217.0,33.0,127.0,801.0,28.0,201.0,89.0,257.0,8.420397049736716,126,5,54,57,234.0,-56.0,67.0,6.0,147.0,17.0,-87.0,5950.0,96.0,-17.0,7.867282987119666,61.97187499437237,
5498,878.3036,114.29963221368033,9.341089805398829,155.1067222986945,28.0,0.7073,217.0,33.0,127.0,801.0,28.0,201.0,89.0,257.0,9.258888472105564,124,2,57,56,234.0,-56.0,67.0,6.0,147.0,17.0,-87.0,5950.0,96.0,-17.0,7.8717165081040505,61.97187499437237,
5499,829.83264,97.05532852100946,13.569581350372246,132.48060768867012,28.0,0.7337,200.0,29.0,114.0,741.0,29.0,187.0,83.0,240.0,15.75327270876159,130,3,54,58,235.0,-50.0,68.0,13.0,153.0,23.0,-82.0,5986.0,103.0,25.0,7.876150029088435,61.97187499437237,
5500,941.0032,48.809269586976235,14.368964836674545,154.24452086083613,28.0,0.7316,249.0,39.0,145.0,902.0,27.0,221.0,101.0,290.0,11.147736845760086,143,17,59,53,229.0,-58.0,66.0,40.0,140.0,13.0,-89.0,5836.0,91.0,-20.0,7.795814169385268,61.96979166103923,
5501,905.6718,56.0380512761798,12.137360584544394,154.6327113502282,28.0,0.7313,240.0,37.0,138.0,868.0,27.0,212.0,98.0,281.0,10.070638411643587,130,1,58,54,231.0,-56.0,66.0,43.0,144.0,16.0,-87.0,5875.0,94.0,-18.0,7.800247387564998,61.96979166103923,
5502,877.9429,56.78322020347746,8.607930866681453,161.94613516627868,28.0,0.7228,240.0,37.0,138.0,868.0,27.0,212.0,98.0,281.0,7.196348329373276,129,4,57,53,231.0,-56.0,66.0,43.0,144.0,16.0,-87.0,5875.0,94.0,-18.0,7.8046806057447276,61.96979166103923,
5503,850.22284,64.80382769977423,8.322537724377725,157.48928680415,29.0,0.7126,230.0,35.0,132.0,837.0,28.0,206.0,94.0,271.0,8.06756996355033,130,3,57,54,231.0,-54.0,67.0,46.0,146.0,18.0,-85.0,5869.0,96.0,-16.0,7.809113823924458,61.96979166103923,
5504,821.32184,67.01047172669018,7.491951086088484,158.77586321619586,29.0,0.7171,230.0,35.0,132.0,837.0,28.0,206.0,94.0,271.0,7.430401624812391,125,2,56,55,231.0,-54.0,67.0,46.0,146.0,18.0,-85.0,5869.0,96.0,-16.0,7.813547042104188,61.96979166103923,
5505,794.8033,69.06863470425483,5.9674692608944415,162.66963038602634,29.0,0.7271,225.0,34.0,129.0,819.0,28.0,201.0,92.0,266.0,6.029277683856932,130,2,54,58,231.0,-52.0,67.0,48.0,148.0,20.0,-83.0,5882.0,98.0,-15.0,7.817980260283847,61.96979166103923,
5506,771.86145,78.99554556655744,5.921680904737608,162.228998122535,29.0,0.7372,225.0,34.0,129.0,819.0,28.0,201.0,92.0,266.0,6.315057732785414,138,3,54,59,231.0,-52.0,67.0,48.0,148.0,20.0,-83.0,5882.0,98.0,-15.0,7.822413478463576,61.96979166103923,
5507,752.5449,108.1263376984958,4.095099390611623,167.84813611067977,28.0,0.7261,219.0,33.0,126.0,800.0,28.0,198.0,90.0,260.0,4.3709880665006775,132,5,55,60,232.0,-52.0,67.0,10.0,150.0,20.0,-82.0,5897.0,99.0,-14.0,7.826846696643306,61.96979166103923,
5508,809.6753,217.21598540828805,23.727168591893072,211.57171179002043,28.0,0.5508,232.0,36.0,137.0,849.0,27.0,212.0,94.0,271.0,16.618725476948033,124,3,54,59,232.0,-59.0,67.0,2.0,142.0,13.0,-90.0,5907.0,92.0,-21.0,7.862312442081076,61.96979166103923,
5509,850.35925,215.2007627655865,20.39423243505998,204.6362776306878,28.0,0.59335,217.0,33.0,127.0,801.0,28.0,201.0,89.0,257.0,13.290880435880185,121,4,55,59,234.0,-56.0,67.0,6.0,147.0,17.0,-87.0,5950.0,96.0,-17.0,7.866745660260807,61.96979166103923,
5510,861.38586,161.42436547206938,13.186679025623429,171.54486510389657,28.0,0.62985,217.0,33.0,127.0,801.0,28.0,201.0,89.0,257.0,8.96587925542365,128,1,57,58,234.0,-56.0,67.0,6.0,147.0,17.0,-87.0,5950.0,96.0,-17.0,7.871178878440537,61.96979166103923,
5511,831.77856,107.40069188217473,11.86928899381072,144.48930881817662,28.0,0.6712,200.0,29.0,114.0,741.0,29.0,187.0,83.0,240.0,12.455509041450235,124,2,56,60,235.0,-50.0,68.0,13.0,153.0,23.0,-82.0,5986.0,103.0,25.0,7.875612096620267,61.96979166103923,
5512,938.7056,50.49312736089322,14.84377464306168,153.08962297763733,28.0,0.7377,249.0,39.0,145.0,902.0,27.0,221.0,101.0,290.0,11.241905961770465,137,17,59,53,229.0,-58.0,66.0,40.0,140.0,13.0,-89.0,5836.0,91.0,-20.0,7.799714685859705,61.967708327706085,
5513,900.1285,57.79951198060826,12.27157562498915,153.7729582355513,28.0,0.73725,240.0,37.0,138.0,868.0,27.0,212.0,98.0,281.0,10.067674706254817,129,18,60,52,231.0,-56.0,66.0,43.0,144.0,16.0,-87.0,5875.0,94.0,-18.0,7.804147601282,61.967708327706085,
5514,868.29175,61.71427456722851,10.042272853944928,156.12685441443605,29.0,0.7202,230.0,35.0,132.0,837.0,28.0,206.0,94.0,271.0,8.784340970580205,125,2,58,52,231.0,-54.0,67.0,46.0,146.0,18.0,-85.0,5869.0,96.0,-16.0,7.808580516704297,61.967708327706085,
5515,838.56433,58.02432826145227,9.85170893067718,158.59644962942173,29.0,0.7366,230.0,35.0,132.0,837.0,28.0,206.0,94.0,271.0,8.257894856905853,134,2,56,55,231.0,-54.0,67.0,46.0,146.0,18.0,-85.0,5869.0,96.0,-16.0,7.813013432126593,61.967708327706085,
5516,809.7872,58.48124561884669,9.14427683274807,159.21608023022432,29.0,0.7577,225.0,34.0,129.0,819.0,28.0,201.0,92.0,266.0,7.932794450495158,135,2,54,57,231.0,-52.0,67.0,48.0,148.0,20.0,-83.0,5882.0,98.0,-15.0,7.8174463475488185,61.967708327706085,
5517,822.2083,192.24283627351835,23.32215217694303,190.62770153648682,28.0,0.5701,217.0,33.0,127.0,801.0,28.0,201.0,89.0,257.0,13.852959650575228,127,4,54,57,234.0,-56.0,67.0,6.0,147.0,17.0,-87.0,5950.0,96.0,-17.0,7.870641332616299,61.967708327706085,
5518,817.0025,141.66834848673648,14.04877280900551,162.32345055128545,28.0,0.6025,200.0,29.0,114.0,741.0,29.0,187.0,83.0,240.0,9.95988992295876,127,2,56,59,235.0,-50.0,68.0,13.0,153.0,23.0,-82.0,5986.0,103.0,25.0,7.875074248038594,61.967708327706085,
5519,931.8514,53.45714054025642,15.941196358806339,148.39153976477067,28.0,0.7468,252.0,40.0,148.0,914.0,26.0,224.0,102.0,293.0,12.742419729476847,133,18,60,51,230.0,-61.0,66.0,37.0,138.0,10.0,-92.0,5824.0,88.0,-22.0,7.803614679931815,61.96562499437293,
5520,894.9953,48.70479872936631,13.833286321618642,155.35566909866725,28.0,0.7461,252.0,40.0,148.0,914.0,26.0,224.0,102.0,293.0,10.580267908279941,130,0,58,54,230.0,-61.0,66.0,37.0,138.0,10.0,-92.0,5824.0,88.0,-22.0,7.808047292643887,61.96562499437293,
5521,864.7549,46.283937100101326,12.471827341154128,158.89489417985945,29.0,0.7659,238.0,37.0,139.0,866.0,27.0,213.0,97.0,279.0,9.435257779569278,134,2,55,54,231.0,-57.0,67.0,42.0,143.0,15.0,-88.0,5865.0,93.0,-19.0,7.812479905355959,61.96562499437293,
5522,833.6372,54.788078737735745,11.386208192124753,156.03103685436693,29.0,0.7882,230.0,36.0,135.0,840.0,27.0,207.0,94.0,271.0,9.436872126951677,139,2,56,55,231.0,-55.0,67.0,45.0,145.0,17.0,-86.0,5887.0,95.0,-17.0,7.816912518067959,61.96562499437293,
5523,927.95734,52.20217347351119,14.84756757519485,152.79795857405344,28.0,0.7716,252.0,40.0,148.0,914.0,26.0,224.0,102.0,293.0,11.134155652791915,134,19,57,53,230.0,-61.0,66.0,37.0,138.0,10.0,-92.0,5824.0,88.0,-22.0,7.807514151724782,61.96354166103979,
5524,892.82056,53.771487038067605,13.180680892279886,154.12438276220314,29.0,0.7828,238.0,37.0,139.0,866.0,27.0,213.0,97.0,279.0,10.663889458537291,130,2,56,57,231.0,-57.0,67.0,42.0,143.0,15.0,-88.0,5865.0,93.0,-19.0,7.811946461773828,61.96354166103979,
5525,927.12036,41.64079350357124,18.570247530480675,154.4398101564356,29.0,0.7644,238.0,37.0,139.0,866.0,27.0,213.0,97.0,279.0,12.613401247705392,130,17,56,55,231.0,-57.0,67.0,42.0,143.0,15.0,-88.0,5865.0,93.0,-19.0,7.811413101361752,61.961458327706644,
5526,935.52325,39.84075131001236,20.54215676668845,151.56006969935348,29.0,0.7452,238.0,37.0,139.0,866.0,27.0,213.0,97.0,279.0,14.471884528669676,130,18,56,54,231.0,-57.0,67.0,42.0,143.0,15.0,-88.0,5865.0,93.0,-19.0,7.8153115289657595,61.9593749943735,
5527,900.15533,50.217286439128884,20.566284501812692,142.63994345803488,29.0,0.7397,230.0,36.0,135.0,843.0,27.0,209.0,94.0,271.0,15.861940909542417,124,3,58,53,231.0,-57.0,67.0,44.0,144.0,16.0,-87.0,5917.0,94.0,-18.0,7.827537918436255,61.955208327707204,
5528,947.50793,51.03366058212896,21.286688773914165,140.33163024002098,29.0,0.7346,230.0,36.0,135.0,843.0,27.0,209.0,94.0,271.0,16.662397690202106,122,3,59,52,231.0,-57.0,67.0,44.0,144.0,16.0,-87.0,5917.0,94.0,-18.0,7.827003680811255,61.953124994374065,
5529,933.8505,47.21938538672572,22.407673789178187,142.44807628666328,28.0,0.7532,234.0,37.0,139.0,859.0,27.0,215.0,95.0,274.0,16.581173538473035,124,2,61,51,232.0,-59.0,67.0,2.0,142.0,13.0,-90.0,5896.0,92.0,-21.0,7.83479584079922,61.94895832770776,
5530,925.28674,56.95202235141787,19.34718981830342,138.44490022315514,28.0,0.76605,234.0,37.0,139.0,859.0,27.0,215.0,95.0,274.0,16.15635005798399,118,5,60,54,232.0,-59.0,67.0,2.0,142.0,13.0,-90.0,5896.0,92.0,-21.0,7.838691138789287,61.94687499437462,
5531,964.19794,63.87413913163077,17.62296464124018,136.88462858421826,28.0,0.7505,234.0,37.0,139.0,859.0,27.0,215.0,95.0,274.0,15.572873970455282,127,18,60,53,232.0,-59.0,67.0,2.0,142.0,13.0,-90.0,5896.0,92.0,-21.0,7.83815632740317,61.944791661041464,
5532,908.2567,58.41113158912148,17.101881087065955,142.1521652204885,28.0,0.7633,220.0,34.0,129.0,811.0,28.0,203.0,90.0,261.0,14.521700169078182,133,4,59,55,233.0,-55.0,67.0,6.0,147.0,17.0,-86.0,5940.0,96.0,-17.0,7.842585915607224,61.944791661041464,
5533,948.09094,60.38114318761219,17.480902665199903,139.0482697735239,28.0,0.7675,220.0,34.0,129.0,811.0,28.0,203.0,90.0,261.0,15.394283833513642,134,18,55,54,233.0,-55.0,67.0,6.0,147.0,17.0,-86.0,5940.0,96.0,-17.0,7.842050885363415,61.942708327708324,
5534,942.17896,168.40703037050204,57.727596082640694,161.72452685374336,27.0,0.76565,154.0,29.0,106.0,696.0,29.0,221.0,81.0,236.0,30.6438958078842,135,5,56,55,279.0,-81.0,78.0,-45.0,160.0,8.0,-119.0,7107.0,101.0,90.0,8.793747470083183,61.94062499437517,
5535,910.3619,166.87012108404662,54.08590890906677,161.92928305104866,27.0,0.8033,154.0,29.0,106.0,696.0,29.0,221.0,81.0,236.0,28.13739568704037,132,5,56,56,279.0,-81.0,78.0,-45.0,160.0,8.0,-119.0,7107.0,101.0,90.0,8.798176453951102,61.94062499437517,
5536,892.097,172.0186197972578,55.290619644724615,168.54908411343976,27.0,0.7723,154.0,29.0,106.0,696.0,29.0,221.0,81.0,236.0,28.51004727722545,116,5,56,58,280.0,-82.0,77.0,-45.0,160.0,7.0,-120.0,7145.0,102.0,90.0,8.802605437819022,61.94062499437517,
5537,880.00323,173.44070726460805,52.204298105041914,170.71537111877356,27.0,0.8035,154.0,29.0,106.0,696.0,29.0,221.0,81.0,236.0,27.453875306569998,121,6,55,55,280.0,-82.0,77.0,-45.0,160.0,7.0,-120.0,7145.0,102.0,90.0,8.807034421686941,61.94062499437517,
5538,866.18634,175.93094197111776,49.605630103769585,174.83770968935082,27.0,0.8086,154.0,29.0,106.0,696.0,29.0,221.0,81.0,236.0,26.21475462315227,117,7,55,56,281.0,-82.0,78.0,-46.0,161.0,7.0,-120.0,7168.0,102.0,91.0,8.81146340555479,61.94062499437517,
5539,859.3139,178.21411714150332,48.61380399548414,177.9845321154378,27.0,0.78115,154.0,29.0,106.0,696.0,29.0,221.0,81.0,236.0,25.389791043301088,117,5,58,55,281.0,-82.0,78.0,-46.0,161.0,7.0,-120.0,7168.0,102.0,91.0,8.81589238942271,61.94062499437517,
5540,857.01874,177.6400874584394,48.11655528830667,177.18522928737116,27.0,0.77695,154.0,29.0,106.0,697.0,29.0,222.0,81.0,236.0,25.31053031843474,115,5,55,54,281.0,-82.0,78.0,-46.0,161.0,7.0,-120.0,7158.0,102.0,91.0,8.820321373290632,61.94062499437517,
5541,852.2153,177.99712576195586,47.125617636825034,177.5991074088599,27.0,0.7396,153.0,29.0,106.0,696.0,29.0,222.0,81.0,236.0,25.267554331313,111,10,57,56,282.0,-82.0,78.0,-45.0,162.0,8.0,-120.0,7190.0,103.0,92.0,8.829179341026471,61.94062499437517,
5542,848.2509,177.22129078034754,48.142972737283955,176.9067572792431,27.0,0.7064,153.0,29.0,106.0,695.0,29.0,222.0,81.0,236.0,25.00283592839056,118,5,57,59,281.0,-82.0,78.0,-46.0,161.0,8.0,-120.0,7199.0,103.0,91.0,8.833608324894392,61.94062499437517,
5543,838.5138,169.94782458437803,42.51433169130595,168.37646950124582,27.0,0.6201,153.0,29.0,106.0,695.0,29.0,222.0,81.0,236.0,21.549116746204227,121,6,58,58,281.0,-82.0,78.0,-46.0,161.0,8.0,-120.0,7199.0,103.0,91.0,8.838037308762312,61.94062499437517,
5544,828.3445,176.18540752689296,32.56399034234492,176.29235129555,27.0,0.64745,153.0,29.0,106.0,697.0,28.0,222.0,81.0,236.0,17.32764006707241,122,7,57,55,282.0,-82.0,78.0,-45.0,162.0,8.0,-120.0,7226.0,103.0,92.0,8.842466292630231,61.94062499437517,
5545,820.95605,175.3216130252798,26.89012129330149,175.8141605704026,27.0,0.7,153.0,29.0,106.0,697.0,28.0,222.0,81.0,236.0,14.751834383025843,108,5,55,55,282.0,-82.0,78.0,-45.0,162.0,8.0,-120.0,7226.0,103.0,92.0,8.84689527649808,61.94062499437517,
5546,873.2607,198.70783942151795,19.134619125742873,191.41825869547884,27.0,0.7934,156.0,31.0,110.0,711.0,28.0,228.0,83.0,241.0,11.022232321185786,107,4,50,55,284.0,-85.0,78.0,-48.0,160.0,6.0,-124.0,7241.0,101.0,90.0,8.90447206678097,61.94062499437517,
5547,904.80927,207.6653847791671,21.95141698736712,198.60904045977495,27.0,0.78705,158.0,31.0,112.0,720.0,28.0,231.0,84.0,244.0,13.044546189847951,107,3,49,54,283.0,-86.0,78.0,-50.0,158.0,4.0,-125.0,7192.0,99.0,87.0,8.913330034516811,61.94062499437517,
5548,889.11145,166.76046333843072,37.83171160116222,166.32875022339354,27.0,0.7722,154.0,29.0,106.0,695.0,29.0,220.0,81.0,235.0,21.247522482744916,108,7,56,58,280.0,-81.0,77.0,-45.0,160.0,8.0,-120.0,7118.0,102.0,90.0,8.784290292053027,61.93854166104202,
5549,866.6633,163.94464010121763,36.88522932000077,163.22918283895433,27.0,0.8045,154.0,29.0,106.0,695.0,29.0,220.0,81.0,235.0,20.33949901649582,124,5,55,57,280.0,-81.0,77.0,-45.0,160.0,8.0,-120.0,7118.0,102.0,90.0,8.7887189738235,61.93854166104202,
5550,845.60767,165.5380214011507,30.930246510878316,168.04301179253545,27.0,0.80255,154.0,29.0,106.0,696.0,29.0,221.0,81.0,236.0,16.34460514203886,117,6,54,56,279.0,-81.0,78.0,-45.0,160.0,8.0,-119.0,7107.0,101.0,90.0,8.793147655593968,61.93854166104202,
5551,827.6406,160.85036078644583,26.400016147043047,165.39319347070042,27.0,0.79285,154.0,29.0,106.0,696.0,29.0,221.0,81.0,236.0,14.644482561159473,120,4,56,57,279.0,-81.0,78.0,-45.0,160.0,8.0,-119.0,7107.0,101.0,90.0,8.797576337364438,61.93854166104202,
5552,809.2421,160.50196071363587,23.032863396940794,166.58639773120026,27.0,0.7982,154.0,29.0,106.0,696.0,29.0,221.0,81.0,236.0,13.11355986878611,118,5,58,58,280.0,-82.0,77.0,-45.0,160.0,7.0,-120.0,7145.0,102.0,90.0,8.802005019134905,61.93854166104202,
5553,797.7113,165.86999936827138,20.99280520258611,174.5199159595629,27.0,0.7498,154.0,29.0,106.0,696.0,29.0,221.0,81.0,236.0,10.717846485943037,112,4,58,59,280.0,-82.0,77.0,-45.0,160.0,7.0,-120.0,7145.0,102.0,90.0,8.806433700905373,61.93854166104202,
5554,791.5013,174.2236019158723,17.91168484630825,178.0138003723718,27.0,0.7191,154.0,29.0,106.0,696.0,29.0,221.0,81.0,236.0,9.168480871579948,117,6,58,59,281.0,-82.0,78.0,-46.0,161.0,7.0,-120.0,7168.0,102.0,91.0,8.810862382675772,61.93854166104202,
5555,788.6155,178.16359242856944,13.992440248011055,178.9361840679013,27.0,0.7168,154.0,29.0,106.0,697.0,29.0,222.0,81.0,236.0,6.963376552382961,119,6,55,56,281.0,-82.0,78.0,-46.0,161.0,7.0,-120.0,7158.0,102.0,91.0,8.82414842798718,61.93854166104202,
5556,787.29047,190.2164578583126,12.345256348629993,180.9845082063196,27.0,0.65675,153.0,29.0,106.0,696.0,29.0,222.0,81.0,236.0,5.813676048469552,119,5,55,57,282.0,-82.0,78.0,-45.0,162.0,8.0,-120.0,7190.0,103.0,92.0,8.828577109757648,61.93854166104202,
5557,786.2171,164.05398843503693,11.449854678527512,177.41444201187983,27.0,0.5994,153.0,29.0,106.0,696.0,29.0,222.0,81.0,236.0,5.629342328693446,110,6,57,56,282.0,-82.0,78.0,-45.0,162.0,8.0,-120.0,7190.0,103.0,92.0,8.833005791528118,61.93854166104202,
5558,782.56134,159.406254255911,12.412623896726117,177.87722909397436,27.0,0.5742,153.0,29.0,106.0,695.0,29.0,222.0,81.0,236.0,6.553377978659611,124,7,59,57,281.0,-82.0,78.0,-46.0,161.0,8.0,-120.0,7199.0,103.0,91.0,8.837434473298586,61.93854166104202,
5559,833.24884,191.9264283782582,17.26735457739151,186.27109725428156,27.0,0.7826,156.0,31.0,110.0,711.0,28.0,228.0,83.0,241.0,10.281530509462195,115,3,54,57,284.0,-85.0,78.0,-48.0,160.0,6.0,-124.0,7241.0,101.0,90.0,8.90386469985548,61.93854166104202,
5560,858.0774,196.9346950242322,20.16243706876594,191.27935114887262,27.0,0.80695,158.0,31.0,112.0,720.0,28.0,231.0,84.0,244.0,11.918974983581204,119,3,50,54,283.0,-86.0,78.0,-50.0,158.0,4.0,-125.0,7192.0,99.0,87.0,8.912722063396417,61.93854166104202,
5561,976.09357,170.14953711710766,69.12154781401442,163.00809576726348,27.0,0.6858,169.0,32.0,118.0,748.0,27.0,234.0,86.0,249.0,34.658902914674684,126,5,51,56,273.0,-87.0,76.0,-54.0,149.0,-1.0,-124.0,6913.0,90.0,80.0,8.757120896788381,61.93645832770888,
5562,881.43567,166.4344936840578,45.45973823052696,162.0681160587662,27.0,0.7581,158.0,30.0,109.0,709.0,28.0,224.0,82.0,239.0,25.219948670126815,110,7,56,56,277.0,-83.0,77.0,-48.0,156.0,5.0,-121.0,7056.0,98.0,87.0,8.770406035948552,61.93645832770888,
5563,856.21454,166.71325409140928,35.278725805982084,165.9881867925373,27.0,0.7747,158.0,30.0,109.0,709.0,28.0,224.0,82.0,239.0,19.74111305065648,109,6,55,56,277.0,-83.0,77.0,-48.0,156.0,5.0,-121.0,7056.0,98.0,87.0,8.774834415668634,61.93645832770888,
5564,838.3171,165.87760342221637,26.697871716557803,168.77265425476398,27.0,0.7655,155.0,29.0,106.0,698.0,28.0,221.0,81.0,236.0,14.71572172693889,118,3,57,58,278.0,-81.0,77.0,-46.0,159.0,7.0,-119.0,7082.0,100.0,89.0,8.779262795388714,61.93645832770888,
5565,831.02313,176.793803320574,19.64895210696197,178.18170052631697,27.0,0.7532,154.0,29.0,106.0,695.0,29.0,220.0,81.0,235.0,11.401528097638613,121,2,57,57,280.0,-81.0,77.0,-45.0,160.0,8.0,-120.0,7118.0,102.0,90.0,8.783691175108794,61.93645832770888,
5566,819.93677,141.1515895691191,14.043566447866333,164.32565354420873,27.0,0.732,154.0,29.0,106.0,695.0,29.0,220.0,81.0,235.0,8.930668991001848,127,5,58,59,280.0,-81.0,77.0,-45.0,160.0,8.0,-120.0,7118.0,102.0,90.0,8.788119554828876,61.93645832770888,
5567,802.00415,149.3051781767907,13.050749933908348,169.99640359415645,27.0,0.74615,154.0,29.0,106.0,696.0,29.0,221.0,81.0,236.0,7.763417821081678,132,6,59,58,279.0,-81.0,78.0,-45.0,160.0,8.0,-119.0,7107.0,101.0,90.0,8.792547934548958,61.93645832770888,
5568,790.25586,168.79975580121595,10.192905551358248,174.4714685053385,27.0,0.7137,154.0,29.0,106.0,696.0,29.0,221.0,81.0,236.0,5.762558754948411,134,5,59,59,279.0,-81.0,78.0,-45.0,160.0,8.0,-119.0,7107.0,101.0,90.0,8.796976314269038,61.93645832770888,
5569,816.60223,186.50884984644478,24.144171307820628,185.43202443643364,27.0,0.8008,158.0,31.0,112.0,720.0,28.0,231.0,84.0,244.0,13.439218981660785,104,4,55,54,283.0,-86.0,78.0,-50.0,158.0,4.0,-125.0,7192.0,99.0,87.0,8.916542566711017,61.93645832770888,
5570,910.0531,162.68687178841006,48.378348491104525,156.0447133067236,28.0,0.81945,176.0,34.0,123.0,771.0,26.0,240.0,88.0,255.0,26.91036797619307,106,8,50,57,271.0,-89.0,76.0,-57.0,145.0,-4.0,-126.0,6848.0,87.0,76.0,8.747667529760053,61.93437499437574,
5571,881.1389,167.57530893877137,42.49293395458712,165.2437239197214,27.0,0.8071,169.0,32.0,118.0,748.0,27.0,234.0,86.0,249.0,23.141743084155806,118,3,56,57,273.0,-87.0,76.0,-54.0,149.0,-1.0,-124.0,6913.0,90.0,80.0,8.752095607476798,61.93437499437574,
5572,860.32733,166.81380075454214,36.54161935991221,166.38474028713867,27.0,0.77815,169.0,32.0,118.0,748.0,27.0,234.0,86.0,249.0,20.66310595128852,106,4,55,58,273.0,-87.0,76.0,-54.0,149.0,-1.0,-124.0,6913.0,90.0,80.0,8.756523685193546,61.93437499437574,
5573,841.15686,167.32155305155828,31.81583872487162,168.04749314700265,27.0,0.78285,162.0,31.0,112.0,722.0,28.0,227.0,83.0,242.0,17.820110509078212,96,5,54,57,276.0,-85.0,77.0,-51.0,154.0,2.0,-122.0,7031.0,95.0,84.0,8.760951762910292,61.93437499437574,
5574,827.10394,165.60486058095017,26.245776440770126,169.35800690404974,27.0,0.7623,162.0,31.0,112.0,722.0,28.0,227.0,83.0,242.0,13.634353497434851,104,4,56,59,276.0,-85.0,77.0,-51.0,154.0,2.0,-122.0,7031.0,95.0,84.0,8.76537984062704,61.93437499437574,
5575,815.60443,167.00759673567788,18.94593015415086,173.42186283351197,27.0,0.7526,158.0,30.0,109.0,709.0,28.0,224.0,82.0,239.0,9.71326743210463,117,4,56,58,277.0,-83.0,77.0,-48.0,156.0,5.0,-121.0,7056.0,98.0,87.0,8.769807918343714,61.93437499437574,
5576,806.62085,166.50562152892869,13.917129710508087,174.878190755269,27.0,0.7174,158.0,30.0,109.0,709.0,28.0,224.0,82.0,239.0,7.599717970880498,115,3,60,59,277.0,-83.0,77.0,-48.0,156.0,5.0,-121.0,7056.0,98.0,87.0,8.774235996060458,61.93437499437574,
5577,799.38525,165.51235412632093,11.437005558532078,174.2620700470178,27.0,0.7191,155.0,29.0,106.0,698.0,28.0,221.0,81.0,236.0,7.443016555829065,112,1,57,60,278.0,-81.0,77.0,-46.0,159.0,7.0,-119.0,7082.0,100.0,89.0,8.778664073777206,61.93437499437574,
5578,795.5631,190.37771983586495,10.384755280172458,184.23631417209603,27.0,0.6801,155.0,29.0,106.0,698.0,28.0,221.0,81.0,236.0,6.274667356082173,120,3,59,58,278.0,-81.0,77.0,-46.0,159.0,7.0,-119.0,7082.0,100.0,89.0,8.783092151493952,61.93437499437574,
5579,784.1999,211.9261342178609,8.291875543698772,180.64749204060593,27.0,0.58925,154.0,29.0,106.0,697.0,29.0,222.0,81.0,236.0,3.8035382722510476,136,8,59,58,281.0,-82.0,78.0,-46.0,161.0,7.0,-120.0,7158.0,102.0,91.0,8.818516773227852,61.93437499437574,
5580,762.75006,173.04785829810723,18.383028091617604,182.39400740551562,27.0,0.7714,158.0,31.0,112.0,720.0,28.0,231.0,84.0,244.0,14.41868058254399,115,4,57,55,283.0,-86.0,78.0,-50.0,158.0,4.0,-125.0,7192.0,99.0,87.0,8.915934482996127,61.93437499437574,
5581,937.99695,165.82341427857608,58.91617918613939,158.56891072293254,27.0,0.756,154.0,28.0,105.0,689.0,29.0,218.0,80.0,233.0,29.76606771754626,126,4,53,58,277.0,-81.0,77.0,-45.0,159.0,8.0,-118.0,7075.0,101.0,90.0,8.729359912062444,61.93229166104258,
5582,902.3601,163.93492237329542,51.51769746165947,158.82742680512933,27.0,0.7953,153.0,28.0,104.0,687.0,29.0,218.0,80.0,233.0,25.566082540773692,128,6,56,58,278.0,-80.0,77.0,-44.0,160.0,8.0,-118.0,7074.0,101.0,90.0,8.7337876878229,61.93229166104258,
5583,869.7409,160.48876306292632,40.61721878299837,157.32349535060982,27.0,0.8091,153.0,28.0,104.0,687.0,29.0,218.0,80.0,233.0,22.040769408310638,111,7,56,58,278.0,-80.0,77.0,-44.0,160.0,8.0,-118.0,7074.0,101.0,90.0,8.738215463583353,61.93229166104258,
5584,844.3105,159.8407605355635,31.51686320373137,162.53391622136607,27.0,0.8229,153.0,28.0,104.0,687.0,29.0,218.0,80.0,233.0,17.934914421255073,107,4,55,57,278.0,-80.0,77.0,-44.0,160.0,8.0,-118.0,7074.0,101.0,90.0,8.742643239343806,61.93229166104258,
5585,826.98047,165.19742695114695,24.57959303004396,169.10668851273488,27.0,0.8205,153.0,28.0,104.0,687.0,29.0,218.0,80.0,233.0,13.853839348505442,100,4,56,58,278.0,-80.0,77.0,-44.0,160.0,8.0,-118.0,7074.0,101.0,90.0,8.747071015104261,61.93229166104258,
5586,814.85864,172.01814348864195,18.32814621822653,176.01828502620066,27.0,0.78765,153.0,28.0,104.0,687.0,29.0,218.0,80.0,233.0,9.37488064260776,99,3,57,58,278.0,-81.0,77.0,-45.0,160.0,8.0,-118.0,7101.0,101.0,90.0,8.751498790864714,61.93229166104258,
5587,808.41974,169.1319641430842,14.245592461787817,175.80704704043416,27.0,0.7629,153.0,28.0,104.0,687.0,29.0,218.0,80.0,233.0,7.238975872756677,102,4,57,59,278.0,-81.0,77.0,-45.0,160.0,8.0,-118.0,7101.0,101.0,90.0,8.755926566625169,61.93229166104258,
5588,801.1259,156.49916133976285,10.545521861303126,170.98325384134978,27.0,0.7714,153.0,29.0,105.0,689.0,29.0,218.0,80.0,234.0,6.626827841230405,115,5,57,58,279.0,-81.0,77.0,-45.0,160.0,8.0,-119.0,7112.0,102.0,90.0,8.760354342385623,61.93229166104258,
5589,793.5268,162.04441907798255,8.159705658300975,176.27254168279921,27.0,0.70195,153.0,29.0,105.0,689.0,29.0,218.0,80.0,234.0,4.777964580154909,121,4,59,58,279.0,-81.0,77.0,-45.0,160.0,8.0,-119.0,7112.0,102.0,90.0,8.764782118146076,61.93229166104258,
5590,790.0667,178.85043001691264,5.980987718071758,179.56133264325842,27.0,0.6606,154.0,29.0,106.0,696.0,29.0,221.0,81.0,236.0,2.7105924463865496,128,3,60,60,278.0,-81.0,77.0,-46.0,159.0,7.0,-119.0,7082.0,100.0,89.0,8.769209893906458,61.93229166104258,
5591,797.7475,326.4452560583595,16.79438933633304,187.56802174884294,27.0,0.6861,163.0,31.0,114.0,728.0,28.0,230.0,84.0,244.0,9.89802266049858,134,5,55,60,277.0,-87.0,77.0,-52.0,153.0,1.0,-124.0,7053.0,94.0,83.0,8.804632099990089,61.93229166104258,
5592,807.30347,254.6852991465171,20.201967646906713,185.91082340966963,27.0,0.7068,164.0,32.0,115.0,734.0,27.0,233.0,85.0,247.0,12.290943216154325,134,4,55,58,276.0,-86.0,77.0,-52.0,152.0,1.0,-124.0,7021.0,93.0,83.0,8.80905987575047,61.93229166104258,
5593,816.4689,294.18614896492767,22.121859588191107,187.38307223553957,27.0,0.7322,164.0,32.0,115.0,734.0,27.0,233.0,85.0,247.0,13.709697728247141,138,5,57,57,276.0,-86.0,77.0,-52.0,152.0,1.0,-124.0,7021.0,93.0,83.0,8.813487651510926,61.93229166104258,
5594,821.5939,232.2602126161417,22.354819159103876,181.77950258800567,27.0,0.7695,164.0,32.0,115.0,736.0,28.0,233.0,85.0,247.0,13.3046937685179,136,6,56,57,276.0,-87.0,77.0,-53.0,151.0,0.0,-125.0,7022.0,93.0,82.0,8.817915427271378,61.93229166104258,
5595,823.30725,188.29442886031782,23.10872906234974,181.15037231528322,27.0,0.77515,164.0,32.0,115.0,736.0,28.0,233.0,85.0,247.0,13.971389478358267,132,4,57,58,276.0,-87.0,77.0,-53.0,151.0,0.0,-125.0,7022.0,93.0,82.0,8.822343203031833,61.93229166104258,
5596,822.36383,108.60036499666795,23.586524927765502,177.06701714725446,27.0,0.77415,167.0,32.0,117.0,745.0,27.0,236.0,86.0,250.0,14.597780058088366,139,5,55,55,276.0,-88.0,77.0,-55.0,150.0,-1.0,-126.0,7003.0,91.0,80.0,8.826770978792288,61.93229166104258,
5597,821.5629,208.7803851950369,24.258184915804538,181.90739354154329,27.0,0.7671,167.0,32.0,117.0,745.0,27.0,236.0,86.0,250.0,14.679269154748333,134,2,57,56,276.0,-88.0,77.0,-55.0,150.0,-1.0,-126.0,7003.0,91.0,80.0,8.83119875455274,61.93229166104258,
5598,821.881,224.14789806416348,25.091002179979697,183.3379710766489,28.0,0.7639,170.0,33.0,120.0,758.0,27.0,240.0,88.0,254.0,14.954732851137605,144,3,57,58,275.0,-90.0,77.0,-57.0,148.0,-3.0,-127.0,6997.0,90.0,78.0,8.835626530313194,61.93229166104258,
5599,822.7181,163.34526219290947,26.212716807785863,178.61281119852376,28.0,0.77865,170.0,33.0,120.0,758.0,27.0,240.0,88.0,254.0,15.154603639617147,142,4,56,55,275.0,-90.0,77.0,-57.0,148.0,-3.0,-127.0,6997.0,90.0,78.0,8.840054306073647,61.93229166104258,
5600,827.17725,195.36977526924218,30.42542604476878,183.93920488887915,27.0,0.76595,166.0,32.0,117.0,744.0,27.0,236.0,86.0,250.0,17.148735796738176,137,4,57,54,276.0,-88.0,77.0,-55.0,150.0,-1.0,-126.0,7024.0,92.0,81.0,8.844482081834029,61.93229166104258,
5601,831.51624,175.78679580683567,33.07857036717992,181.4543025601657,27.0,0.765,166.0,32.0,117.0,744.0,27.0,236.0,86.0,250.0,17.905129799522765,143,5,58,55,276.0,-88.0,77.0,-55.0,150.0,-1.0,-126.0,7024.0,92.0,81.0,8.848909857594485,61.93229166104258,
5602,828.3677,130.21897060733994,28.22440801556418,177.37096763431595,27.0,0.77405,163.0,32.0,115.0,733.0,27.0,233.0,85.0,247.0,15.468307909909544,145,4,58,53,279.0,-87.0,77.0,-53.0,154.0,1.0,-125.0,7090.0,95.0,84.0,8.85333763335494,61.93229166104258,
5603,823.9502,130.19582891543152,21.833569852198103,177.2418883002746,27.0,0.78025,163.0,32.0,115.0,733.0,27.0,233.0,85.0,247.0,12.512103123615807,148,5,57,54,279.0,-87.0,77.0,-53.0,154.0,1.0,-125.0,7090.0,95.0,84.0,8.862193184875846,61.93229166104258,
5604,818.6433,124.32289024413687,22.018654848804893,178.11693119957206,27.0,0.76045,163.0,32.0,115.0,733.0,27.0,233.0,85.0,247.0,12.320867768980419,147,4,56,54,279.0,-87.0,77.0,-53.0,154.0,1.0,-125.0,7090.0,95.0,84.0,8.8666209606363,61.93229166104258,
5605,815.85565,116.5484408902547,20.230215386652866,178.58161405289974,27.0,0.7422,160.0,31.0,112.0,725.0,28.0,232.0,85.0,245.0,11.457664329160727,143,3,57,54,280.0,-87.0,78.0,-51.0,155.0,2.0,-125.0,7128.0,96.0,85.0,8.871048736396753,61.93229166104258,
5606,813.02014,143.97080121191723,18.077331209098457,178.3171671831429,27.0,0.72205,159.0,31.0,112.0,722.0,28.0,231.0,84.0,244.0,11.279945500409895,147,3,58,53,280.0,-87.0,78.0,-51.0,156.0,3.0,-124.0,7148.0,97.0,86.0,8.875476512157208,61.93229166104258,
5607,810.09796,105.40434523455552,16.042059925359474,175.4987242471584,27.0,0.7581,159.0,31.0,112.0,722.0,28.0,231.0,84.0,244.0,9.848285399375875,136,5,57,55,280.0,-87.0,78.0,-51.0,156.0,3.0,-124.0,7148.0,97.0,86.0,8.879904287917661,61.93229166104258,
5608,790.4535,150.6068377467958,14.093092663813652,179.947420562928,27.0,0.7302,158.0,31.0,112.0,720.0,28.0,231.0,84.0,244.0,7.815357135516749,129,3,59,57,283.0,-87.0,78.0,-51.0,158.0,3.0,-125.0,7226.0,99.0,87.0,8.90204316671986,61.93229166104258,
5609,905.8766,156.6163825630124,36.9049567432737,154.31473651350223,27.0,0.796,154.0,28.0,105.0,692.0,29.0,218.0,80.0,234.0,21.41736241917883,116,4,56,56,276.0,-80.0,77.0,-45.0,158.0,7.0,-118.0,7031.0,100.0,89.0,8.719909750253168,61.93020832770943,
5610,875.7457,158.35439772583638,33.20469930042539,159.88428852225607,27.0,0.81465,154.0,28.0,105.0,692.0,29.0,218.0,80.0,234.0,18.98048743116867,111,4,55,59,276.0,-80.0,77.0,-45.0,158.0,7.0,-118.0,7031.0,100.0,89.0,8.72433722410436,61.93020832770943,
5611,851.6468,157.13964887011045,27.160171926726214,163.95446334485587,27.0,0.80255,154.0,28.0,105.0,689.0,29.0,218.0,80.0,233.0,15.764589405200832,113,4,55,58,277.0,-81.0,77.0,-45.0,159.0,8.0,-118.0,7075.0,101.0,90.0,8.728764697955482,61.93020832770943,
5612,829.8776,153.25746509843586,20.92442482475581,166.4421635324057,27.0,0.7965,154.0,28.0,105.0,689.0,29.0,218.0,80.0,233.0,11.93807756119495,123,4,55,59,277.0,-81.0,77.0,-45.0,159.0,8.0,-118.0,7075.0,101.0,90.0,8.733192171806676,61.93020832770943,
5613,813.45886,154.5304088649639,14.933031641419877,171.90561479310693,27.0,0.7721,153.0,28.0,104.0,687.0,29.0,218.0,80.0,233.0,7.9460485401265135,114,3,55,58,278.0,-80.0,77.0,-44.0,160.0,8.0,-118.0,7074.0,101.0,90.0,8.737619645657869,61.93020832770943,
5614,806.08014,155.12959269145443,9.961091418614005,173.58406366555897,27.0,0.7457,153.0,28.0,104.0,687.0,29.0,218.0,80.0,233.0,5.671965068219345,111,5,57,59,278.0,-80.0,77.0,-44.0,160.0,8.0,-118.0,7074.0,101.0,90.0,8.742047119509062,61.93020832770943,
5615,795.18677,152.10048678176733,4.556091952505034,178.30510731328607,27.0,0.6454,153.0,28.0,104.0,687.0,29.0,218.0,80.0,233.0,2.4846353711931735,123,5,58,57,278.0,-81.0,77.0,-45.0,160.0,8.0,-118.0,7101.0,101.0,90.0,8.750902067211449,61.93020832770943,
5616,793.29755,114.73537978816955,3.2672595101323854,178.90654579660708,27.0,0.63125,153.0,28.0,104.0,687.0,29.0,218.0,80.0,233.0,1.474925115335184,126,4,59,58,278.0,-81.0,77.0,-45.0,160.0,8.0,-118.0,7101.0,101.0,90.0,8.755329541062643,61.93020832770943,
5617,809.42053,270.0028577013001,19.672375374408432,189.6694399397,27.0,0.7332,158.0,30.0,109.0,712.0,28.0,226.0,83.0,240.0,11.87232633256449,143,5,54,56,278.0,-84.0,77.0,-49.0,156.0,4.0,-122.0,7074.0,97.0,87.0,8.790749331872119,61.93020832770943,
5618,818.85486,272.27046995939315,23.965625082063305,190.57504106279282,27.0,0.7849,161.0,31.0,112.0,723.0,28.0,229.0,84.0,243.0,14.923794102572966,137,4,56,55,277.0,-85.0,77.0,-50.0,154.0,3.0,-123.0,7046.0,96.0,84.0,8.795176805723312,61.93020832770943,
5619,836.61096,284.55489391009615,26.442155435179735,193.55371457937554,27.0,0.78925,161.0,31.0,112.0,723.0,28.0,229.0,84.0,243.0,16.393952403894207,147,4,54,58,277.0,-85.0,77.0,-50.0,154.0,3.0,-123.0,7046.0,96.0,84.0,8.799604279574504,61.93020832770943,
5620,852.4199,311.4958927000417,26.76713134580614,190.18224668090895,27.0,0.80505,163.0,31.0,114.0,728.0,28.0,230.0,84.0,244.0,15.36495090410268,143,5,59,59,277.0,-87.0,77.0,-52.0,153.0,1.0,-124.0,7053.0,94.0,83.0,8.804031753425697,61.93020832770943,
5621,865.0237,322.6734289339865,28.504362865392466,188.3166402273241,27.0,0.7998,164.0,32.0,115.0,734.0,27.0,233.0,85.0,247.0,16.081340884545547,139,5,60,58,276.0,-86.0,77.0,-52.0,152.0,1.0,-124.0,7021.0,93.0,83.0,8.80845922727682,61.93020832770943,
5622,876.97516,287.8333229386951,30.95504133360003,187.92096702245317,27.0,0.7977,164.0,32.0,115.0,734.0,27.0,233.0,85.0,247.0,16.93784626261605,138,6,59,58,276.0,-86.0,77.0,-52.0,152.0,1.0,-124.0,7021.0,93.0,83.0,8.812886701128013,61.93020832770943,
5623,882.9486,189.8512765505061,32.78489869865877,183.8001740902515,27.0,0.7977,164.0,32.0,115.0,736.0,28.0,233.0,85.0,247.0,17.77372036193604,132,5,54,57,276.0,-87.0,77.0,-53.0,151.0,0.0,-125.0,7022.0,93.0,82.0,8.817314174979208,61.93020832770943,
5624,886.9328,140.01973053273494,34.00890143998938,181.7693429605293,27.0,0.78975,164.0,32.0,115.0,736.0,28.0,233.0,85.0,247.0,18.216035742208213,133,3,56,57,276.0,-87.0,77.0,-53.0,151.0,0.0,-125.0,7022.0,93.0,82.0,8.821741648830402,61.93020832770943,
5625,890.71295,163.57193295357987,35.69822792698661,181.68717212286347,27.0,0.8071,167.0,32.0,117.0,745.0,27.0,236.0,86.0,250.0,19.17217580149244,143,4,58,56,276.0,-88.0,77.0,-55.0,150.0,-1.0,-126.0,7003.0,91.0,80.0,8.826169122681595,61.93020832770943,
5626,891.94135,173.54291871690822,37.38083639443605,182.55813094333112,27.0,0.797,167.0,32.0,117.0,745.0,27.0,236.0,86.0,250.0,20.39691677390114,142,0,56,57,276.0,-88.0,77.0,-55.0,150.0,-1.0,-126.0,7003.0,91.0,80.0,8.830596596532788,61.93020832770943,
5627,896.596,227.03823073841005,40.3232556391513,185.63196855728344,28.0,0.7807,170.0,33.0,120.0,758.0,27.0,240.0,88.0,254.0,22.207743125934172,138,1,56,58,275.0,-90.0,77.0,-57.0,148.0,-3.0,-127.0,6997.0,90.0,78.0,8.83502407038398,61.93020832770943,
5628,937.82,177.72955927738252,51.966127775572964,181.57739379699626,27.0,0.74655,166.0,32.0,117.0,744.0,27.0,236.0,86.0,250.0,29.1503224818933,145,3,60,56,276.0,-88.0,77.0,-55.0,150.0,-1.0,-126.0,7024.0,92.0,81.0,8.84830649193749,61.93020832770943,
5629,920.10046,49.548647815417,44.0350256667126,166.25429743692035,27.0,0.769,163.0,32.0,115.0,733.0,27.0,233.0,85.0,247.0,25.717247516684463,141,3,58,53,279.0,-87.0,77.0,-53.0,154.0,1.0,-125.0,7090.0,95.0,84.0,8.852733965788683,61.93020832770943,
5630,902.15674,88.74789424677387,33.15032834303679,168.65073123125916,27.0,0.78655,163.0,32.0,115.0,733.0,27.0,233.0,85.0,247.0,20.189938806331586,147,4,57,55,279.0,-87.0,77.0,-53.0,154.0,1.0,-125.0,7090.0,95.0,84.0,8.857161439639876,61.93020832770943,
5631,888.8891,137.9117149821179,30.856311013173602,176.31806811629266,27.0,0.8028,163.0,32.0,115.0,733.0,27.0,233.0,85.0,247.0,18.24321722006476,147,4,57,55,279.0,-87.0,77.0,-53.0,154.0,1.0,-125.0,7090.0,95.0,84.0,8.861588913491069,61.93020832770943,
5632,886.2574,70.30508130992187,32.27161478973995,173.62230065506566,27.0,0.80565,163.0,32.0,115.0,733.0,27.0,233.0,85.0,247.0,18.314545442423732,147,3,58,55,279.0,-87.0,77.0,-53.0,154.0,1.0,-125.0,7090.0,95.0,84.0,8.866016387342263,61.93020832770943,
5633,874.6714,102.48516830608271,29.49874828935177,174.3661480917924,27.0,0.80205,160.0,31.0,112.0,725.0,28.0,232.0,85.0,245.0,16.270265270926927,149,3,56,56,280.0,-87.0,78.0,-51.0,155.0,2.0,-125.0,7128.0,96.0,85.0,8.870443861193456,61.93020832770943,
5634,865.6446,24.546917774769618,26.785925305714514,170.86604230437268,27.0,0.80345,160.0,31.0,112.0,725.0,28.0,232.0,85.0,245.0,15.543264854878188,146,4,57,54,280.0,-87.0,78.0,-51.0,155.0,2.0,-125.0,7128.0,96.0,85.0,8.87487133504465,61.93020832770943,
5635,857.03955,107.91803519804132,25.793510358718912,173.1599635349941,27.0,0.79925,159.0,31.0,112.0,722.0,28.0,231.0,84.0,244.0,14.337302634200663,138,5,59,54,280.0,-87.0,78.0,-51.0,156.0,3.0,-124.0,7148.0,97.0,86.0,8.879298808895843,61.93020832770943,
5636,846.2431,115.22640673975744,25.59317117193514,174.5930268442336,27.0,0.79835,157.0,31.0,111.0,718.0,28.0,230.0,84.0,244.0,14.259825877804255,146,3,56,55,283.0,-86.0,78.0,-50.0,158.0,4.0,-125.0,7198.0,99.0,87.0,8.883726282746967,61.93020832770943,
5637,839.25226,85.96444079579949,23.874246308738478,175.34843679004533,27.0,0.7948,157.0,31.0,111.0,718.0,28.0,230.0,84.0,244.0,13.752374313319638,146,3,58,55,283.0,-86.0,78.0,-50.0,158.0,4.0,-125.0,7198.0,99.0,87.0,8.88815375659816,61.93020832770943,
5638,833.8235,82.54492523117125,23.588643888828248,175.7734288329858,27.0,0.7832,158.0,31.0,112.0,719.0,28.0,230.0,84.0,244.0,13.435070505363516,150,5,59,55,283.0,-86.0,78.0,-50.0,158.0,4.0,-125.0,7215.0,99.0,87.0,8.892581230449352,61.93020832770943,
5639,830.7383,146.58666466680094,22.584170040893035,180.07382066867322,27.0,0.7998,158.0,31.0,112.0,719.0,28.0,230.0,84.0,244.0,12.314644313094261,146,4,59,52,283.0,-86.0,78.0,-50.0,158.0,4.0,-125.0,7215.0,99.0,87.0,8.897008704300546,61.93020832770943,
5640,934.4014,157.92466623462093,35.955654418530095,158.00189700308587,27.0,0.77165,162.0,30.0,111.0,719.0,28.0,225.0,83.0,241.0,19.50351866237,129,4,54,58,274.0,-84.0,76.0,-50.0,153.0,3.0,-121.0,6967.0,95.0,84.0,8.706033716606939,61.92812499437629,
5641,903.5,153.73217980146714,27.21336651918576,159.85010990435967,28.0,0.801,158.0,29.0,108.0,704.0,28.0,221.0,81.0,236.0,15.203427164370606,121,5,55,59,275.0,-82.0,77.0,-47.0,156.0,5.0,-119.0,7012.0,98.0,87.0,8.710460888595895,61.92812499437629,
5642,877.58417,149.8515968654595,19.52701472103076,161.85676119728973,28.0,0.8145,158.0,29.0,108.0,704.0,28.0,221.0,81.0,236.0,11.847518306283794,127,5,56,61,275.0,-82.0,77.0,-47.0,156.0,5.0,-119.0,7012.0,98.0,87.0,8.71488806058485,61.92812499437629,
5643,854.22845,137.25001836459538,15.31720714939978,161.40773966052657,27.0,0.8087,154.0,28.0,105.0,692.0,29.0,218.0,80.0,234.0,9.943734234674848,121,3,55,57,276.0,-80.0,77.0,-45.0,158.0,7.0,-118.0,7031.0,100.0,89.0,8.719315232573804,61.92812499437629,
5644,823.04016,146.90973816310952,8.025588102278661,172.2341544796205,27.0,0.7673,154.0,28.0,105.0,689.0,29.0,218.0,80.0,233.0,4.602509781732288,132,4,56,58,277.0,-81.0,77.0,-45.0,159.0,8.0,-118.0,7075.0,101.0,90.0,8.72816957655164,61.92812499437629,
5645,813.0663,136.20492732703258,4.907961922556448,172.79113001624017,27.0,0.7259,154.0,28.0,105.0,689.0,29.0,218.0,80.0,233.0,3.4123596950173565,132,4,55,58,277.0,-81.0,77.0,-45.0,159.0,8.0,-118.0,7075.0,101.0,90.0,8.732596748540596,61.92812499437629,
5646,805.06323,106.97704151561574,2.5895277547888154,174.08670874759102,27.0,0.7066,153.0,28.0,104.0,687.0,29.0,218.0,80.0,233.0,2.4907015501664915,130,4,56,59,278.0,-80.0,77.0,-44.0,160.0,8.0,-118.0,7074.0,101.0,90.0,8.73702392052955,61.92812499437629,
5647,798.81415,190.28473191707118,11.869427695335782,180.92062184588445,27.0,0.6894,153.0,29.0,105.0,689.0,29.0,218.0,80.0,234.0,6.055237125829774,140,2,59,58,279.0,-81.0,77.0,-45.0,160.0,8.0,-119.0,7112.0,102.0,90.0,8.763586952463278,61.92812499437629,
5648,817.19653,272.55222235854,19.382525674720366,190.96567843798698,27.0,0.7512,154.0,29.0,106.0,696.0,29.0,221.0,81.0,236.0,12.013849800655048,127,2,57,54,278.0,-81.0,77.0,-46.0,159.0,7.0,-119.0,7082.0,100.0,89.0,8.772441296441116,61.92812499437629,
5649,829.16376,290.5159702101002,22.13859279608208,192.98133586657892,27.0,0.7545,156.0,29.0,108.0,702.0,28.0,223.0,82.0,237.0,13.859329507566189,132,0,55,54,277.0,-82.0,77.0,-47.0,157.0,5.0,-120.0,7072.0,99.0,88.0,8.77686846843007,61.92812499437629,
5650,840.82355,208.84258566155756,24.514935532447815,185.23116261896936,27.0,0.7647,156.0,29.0,108.0,702.0,28.0,223.0,82.0,237.0,16.025908433395227,141,4,54,55,277.0,-82.0,77.0,-47.0,157.0,5.0,-120.0,7072.0,99.0,88.0,8.781295640419025,61.92812499437629,
5651,852.05347,240.4513731171387,26.802031444335906,190.9588004400457,27.0,0.7853,158.0,30.0,109.0,712.0,28.0,226.0,83.0,240.0,16.98063241616265,134,6,55,55,278.0,-84.0,77.0,-49.0,156.0,4.0,-122.0,7074.0,97.0,87.0,8.78572281240798,61.92812499437629,
5652,867.6391,266.77582515594844,27.517667268150404,189.84774462661517,27.0,0.8024,158.0,30.0,109.0,712.0,28.0,226.0,83.0,240.0,16.408566781258074,136,5,57,55,278.0,-84.0,77.0,-49.0,156.0,4.0,-122.0,7074.0,97.0,87.0,8.790149984396935,61.92812499437629,
5653,879.7591,258.35414419892277,26.154054575100396,193.15950226932335,27.0,0.8187,161.0,31.0,112.0,723.0,28.0,229.0,84.0,243.0,15.738334508116532,140,6,56,57,277.0,-85.0,77.0,-50.0,154.0,3.0,-123.0,7046.0,96.0,84.0,8.79457715638589,61.92812499437629,
5654,896.4143,314.96438660230496,26.603267056547583,192.5690322900515,27.0,0.8258,161.0,31.0,112.0,723.0,28.0,229.0,84.0,243.0,15.129749148605077,130,5,53,57,277.0,-85.0,77.0,-50.0,154.0,3.0,-123.0,7046.0,96.0,84.0,8.799004328374844,61.92812499437629,
5655,913.5054,344.5407095171719,30.978845871477006,194.13964928211672,27.0,0.8266,163.0,31.0,114.0,728.0,28.0,230.0,84.0,244.0,16.798786687807475,130,0,58,55,277.0,-87.0,77.0,-52.0,153.0,1.0,-124.0,7053.0,94.0,83.0,8.803431500363798,61.92812499437629,
5656,935.7214,345.82868297566273,39.75900250972535,196.96446646454856,27.0,0.8042,163.0,31.0,114.0,728.0,28.0,230.0,84.0,244.0,21.63290932007382,136,3,57,59,277.0,-87.0,77.0,-52.0,153.0,1.0,-124.0,7053.0,94.0,83.0,8.80785867235268,61.92812499437629,
5657,962.2212,338.8712532615845,49.43738750593904,199.60821525203266,27.0,0.7596,164.0,32.0,115.0,734.0,27.0,233.0,85.0,247.0,27.012070193208526,140,2,54,59,276.0,-86.0,77.0,-52.0,152.0,1.0,-124.0,7021.0,93.0,83.0,8.812285844341634,61.92812499437629,
5658,977.91583,206.53890714528495,51.21962216151105,186.4079541432772,27.0,0.7701,164.0,32.0,115.0,736.0,28.0,233.0,85.0,247.0,27.292405380392125,144,1,54,57,276.0,-87.0,77.0,-53.0,151.0,0.0,-125.0,7022.0,93.0,82.0,8.816713016330592,61.92812499437629,
5659,982.1676,112.79245880426589,50.443297318198,179.32490136904767,27.0,0.7692,164.0,32.0,115.0,736.0,28.0,233.0,85.0,247.0,26.786885752425817,151,3,53,58,276.0,-87.0,77.0,-53.0,151.0,0.0,-125.0,7022.0,93.0,82.0,8.821140188319546,61.92812499437629,
5660,983.41504,127.13323244898976,45.947311469889236,179.35222309866433,27.0,0.764,167.0,32.0,117.0,745.0,27.0,236.0,86.0,250.0,24.257338034930452,148,3,54,55,276.0,-88.0,77.0,-55.0,150.0,-1.0,-126.0,7003.0,91.0,80.0,8.8255673603085,61.92812499437629,
5661,986.9379,211.271608419147,43.802344436620466,186.22422728791315,27.0,0.7674,167.0,32.0,117.0,745.0,27.0,236.0,86.0,250.0,23.205464866648754,145,1,56,56,276.0,-88.0,77.0,-55.0,150.0,-1.0,-126.0,7003.0,91.0,80.0,8.829994532297455,61.92812499437629,
5662,963.1744,233.5700911562726,34.581803364123296,186.7870157626709,27.0,0.7891,163.0,32.0,115.0,733.0,27.0,233.0,85.0,247.0,19.88243866991803,147,2,59,55,279.0,-87.0,77.0,-53.0,154.0,1.0,-125.0,7090.0,95.0,84.0,8.860984736220065,61.92812499437629,
5663,965.5756,132.25791608446457,37.238143196374736,181.413530497326,27.0,0.7579,163.0,32.0,115.0,733.0,27.0,233.0,85.0,247.0,20.948277518475432,144,1,58,56,279.0,-87.0,77.0,-53.0,154.0,1.0,-125.0,7090.0,95.0,84.0,8.865411908209019,61.92812499437629,
5664,956.65356,46.19356637696936,40.484856343419644,168.42150639055387,27.0,0.7704,160.0,31.0,112.0,725.0,28.0,232.0,85.0,245.0,23.20036886261471,143,2,57,55,280.0,-87.0,78.0,-51.0,155.0,2.0,-125.0,7128.0,96.0,85.0,8.869839080197973,61.92812499437629,
5665,939.1622,40.00732390693159,36.524090846421984,167.10660417201234,27.0,0.8138,160.0,31.0,112.0,725.0,28.0,232.0,85.0,245.0,20.906276363546336,143,2,59,54,280.0,-87.0,78.0,-51.0,155.0,2.0,-125.0,7128.0,96.0,85.0,8.87426625218693,61.92812499437629,
5666,929.19135,118.1596316506212,34.93213191094558,178.02490378149284,27.0,0.8136,159.0,31.0,112.0,722.0,28.0,231.0,84.0,244.0,19.96182257955493,138,4,59,54,280.0,-87.0,78.0,-51.0,156.0,3.0,-124.0,7148.0,97.0,86.0,8.878693424175884,61.92812499437629,
5667,919.7082,78.61199538976581,34.063419021056845,170.80686624475746,27.0,0.8091,159.0,31.0,112.0,722.0,28.0,231.0,84.0,244.0,18.917360192245795,147,6,58,54,280.0,-87.0,78.0,-51.0,156.0,3.0,-124.0,7148.0,97.0,86.0,8.883120596164765,61.92812499437629,
5668,909.17,77.73596984449054,32.75315956251103,173.68509597498291,27.0,0.8227,157.0,31.0,111.0,718.0,28.0,230.0,84.0,244.0,18.62355173908591,142,4,58,56,283.0,-86.0,78.0,-50.0,158.0,4.0,-125.0,7198.0,99.0,87.0,8.88754776815372,61.92812499437629,
5669,902.29083,71.75806601934562,31.766857170822,174.21764111066022,27.0,0.8228,158.0,31.0,112.0,719.0,28.0,230.0,84.0,244.0,18.42826620709048,148,3,56,55,283.0,-86.0,78.0,-50.0,158.0,4.0,-125.0,7215.0,99.0,87.0,8.891974940142676,61.92812499437629,
5670,896.57117,138.82272314655796,31.301381421058977,178.19615285738598,27.0,0.8268,158.0,31.0,112.0,719.0,28.0,230.0,84.0,244.0,18.12062828580088,145,5,58,54,283.0,-86.0,78.0,-50.0,158.0,4.0,-125.0,7215.0,99.0,87.0,8.89640211213163,61.92812499437629,
5671,890.8421,145.5147782117399,30.737981332359066,180.64000440808914,27.0,0.8271,158.0,31.0,112.0,720.0,28.0,231.0,84.0,244.0,18.452290362534132,146,7,59,55,283.0,-87.0,78.0,-51.0,158.0,3.0,-125.0,7226.0,99.0,87.0,8.900829284120586,61.92812499437629,
5672,1041.5563,162.3850291837928,43.221514136513285,157.82790020682825,28.0,0.68055,180.0,34.0,125.0,777.0,26.0,238.0,87.0,254.0,24.081249627867926,121,3,52,57,266.0,-88.0,75.0,-57.0,142.0,-5.0,-124.0,6750.0,85.0,74.0,8.670025235572082,61.92604166104315,
5673,948.53687,167.75699753311318,26.51137068122583,175.83054321295887,27.0,0.70195,175.0,33.0,122.0,763.0,26.0,237.0,87.0,252.0,17.603038440353778,119,4,53,59,268.0,-88.0,75.0,-57.0,144.0,-4.0,-124.0,6817.0,87.0,76.0,8.687732716266988,61.92604166104315,
5674,943.7509,164.0950551811947,28.032085787070883,167.38966058573487,28.0,0.7342,169.0,32.0,117.0,745.0,27.0,232.0,85.0,248.0,15.721913973119463,120,3,53,58,271.0,-86.0,76.0,-54.0,148.0,-1.0,-123.0,6880.0,90.0,80.0,8.692159586440644,61.92604166104315,
5675,924.9078,161.50084989706,27.092978508540693,164.90828289099767,28.0,0.75835,169.0,32.0,117.0,745.0,27.0,232.0,85.0,248.0,15.556103748756284,113,3,55,58,271.0,-86.0,76.0,-54.0,148.0,-1.0,-123.0,6880.0,90.0,80.0,8.69658645661437,61.92604166104315,
5676,904.35944,155.22348965925758,23.256041191298024,162.16906303698423,27.0,0.7556,162.0,30.0,111.0,719.0,28.0,225.0,83.0,241.0,13.827355588559163,108,4,56,58,274.0,-84.0,76.0,-50.0,153.0,3.0,-121.0,6967.0,95.0,84.0,8.701013326788098,61.92604166104315,
5677,883.20056,157.88695175937886,19.00917039791536,167.04504862412549,27.0,0.77815,162.0,30.0,111.0,719.0,28.0,225.0,83.0,241.0,11.22899841471031,125,3,55,57,274.0,-84.0,76.0,-50.0,153.0,3.0,-121.0,6967.0,95.0,84.0,8.705440196961824,61.92604166104315,
5678,865.5114,157.49849434205345,15.385958144247839,168.95200649564677,28.0,0.79,158.0,29.0,108.0,704.0,28.0,221.0,81.0,236.0,9.388715410444105,132,4,54,60,275.0,-82.0,77.0,-47.0,156.0,5.0,-119.0,7012.0,98.0,87.0,8.709867067135551,61.92604166104315,
5679,849.84485,150.81483425607297,11.217249083904248,169.28014063918948,28.0,0.8084,158.0,29.0,108.0,704.0,28.0,221.0,81.0,236.0,7.218886184169573,133,5,55,57,275.0,-82.0,77.0,-47.0,156.0,5.0,-119.0,7012.0,98.0,87.0,8.714293937309277,61.92604166104315,
5680,836.05664,141.46241668097622,8.83642285276872,167.42437370020903,27.0,0.7866,154.0,28.0,105.0,692.0,29.0,218.0,80.0,234.0,6.50316765448518,131,4,54,57,276.0,-80.0,77.0,-45.0,158.0,7.0,-118.0,7031.0,100.0,89.0,8.718720807483004,61.92604166104315,
5681,812.73,124.91779907782295,3.703866438546397,176.39492776619431,27.0,0.7054,154.0,28.0,105.0,689.0,29.0,218.0,80.0,233.0,2.359300820035869,132,5,57,59,277.0,-81.0,77.0,-45.0,159.0,8.0,-118.0,7075.0,101.0,90.0,8.727574547830386,61.92604166104315,
5682,808.78394,108.67133293477877,3.1067906339471567,177.33369368273455,27.0,0.71565,154.0,28.0,105.0,689.0,29.0,218.0,80.0,233.0,1.845401808912588,141,5,57,58,277.0,-81.0,77.0,-45.0,159.0,8.0,-118.0,7075.0,101.0,90.0,8.732001418004115,61.92604166104315,
5683,805.79944,136.12160552837594,4.847928687947363,179.23129792507083,27.0,0.72365,153.0,28.0,104.0,687.0,29.0,218.0,80.0,233.0,2.1447341335318306,140,4,58,60,278.0,-80.0,77.0,-44.0,160.0,8.0,-118.0,7074.0,101.0,90.0,8.73642828817784,61.92604166104315,
5684,806.28033,201.11131438141678,7.377624749660454,181.92096483202374,27.0,0.6977,153.0,28.0,104.0,687.0,29.0,218.0,80.0,233.0,4.163152112061496,134,6,58,58,278.0,-80.0,77.0,-44.0,160.0,8.0,-118.0,7074.0,101.0,90.0,8.740855158351568,61.92604166104315,
5685,807.2403,167.24088548174848,10.09480498371822,181.29434194963193,27.0,0.72895,153.0,28.0,104.0,687.0,29.0,218.0,80.0,233.0,4.833564894804895,134,4,58,59,278.0,-80.0,77.0,-44.0,160.0,8.0,-118.0,7074.0,101.0,90.0,8.745282028525295,61.92604166104315,
5686,812.8902,228.48484140044962,14.768107702245127,184.6574774411086,27.0,0.7416,153.0,28.0,104.0,687.0,29.0,218.0,80.0,233.0,8.753194823228558,142,1,54,57,278.0,-80.0,77.0,-44.0,160.0,8.0,-118.0,7074.0,101.0,90.0,8.749708898699023,61.92604166104315,
5687,819.1761,247.93824017500225,16.980254529623956,185.44416947807125,27.0,0.7803,153.0,28.0,104.0,687.0,29.0,218.0,80.0,233.0,10.207980258807416,146,4,55,58,278.0,-81.0,77.0,-45.0,160.0,8.0,-118.0,7101.0,101.0,90.0,8.754135768872752,61.92604166104315,
5688,827.6424,299.2521407137619,20.967553489220702,193.07588567930475,27.0,0.7864,153.0,29.0,105.0,689.0,29.0,218.0,80.0,234.0,12.188522115960929,139,4,55,57,279.0,-81.0,77.0,-45.0,160.0,8.0,-119.0,7112.0,102.0,90.0,8.758562639046477,61.92604166104315,
5689,842.1032,244.37720478188828,25.646421551647656,186.35157866241153,27.0,0.7942,153.0,29.0,105.0,689.0,29.0,218.0,80.0,234.0,13.836650249107116,129,5,56,56,279.0,-81.0,77.0,-45.0,160.0,8.0,-119.0,7112.0,102.0,90.0,8.762989509220205,61.92604166104315,
5690,855.8121,291.3563155408678,29.468928126256486,190.3054066330443,27.0,0.79915,154.0,29.0,106.0,696.0,29.0,221.0,81.0,236.0,15.926834041642937,129,6,56,55,278.0,-81.0,77.0,-46.0,159.0,7.0,-119.0,7082.0,100.0,89.0,8.76741637939386,61.92604166104315,
5691,871.40784,312.60174528303145,33.01546734784828,192.97957127374673,27.0,0.79585,154.0,29.0,106.0,696.0,29.0,221.0,81.0,236.0,17.63432088332436,122,7,57,56,278.0,-81.0,77.0,-46.0,159.0,7.0,-119.0,7082.0,100.0,89.0,8.771843249567587,61.92604166104315,
5692,888.4692,313.10641757782133,34.587094928339354,196.37820921475122,27.0,0.8118,156.0,29.0,108.0,702.0,28.0,223.0,82.0,237.0,19.313826472005506,130,8,55,57,277.0,-82.0,77.0,-47.0,157.0,5.0,-120.0,7072.0,99.0,88.0,8.776270119741314,61.92604166104315,
5693,903.69604,272.01341974662995,33.418738175186014,192.67840613861298,27.0,0.8207,156.0,29.0,108.0,702.0,28.0,223.0,82.0,237.0,19.67289928672278,128,5,58,57,277.0,-82.0,77.0,-47.0,157.0,5.0,-120.0,7072.0,99.0,88.0,8.78069698991504,61.92604166104315,
5694,915.654,220.72734950677653,29.472893793661015,186.0855679545069,27.0,0.8241,158.0,30.0,109.0,712.0,28.0,226.0,83.0,240.0,16.8821883006753,130,5,59,57,278.0,-84.0,77.0,-49.0,156.0,4.0,-122.0,7074.0,97.0,87.0,8.785123860088769,61.92604166104315,
5695,926.8847,244.62518464061884,27.693759479915585,186.42876585500218,27.0,0.8336,158.0,30.0,109.0,712.0,28.0,226.0,83.0,240.0,15.415816674669927,123,2,60,56,278.0,-84.0,77.0,-49.0,156.0,4.0,-122.0,7074.0,97.0,87.0,8.789550730262494,61.92604166104315,
5696,936.73627,267.41015041971735,29.83845806666434,193.13992716354298,27.0,0.8283,161.0,31.0,112.0,723.0,28.0,229.0,84.0,243.0,17.353762829872345,126,5,57,58,277.0,-85.0,77.0,-50.0,154.0,3.0,-123.0,7046.0,96.0,84.0,8.793977600436222,61.92604166104315,
5697,957.3851,340.1603177914077,35.404355758583435,201.65541493715278,27.0,0.8111,161.0,31.0,112.0,723.0,28.0,229.0,84.0,243.0,20.387130675613896,129,2,56,58,277.0,-85.0,77.0,-50.0,154.0,3.0,-123.0,7046.0,96.0,84.0,8.798404470609947,61.92604166104315,
5698,993.45734,339.1715194740258,46.46758746392953,209.14434228357527,27.0,0.74015,163.0,31.0,114.0,728.0,28.0,230.0,84.0,244.0,26.267802304292445,135,1,56,57,277.0,-87.0,77.0,-52.0,153.0,1.0,-124.0,7053.0,94.0,83.0,8.802831340783674,61.92604166104315,
5699,1002.8014,58.65990216338113,36.10652095960103,170.6276260757676,27.0,0.7318,159.0,31.0,112.0,722.0,28.0,231.0,84.0,244.0,20.227824902694504,129,1,62,55,280.0,-87.0,78.0,-51.0,156.0,3.0,-124.0,7148.0,97.0,86.0,8.882515003910548,61.92604166104315,
5700,985.7314,28.261350614136596,31.968340482690603,168.09646223879744,27.0,0.77965,157.0,31.0,111.0,718.0,28.0,230.0,84.0,244.0,17.977381775665126,145,2,59,57,283.0,-86.0,78.0,-50.0,158.0,4.0,-125.0,7198.0,99.0,87.0,8.886941874084274,61.92604166104315,
5701,975.16943,72.73485858952898,30.608340046585912,173.37485462301197,27.0,0.8039,157.0,31.0,111.0,718.0,28.0,230.0,84.0,244.0,17.230000612659985,133,4,60,56,283.0,-86.0,78.0,-50.0,158.0,4.0,-125.0,7198.0,99.0,87.0,8.891368744258001,61.92604166104315,
5702,968.63446,113.25684353936683,29.846659388202074,175.88651385582014,27.0,0.82325,158.0,31.0,112.0,719.0,28.0,230.0,84.0,244.0,17.06986432294222,143,4,60,57,283.0,-86.0,78.0,-50.0,158.0,4.0,-125.0,7215.0,99.0,87.0,8.895795614431727,61.92604166104315,
5703,959.8683,141.2874822642452,26.38253871433603,176.2107024024882,27.0,0.82035,158.0,31.0,112.0,720.0,28.0,231.0,84.0,244.0,15.048443643747369,153,6,61,55,283.0,-87.0,78.0,-51.0,158.0,3.0,-125.0,7226.0,99.0,87.0,8.900222484605456,61.92604166104315,
5704,966.3195,163.60156981497548,25.44361378357292,167.3944788367782,27.0,0.7484,159.0,29.0,108.0,706.0,28.0,221.0,81.0,237.0,14.486692144902673,118,3,53,57,273.0,-82.0,76.0,-48.0,154.0,5.0,-119.0,6949.0,96.0,86.0,8.66943422249983,61.92395832771,
5705,952.7574,162.12581577741312,22.26221026518798,168.48296523136597,27.0,0.7487,159.0,29.0,108.0,706.0,28.0,221.0,81.0,237.0,12.348188773482306,121,2,51,57,273.0,-82.0,76.0,-48.0,154.0,5.0,-119.0,6949.0,96.0,86.0,8.67386079090533,61.92395832771,
5706,937.776,161.49140611502253,19.716665910625693,169.19843829617975,27.0,0.7358,158.0,29.0,108.0,703.0,28.0,220.0,81.0,236.0,11.152181840525296,113,4,53,59,274.0,-82.0,76.0,-47.0,155.0,5.0,-119.0,7006.0,98.0,87.0,8.67828735931083,61.92395832771,
5707,923.1245,160.96767052469497,17.59797528956662,169.80151182536332,27.0,0.73465,158.0,29.0,108.0,703.0,28.0,220.0,81.0,236.0,10.352883079290867,114,3,55,58,274.0,-82.0,76.0,-47.0,155.0,5.0,-119.0,7006.0,98.0,87.0,8.68271392771633,61.92395832771,
5708,905.7637,158.07040599467578,16.065165649229666,169.58060569421752,27.0,0.70465,157.0,29.0,107.0,697.0,28.0,219.0,81.0,235.0,9.919266045709263,118,5,57,60,275.0,-82.0,76.0,-47.0,156.0,5.0,-119.0,6991.0,97.0,87.0,8.68714049612183,61.92395832771,
5709,895.7223,156.96935835771882,16.231768224784002,168.90684557552387,27.0,0.6787,157.0,29.0,107.0,697.0,28.0,219.0,81.0,235.0,10.006075301453807,126,5,57,58,275.0,-82.0,76.0,-47.0,156.0,5.0,-119.0,6991.0,97.0,87.0,8.691567064527257,61.92395832771,
5710,879.8074,155.11303776586527,15.252824212319519,168.34772939238943,28.0,0.7145,156.0,29.0,106.0,695.0,29.0,218.0,80.0,234.0,9.447485719320328,127,5,55,58,275.0,-81.0,77.0,-46.0,157.0,6.0,-118.0,7008.0,99.0,88.0,8.695993632932758,61.92395832771,
5711,866.2404,157.61820865406858,13.547176619943809,170.01672202909668,28.0,0.731,155.0,28.0,105.0,693.0,29.0,218.0,80.0,234.0,8.907084919238436,127,5,56,59,275.0,-81.0,77.0,-46.0,157.0,6.0,-118.0,7011.0,99.0,88.0,8.700420201338261,61.92395832771,
5712,851.38,149.04355672131348,11.082672430526411,169.6559229130624,28.0,0.7317,155.0,28.0,105.0,693.0,29.0,218.0,80.0,234.0,7.373874625419199,131,4,56,56,275.0,-81.0,77.0,-46.0,157.0,6.0,-118.0,7011.0,99.0,88.0,8.70484676974376,61.92395832771,
5713,839.1111,144.8549853785827,8.687387369888224,172.83791090369266,28.0,0.7329,157.0,29.0,108.0,701.0,28.0,221.0,81.0,236.0,5.397063825999769,127,6,55,58,275.0,-82.0,77.0,-47.0,156.0,5.0,-119.0,6989.0,98.0,87.0,8.70927333814926,61.92395832771,
5714,830.5227,153.6042519055666,6.508812302666283,175.22857526904522,28.0,0.7315,157.0,29.0,108.0,701.0,28.0,221.0,81.0,236.0,3.945110367027015,123,4,55,57,275.0,-82.0,77.0,-47.0,156.0,5.0,-119.0,6989.0,98.0,87.0,8.71369990655476,61.92395832771,
5715,823.3375,132.602304935647,5.5355635636339295,172.58687263947095,28.0,0.7172,159.0,30.0,109.0,710.0,28.0,224.0,82.0,239.0,4.1976376856188535,122,3,56,56,275.0,-83.0,77.0,-48.0,155.0,4.0,-120.0,6979.0,96.0,86.0,8.71812647496026,61.92395832771,
5716,817.02295,128.32203950612185,6.016099444860917,178.5441271730708,28.0,0.7111,159.0,30.0,109.0,710.0,28.0,224.0,82.0,239.0,3.2784023595588474,131,4,56,58,275.0,-83.0,77.0,-48.0,155.0,4.0,-120.0,6979.0,96.0,86.0,8.722553043365759,61.92395832771,
5717,818.4995,157.79234605740098,8.244590301883603,180.9487158997084,27.0,0.71725,162.0,30.0,111.0,721.0,28.0,227.0,83.0,242.0,5.444892972858539,137,3,55,57,275.0,-85.0,76.0,-51.0,153.0,2.0,-122.0,6993.0,95.0,84.0,8.726979611771188,61.92395832771,
5718,820.2348,225.4888443139313,10.714909580199144,185.3172271633138,27.0,0.7516,162.0,30.0,111.0,721.0,28.0,227.0,83.0,242.0,7.033323933868494,137,4,55,60,275.0,-85.0,76.0,-51.0,153.0,2.0,-122.0,6993.0,95.0,84.0,8.73140618017669,61.92395832771,
5719,828.99133,194.74522042285903,14.322416826595575,182.0520740985946,27.0,0.757,168.0,32.0,117.0,742.0,27.0,233.0,85.0,247.0,8.737132652811342,131,3,54,57,273.0,-87.0,76.0,-53.0,149.0,-1.0,-124.0,6945.0,91.0,80.0,8.73583274858219,61.92395832771,
5720,832.29584,296.40669301149626,15.322001135920667,188.63770047027148,27.0,0.7798,168.0,32.0,117.0,742.0,27.0,233.0,85.0,247.0,9.013038191842789,136,5,56,58,273.0,-87.0,76.0,-53.0,149.0,-1.0,-124.0,6945.0,91.0,80.0,8.74025931698769,61.92395832771,
5721,841.5516,256.0745991466072,18.69832516622846,185.53347890142828,28.0,0.7824,175.0,33.0,122.0,765.0,27.0,239.0,87.0,253.0,10.463391471529564,130,3,58,58,270.0,-89.0,76.0,-58.0,144.0,-4.0,-126.0,6869.0,87.0,76.0,8.744685885393189,61.92395832771,
5722,854.77203,275.64370383031354,21.546146401925323,187.97775012147116,28.0,0.8145,175.0,33.0,122.0,765.0,27.0,239.0,87.0,253.0,11.72990505535974,123,4,58,57,270.0,-89.0,76.0,-58.0,144.0,-4.0,-126.0,6869.0,87.0,76.0,8.74911245379869,61.92395832771,
5723,865.08954,285.86089380122246,27.09428138364155,192.54915599267193,28.0,0.8155,181.0,35.0,128.0,790.0,26.0,246.0,90.0,260.0,14.711898659897338,129,3,58,57,267.0,-91.0,75.0,-61.0,140.0,-7.0,-127.0,6765.0,82.0,72.0,8.75353902220419,61.92395832771,
5724,884.50494,342.31822600802195,36.713812963301145,198.57140802994823,28.0,0.81725,181.0,35.0,128.0,790.0,26.0,246.0,90.0,260.0,19.8903522966029,130,4,57,56,267.0,-91.0,75.0,-61.0,140.0,-7.0,-127.0,6765.0,82.0,72.0,8.75796559060969,61.92395832771,
5725,911.6578,341.71001865927985,45.46302796184732,199.82630577557316,28.0,0.8311,185.0,36.0,131.0,804.0,25.0,250.0,91.0,264.0,24.823040215837413,131,5,57,54,267.0,-93.0,75.0,-63.0,138.0,-10.0,-129.0,6770.0,80.0,69.0,8.762392159015189,61.92395832771,
5726,942.82117,346.7444833219602,55.323503927834636,199.8846486216394,28.0,0.8329,186.0,37.0,133.0,814.0,26.0,253.0,92.0,267.0,30.32445619341358,138,1,58,55,266.0,-94.0,75.0,-64.0,136.0,-11.0,-130.0,6740.0,79.0,68.0,8.766818727420619,61.92395832771,
5727,971.757,298.5189154357059,54.853217006283096,194.23500451899378,28.0,0.80665,186.0,37.0,133.0,814.0,26.0,253.0,92.0,267.0,30.658302843052,134,5,55,55,266.0,-94.0,75.0,-64.0,136.0,-11.0,-130.0,6740.0,79.0,68.0,8.77124529582612,61.92395832771,
5728,985.0327,289.1058556114857,46.00240335171742,189.97569380466388,28.0,0.78675,186.0,37.0,133.0,814.0,26.0,253.0,92.0,267.0,25.024121565664807,141,4,56,56,266.0,-94.0,75.0,-64.0,136.0,-11.0,-130.0,6747.0,79.0,68.0,8.775671864231619,61.92395832771,
5729,995.6249,263.9877937197881,35.86256951316126,191.19160852584378,28.0,0.7828,192.0,38.0,138.0,833.0,25.0,259.0,94.0,272.0,20.292172436029233,138,0,59,57,266.0,-96.0,75.0,-67.0,133.0,-14.0,-133.0,6722.0,76.0,66.0,8.78895156944812,61.92395832771,
5730,949.9064,166.44933214444097,19.278710930896867,172.23643467733137,27.0,0.7349,160.0,29.0,108.0,707.0,28.0,221.0,81.0,237.0,11.092513674861095,108,4,54,57,272.0,-82.0,76.0,-48.0,153.0,4.0,-119.0,6938.0,96.0,85.0,8.659990768089713,61.92187499437684,
5731,935.8575,160.6442154212832,18.460773958246577,168.96473244180964,27.0,0.7637,160.0,29.0,108.0,707.0,28.0,221.0,81.0,237.0,10.984154030223928,112,3,55,57,272.0,-82.0,76.0,-48.0,153.0,4.0,-119.0,6938.0,96.0,85.0,8.664417034773976,61.92187499437684,
5732,922.4375,162.73416738276242,17.213152893186827,170.3102516547085,27.0,0.7627,159.0,29.0,108.0,706.0,28.0,221.0,81.0,237.0,10.69206250275416,118,4,56,56,273.0,-82.0,76.0,-48.0,154.0,5.0,-119.0,6949.0,96.0,86.0,8.668843301458242,61.92187499437684,
5733,912.01764,164.82025222464412,15.93102693419168,172.12026217987813,27.0,0.7531,159.0,29.0,108.0,706.0,28.0,221.0,81.0,237.0,9.905617936910183,117,4,54,60,273.0,-82.0,76.0,-48.0,154.0,5.0,-119.0,6949.0,96.0,86.0,8.673269568142505,61.92187499437684,
5734,901.9298,164.0269981647956,13.982255357030565,172.7385821575939,27.0,0.75045,158.0,29.0,108.0,703.0,28.0,220.0,81.0,236.0,8.661611429765818,121,5,55,60,274.0,-82.0,76.0,-47.0,155.0,5.0,-119.0,7006.0,98.0,87.0,8.67769583482677,61.92187499437684,
5735,890.5563,157.88349936265197,12.678605097816163,171.27580469131615,27.0,0.7549,158.0,29.0,108.0,703.0,28.0,220.0,81.0,236.0,7.569806144004776,124,5,56,59,274.0,-82.0,76.0,-47.0,155.0,5.0,-119.0,7006.0,98.0,87.0,8.682122101511032,61.92187499437684,
5736,880.5582,159.044344664077,9.171519237585953,174.41494547454266,27.0,0.69355,157.0,29.0,107.0,697.0,28.0,219.0,81.0,235.0,5.228229282549085,126,5,56,60,275.0,-82.0,76.0,-47.0,156.0,5.0,-119.0,6991.0,97.0,87.0,8.686548368195295,61.92187499437684,
5737,872.88885,150.53584309381318,7.667447824642979,173.23015796123218,27.0,0.59815,157.0,29.0,107.0,697.0,28.0,219.0,81.0,235.0,5.217091175512943,134,4,60,60,275.0,-82.0,76.0,-47.0,156.0,5.0,-119.0,6991.0,97.0,87.0,8.690974634879487,61.92187499437684,
5738,859.42,134.66965018282903,7.025254234040196,168.59664328339719,28.0,0.6122,156.0,29.0,106.0,695.0,29.0,218.0,80.0,234.0,5.124394321394781,129,5,60,58,275.0,-81.0,77.0,-46.0,157.0,6.0,-118.0,7008.0,99.0,88.0,8.695400901563753,61.92187499437684,
5739,847.99365,147.48360134646302,5.66440045675199,174.18342054978606,28.0,0.6776,156.0,29.0,106.0,695.0,29.0,218.0,80.0,234.0,4.000425728522254,132,4,58,57,275.0,-81.0,77.0,-46.0,157.0,6.0,-118.0,7008.0,99.0,88.0,8.699827168248017,61.92187499437684,
5740,839.8612,144.4011327615963,4.451486017271588,173.85293957168352,28.0,0.70195,155.0,28.0,105.0,693.0,29.0,218.0,80.0,234.0,3.719684476867101,123,5,55,58,275.0,-81.0,77.0,-46.0,157.0,6.0,-118.0,7011.0,99.0,88.0,8.70425343493228,61.92187499437684,
5741,831.6482,100.66227083655284,4.595737670503253,172.93575833625468,28.0,0.7031,157.0,29.0,108.0,701.0,28.0,221.0,81.0,236.0,3.559492918172178,125,4,56,59,275.0,-82.0,77.0,-47.0,156.0,5.0,-119.0,6989.0,98.0,87.0,8.708679701616543,61.92187499437684,
5742,826.97253,208.35232017378485,6.224392511998007,181.54813036768715,28.0,0.71395,157.0,29.0,108.0,701.0,28.0,221.0,81.0,236.0,3.5608520046057466,134,4,57,57,275.0,-82.0,77.0,-47.0,156.0,5.0,-119.0,6989.0,98.0,87.0,8.713105968300805,61.92187499437684,
5743,830.08435,221.9810427756354,9.78795903973583,185.9877005724843,28.0,0.7179,159.0,30.0,109.0,710.0,28.0,224.0,82.0,239.0,7.054609654087162,139,2,55,58,275.0,-83.0,77.0,-48.0,155.0,4.0,-120.0,6979.0,96.0,86.0,8.717532234985072,61.92187499437684,
5744,838.4215,280.72619618458015,12.412164019450932,185.65554158173987,28.0,0.7313,159.0,30.0,109.0,710.0,28.0,224.0,82.0,239.0,6.92959404033035,140,3,57,58,275.0,-83.0,77.0,-48.0,155.0,4.0,-120.0,6979.0,96.0,86.0,8.721958501669334,61.92187499437684,
5745,844.74756,230.6680286796476,14.119529781006381,182.76422687808662,27.0,0.7661,162.0,30.0,111.0,721.0,28.0,227.0,83.0,242.0,7.812186030870999,141,4,58,57,275.0,-85.0,76.0,-51.0,153.0,2.0,-122.0,6993.0,95.0,84.0,8.726384768353526,61.92187499437684,
5746,850.3456,307.5821774272227,17.07307889430276,188.3307162640894,27.0,0.7896,162.0,30.0,111.0,721.0,28.0,227.0,83.0,242.0,9.889951810131157,138,1,58,58,275.0,-85.0,76.0,-51.0,153.0,2.0,-122.0,6993.0,95.0,84.0,8.730811035037792,61.92187499437684,
5747,860.07916,319.26657450251554,19.566599086115644,188.6919187746196,27.0,0.7993,168.0,32.0,117.0,742.0,27.0,233.0,85.0,247.0,10.396099565303885,142,3,55,57,273.0,-87.0,76.0,-53.0,149.0,-1.0,-124.0,6945.0,91.0,80.0,8.735237301722055,61.92187499437684,
5748,871.99115,336.9886219654476,25.760576823879198,191.47672996286093,27.0,0.8159,168.0,32.0,117.0,742.0,27.0,233.0,85.0,247.0,14.212629834098447,135,3,55,61,273.0,-87.0,76.0,-53.0,149.0,-1.0,-124.0,6945.0,91.0,80.0,8.739663568406318,61.92187499437684,
5749,888.7161,345.7778946352772,32.67395027881149,193.01473183865795,28.0,0.8225,175.0,33.0,122.0,765.0,27.0,239.0,87.0,253.0,17.061291901763408,132,2,59,60,270.0,-89.0,76.0,-58.0,144.0,-4.0,-126.0,6869.0,87.0,76.0,8.74408983509058,61.92187499437684,
5750,913.2003,339.78578150086724,41.69795137676034,198.36811753489505,28.0,0.8308,175.0,33.0,122.0,765.0,27.0,239.0,87.0,253.0,22.031275069262424,127,2,58,58,270.0,-89.0,76.0,-58.0,144.0,-4.0,-126.0,6869.0,87.0,76.0,8.748516101774845,61.92187499437684,
5751,943.9403,281.94785017293657,46.92352358481411,205.7377249396341,28.0,0.819,181.0,35.0,128.0,790.0,26.0,246.0,90.0,260.0,28.625036956671973,136,4,57,57,267.0,-91.0,75.0,-61.0,140.0,-7.0,-127.0,6765.0,82.0,72.0,8.752942368459111,61.92187499437684,
5752,985.9027,338.7698981350662,47.072691905162046,209.5412459500062,28.0,0.8179,181.0,35.0,128.0,790.0,26.0,246.0,90.0,260.0,26.908725030603705,134,5,58,55,267.0,-91.0,75.0,-61.0,140.0,-7.0,-127.0,6765.0,82.0,72.0,8.757368635143374,61.92187499437684,
5753,1032.3882,335.9464123966943,50.893404966628545,214.23922842630668,28.0,0.7851,185.0,36.0,131.0,804.0,25.0,250.0,91.0,264.0,28.59073801107705,137,4,60,56,267.0,-93.0,75.0,-63.0,138.0,-10.0,-129.0,6770.0,80.0,69.0,8.761794901827637,61.92187499437684,
5754,989.11237,136.33434552648086,33.732657488308305,133.30256767027169,28.0,0.7746,243.0,38.0,142.0,884.0,27.0,218.0,99.0,284.0,23.70118916083687,119,4,52,53,231.0,-59.0,66.0,41.0,142.0,13.0,-89.0,5885.0,91.0,-20.0,7.79191140044714,61.9197916610437,
5755,934.35583,165.9464496205581,14.697258518292,173.6986442976394,28.0,0.6735,166.0,30.0,113.0,727.0,28.0,226.0,83.0,242.0,8.922418601343658,125,3,54,61,269.0,-83.0,76.0,-51.0,149.0,1.0,-120.0,6838.0,92.0,81.0,8.646122647376973,61.9197916610437,
5756,928.13025,169.70053328739914,15.605494160668353,175.29780002650566,27.0,0.67385,163.0,30.0,111.0,719.0,28.0,224.0,82.0,240.0,8.847401131433411,109,5,54,61,272.0,-84.0,76.0,-50.0,152.0,2.0,-120.0,6912.0,94.0,83.0,8.65054861238691,61.9197916610437,
5757,921.16235,167.18636430577587,15.671204018571425,174.3322159586106,27.0,0.6966,163.0,30.0,111.0,719.0,28.0,224.0,82.0,240.0,8.634054261097722,114,4,53,60,272.0,-84.0,76.0,-50.0,152.0,2.0,-120.0,6912.0,94.0,83.0,8.654974577396917,61.9197916610437,
5758,912.3088,165.68303454796177,14.746956085491517,173.49753609555532,27.0,0.74425,160.0,29.0,108.0,707.0,28.0,221.0,81.0,237.0,8.700588757841416,121,4,53,59,272.0,-82.0,76.0,-48.0,153.0,4.0,-119.0,6938.0,96.0,85.0,8.659400542406923,61.9197916610437,
5759,901.24677,159.800536325475,12.897020228430527,171.73488536540827,27.0,0.76045,160.0,29.0,108.0,707.0,28.0,221.0,81.0,237.0,7.825768705487601,118,4,55,60,272.0,-82.0,76.0,-48.0,153.0,4.0,-119.0,6938.0,96.0,85.0,8.66382650741693,61.9197916610437,
5760,891.1121,157.39882073630207,10.51815921161627,173.00939397890943,27.0,0.7412,159.0,29.0,108.0,706.0,28.0,221.0,81.0,237.0,5.925830853709491,118,5,54,59,273.0,-82.0,76.0,-48.0,154.0,5.0,-119.0,6949.0,96.0,86.0,8.66825247242694,61.9197916610437,
5761,884.7282,162.5243797851896,8.747303017018183,175.90124054915933,27.0,0.72075,159.0,29.0,108.0,706.0,28.0,221.0,81.0,237.0,4.543888476233089,118,5,54,56,273.0,-82.0,76.0,-48.0,154.0,5.0,-119.0,6949.0,96.0,86.0,8.672678437436947,61.9197916610437,
5762,878.01324,159.4054233303601,7.767746509814996,175.23251024438403,27.0,0.70465,158.0,29.0,108.0,703.0,28.0,220.0,81.0,236.0,4.367892580339636,136,5,57,58,274.0,-82.0,76.0,-47.0,155.0,5.0,-119.0,7006.0,98.0,87.0,8.677104402446952,61.9197916610437,
5763,869.2545,155.3522529319884,7.235629382617295,174.23086575331212,27.0,0.70085,158.0,29.0,108.0,703.0,28.0,220.0,81.0,236.0,4.73018706051115,134,3,56,59,274.0,-82.0,76.0,-47.0,155.0,5.0,-119.0,7006.0,98.0,87.0,8.68153036745696,61.9197916610437,
5764,864.11664,170.13301066358628,6.035911575403907,178.14544177874168,27.0,0.6928,157.0,29.0,107.0,697.0,28.0,219.0,81.0,235.0,3.8063957975191856,140,5,58,57,275.0,-82.0,76.0,-47.0,156.0,5.0,-119.0,6991.0,97.0,87.0,8.685956332466967,61.9197916610437,
5765,860.32416,150.22653340263903,5.304268954593206,174.5979259040084,27.0,0.6161,157.0,29.0,107.0,697.0,28.0,219.0,81.0,235.0,3.7354308465932897,138,5,58,59,275.0,-82.0,76.0,-47.0,156.0,5.0,-119.0,6991.0,97.0,87.0,8.690382297476903,61.9197916610437,
5766,850.76514,123.69457295721492,3.918772371562292,171.89855376612397,28.0,0.5572,156.0,29.0,106.0,695.0,29.0,218.0,80.0,234.0,3.338782733983285,139,5,60,55,275.0,-81.0,77.0,-46.0,157.0,6.0,-118.0,7008.0,99.0,88.0,8.69480826248691,61.9197916610437,
5767,842.4249,122.75050747874432,3.903744885904681,177.38291512031375,28.0,0.6433,156.0,29.0,106.0,695.0,29.0,218.0,80.0,234.0,2.5085353487654594,136,3,57,56,275.0,-81.0,77.0,-46.0,157.0,6.0,-118.0,7008.0,99.0,88.0,8.699234227496918,61.9197916610437,
5768,842.0349,171.24741336320452,6.5351355538383205,183.95276068022062,28.0,0.67575,155.0,28.0,105.0,693.0,29.0,218.0,80.0,234.0,4.894585595531083,138,3,59,56,275.0,-81.0,77.0,-46.0,157.0,6.0,-118.0,7011.0,99.0,88.0,8.703660192506925,61.9197916610437,
5769,845.4646,199.79718325512357,10.216383823080937,181.80335645245367,28.0,0.69615,155.0,28.0,105.0,693.0,29.0,218.0,80.0,234.0,6.723328306223492,144,3,57,58,275.0,-81.0,77.0,-46.0,157.0,6.0,-118.0,7011.0,99.0,88.0,8.708086157516933,61.9197916610437,
5770,851.1256,282.77844981259483,13.74950237130767,184.969052049732,28.0,0.744,157.0,29.0,108.0,701.0,28.0,221.0,81.0,236.0,7.85549121190325,146,1,55,57,275.0,-82.0,77.0,-47.0,156.0,5.0,-119.0,6989.0,98.0,87.0,8.71251212252694,61.9197916610437,
5771,859.2865,330.9416965422789,16.06445268528071,189.66701739692422,28.0,0.7717,159.0,30.0,109.0,710.0,28.0,224.0,82.0,239.0,10.033047734906175,146,3,53,56,275.0,-83.0,77.0,-48.0,155.0,4.0,-120.0,6979.0,96.0,86.0,8.716938087536946,61.9197916610437,
5772,870.9823,331.3805970202883,18.135536976762967,188.47524371258322,28.0,0.7722,159.0,30.0,109.0,710.0,28.0,224.0,82.0,239.0,10.859352515815582,140,3,56,56,275.0,-83.0,77.0,-48.0,155.0,4.0,-120.0,6979.0,96.0,86.0,8.721364052546953,61.9197916610437,
5773,882.6512,311.3501204999033,22.944109448969833,190.29319530415736,27.0,0.8014,162.0,30.0,111.0,721.0,28.0,227.0,83.0,242.0,12.928285251048358,138,3,58,57,275.0,-85.0,76.0,-51.0,153.0,2.0,-122.0,6993.0,95.0,84.0,8.72579001755689,61.9197916610437,
5774,900.6448,336.67112457240273,30.83454212383228,197.8637212786522,27.0,0.8095,162.0,30.0,111.0,721.0,28.0,227.0,83.0,242.0,18.017230341267986,141,3,53,58,275.0,-85.0,76.0,-51.0,153.0,2.0,-122.0,6993.0,95.0,84.0,8.730215982566897,61.9197916610437,
5775,924.18884,342.25823628316743,37.881988555506105,199.6654835678672,27.0,0.8317,168.0,32.0,117.0,742.0,27.0,233.0,85.0,247.0,21.782091853841468,140,5,56,56,273.0,-87.0,76.0,-53.0,149.0,-1.0,-124.0,6945.0,91.0,80.0,8.734641947576906,61.9197916610437,
5776,951.85474,342.9069869662937,48.59628210993725,203.76616762928563,27.0,0.8397,168.0,32.0,117.0,742.0,27.0,233.0,85.0,247.0,25.85907280767771,143,6,56,59,273.0,-87.0,76.0,-53.0,149.0,-1.0,-124.0,6945.0,91.0,80.0,8.739067912586911,61.9197916610437,
5777,994.339,342.7729406392431,61.33049472924741,209.4881325879906,28.0,0.82695,175.0,33.0,122.0,765.0,27.0,239.0,87.0,253.0,34.01765280756723,134,4,58,58,270.0,-89.0,76.0,-58.0,144.0,-4.0,-126.0,6869.0,87.0,76.0,8.743493877596919,61.9197916610437,
5778,1039.0632,273.8487774386361,54.52724590595686,197.52199105628227,28.0,0.7458,175.0,33.0,122.0,765.0,27.0,239.0,87.0,253.0,31.69954279266607,132,4,59,55,270.0,-89.0,76.0,-58.0,144.0,-4.0,-126.0,6869.0,87.0,76.0,8.747919842606924,61.9197916610437,
5779,886.8376,155.12538794842874,7.428957074116522,175.74735090028224,27.0,0.69135,160.0,29.0,108.0,707.0,28.0,221.0,81.0,237.0,4.3635355349147735,119,6,55,59,272.0,-82.0,76.0,-48.0,153.0,4.0,-119.0,6938.0,96.0,85.0,8.6588104086201,61.91770832771055,
5780,880.743,148.00261472584023,6.007551621359093,175.48856188501702,27.0,0.7075,160.0,29.0,108.0,707.0,28.0,221.0,81.0,237.0,3.748164965775631,127,5,57,60,272.0,-82.0,76.0,-48.0,153.0,4.0,-119.0,6938.0,96.0,85.0,8.663236072002821,61.91770832771055,
5781,875.4431,149.86435001894736,4.878622452419484,176.46439605938767,27.0,0.69545,159.0,29.0,108.0,706.0,28.0,221.0,81.0,237.0,3.2387654114235773,126,5,59,58,273.0,-82.0,76.0,-48.0,154.0,5.0,-119.0,6949.0,96.0,86.0,8.667661735385542,61.91770832771055,
5782,871.0657,141.3938293903932,3.9489770524070904,177.13767216044732,27.0,0.6711,159.0,29.0,108.0,706.0,28.0,221.0,81.0,237.0,2.4390935076200853,133,5,60,58,273.0,-82.0,76.0,-48.0,154.0,5.0,-119.0,6949.0,96.0,86.0,8.672087398768262,61.91770832771055,
5783,867.25165,147.2939852699026,3.4112972731368667,177.00476961606276,27.0,0.66645,158.0,29.0,108.0,703.0,28.0,220.0,81.0,236.0,2.089614042647074,135,6,60,58,274.0,-82.0,76.0,-47.0,155.0,5.0,-119.0,7006.0,98.0,87.0,8.676513062150983,61.91770832771055,
5784,861.44946,130.1621020742762,2.9984721299524484,176.39163804732837,27.0,0.67445,158.0,29.0,108.0,703.0,28.0,220.0,81.0,236.0,1.8278006861100349,137,5,57,57,274.0,-82.0,76.0,-47.0,155.0,5.0,-119.0,7006.0,98.0,87.0,8.680938725533704,61.91770832771055,
5785,857.30334,116.19391085116258,3.9790253043867643,177.7996859607839,27.0,0.66445,157.0,29.0,107.0,697.0,28.0,219.0,81.0,235.0,2.4520635195609284,140,3,60,57,275.0,-82.0,76.0,-47.0,156.0,5.0,-119.0,6991.0,97.0,87.0,8.685364388916422,61.91770832771055,
5786,855.79645,152.71072366023975,5.422602533953845,179.69689347437142,27.0,0.66045,157.0,29.0,107.0,697.0,28.0,219.0,81.0,235.0,3.899958749016104,137,4,58,55,275.0,-82.0,76.0,-47.0,156.0,5.0,-119.0,6991.0,97.0,87.0,8.689790052299072,61.91770832771055,
5787,854.2328,188.45267784568756,7.393245784298855,180.27607116411815,28.0,0.653,156.0,29.0,106.0,695.0,29.0,218.0,80.0,234.0,4.800369044016989,136,2,58,56,275.0,-81.0,77.0,-46.0,157.0,6.0,-118.0,7008.0,99.0,88.0,8.694215715681793,61.91770832771055,
5788,856.2146,214.8495599643789,11.610109341140964,182.39467082005268,28.0,0.6828,156.0,29.0,106.0,695.0,29.0,218.0,80.0,234.0,6.468481846571801,145,2,59,57,275.0,-81.0,77.0,-46.0,157.0,6.0,-118.0,7008.0,99.0,88.0,8.698641379064513,61.91770832771055,
5789,863.51166,274.0330671379843,15.511203315739902,187.11368389068897,28.0,0.72985,155.0,28.0,105.0,693.0,29.0,218.0,80.0,234.0,9.197033937037734,145,3,59,54,275.0,-81.0,77.0,-46.0,157.0,6.0,-118.0,7011.0,99.0,88.0,8.703067042447234,61.91770832771055,
5790,874.9133,290.19699924678184,17.681194200446036,189.0794366903834,28.0,0.7651,155.0,28.0,105.0,693.0,29.0,218.0,80.0,234.0,10.790562213548608,137,4,58,58,275.0,-81.0,77.0,-46.0,157.0,6.0,-118.0,7011.0,99.0,88.0,8.707492705829953,61.91770832771055,
5791,886.497,342.14012655172917,20.416350018160202,191.44929243225192,28.0,0.7927,157.0,29.0,108.0,701.0,28.0,221.0,81.0,236.0,11.338222819653831,139,4,56,58,275.0,-82.0,77.0,-47.0,156.0,5.0,-119.0,6989.0,98.0,87.0,8.711918369212674,61.91770832771055,
5792,901.6429,341.8989791585414,25.08470404957176,194.58058493763727,28.0,0.8097,157.0,29.0,108.0,701.0,28.0,221.0,81.0,236.0,14.411485135641865,141,2,57,58,275.0,-82.0,77.0,-47.0,156.0,5.0,-119.0,6989.0,98.0,87.0,8.716344032595394,61.91770832771055,
5793,920.69275,326.95139354607454,30.30351215656896,193.12465682370325,28.0,0.8268,159.0,30.0,109.0,710.0,28.0,224.0,82.0,239.0,17.23544479018276,136,3,57,55,275.0,-83.0,77.0,-48.0,155.0,4.0,-120.0,6979.0,96.0,86.0,8.720769695978115,61.91770832771055,
5794,948.7716,340.0726194170687,37.98082964489134,203.37971724632348,27.0,0.8217,162.0,30.0,111.0,721.0,28.0,227.0,83.0,242.0,21.942147078365295,137,3,55,60,275.0,-85.0,76.0,-51.0,153.0,2.0,-122.0,6993.0,95.0,84.0,8.725195359360763,61.91770832771055,
5795,984.5511,310.7635419850115,45.085967929557135,210.0252366255053,27.0,0.8106,162.0,30.0,111.0,721.0,28.0,227.0,83.0,242.0,25.980593440989555,138,2,57,58,275.0,-85.0,76.0,-51.0,153.0,2.0,-122.0,6993.0,95.0,84.0,8.729621022743485,61.91770832771055,
5796,1027.3765,341.6943357764051,54.10344120677172,209.16875123879618,27.0,0.8045,168.0,32.0,117.0,742.0,27.0,233.0,85.0,247.0,30.30528565263329,140,2,58,58,273.0,-87.0,76.0,-53.0,149.0,-1.0,-124.0,6945.0,91.0,80.0,8.734046686126206,61.91770832771055,
5797,867.84454,161.0888459403686,3.7187023273995896,179.76721693678334,27.0,0.6471,165.0,31.0,114.0,728.0,27.0,227.0,83.0,242.0,2.4042269502318234,130,2,60,57,272.0,-85.0,76.0,-51.0,150.0,1.0,-122.0,6918.0,93.0,82.0,8.675921813918475,61.91562499437741,
5798,868.4966,238.54229059386944,5.388012189031789,181.44452483842545,27.0,0.65595,165.0,31.0,114.0,728.0,27.0,227.0,83.0,242.0,3.6539023620590396,132,5,59,56,272.0,-85.0,76.0,-51.0,150.0,1.0,-122.0,6918.0,93.0,82.0,8.680347175720867,61.91562499437741,
5799,869.83417,226.3876731701062,7.443672635701532,181.94774211434273,28.0,0.67385,170.0,32.0,118.0,748.0,27.0,233.0,85.0,248.0,4.490263679980154,132,4,61,56,270.0,-86.0,76.0,-55.0,147.0,-2.0,-123.0,6843.0,89.0,78.0,8.68477253752326,61.91562499437741,
5800,872.9443,271.5248425714152,11.452904202398793,184.87588721053575,28.0,0.68845,170.0,32.0,118.0,748.0,27.0,233.0,85.0,248.0,6.140129558277687,145,3,63,55,270.0,-86.0,76.0,-55.0,147.0,-2.0,-123.0,6843.0,89.0,78.0,8.68919789932558,61.91562499437741,
5801,880.7542,317.0508860531523,17.585659507600692,188.1358219283416,27.0,0.7302,177.0,34.0,124.0,774.0,26.0,240.0,88.0,255.0,10.055667858004734,143,2,58,53,268.0,-88.0,75.0,-58.0,143.0,-5.0,-125.0,6775.0,85.0,74.0,8.693623261127973,61.91562499437741,
5802,893.60004,344.0885278690183,22.262594659881163,191.36329906616567,27.0,0.7738,177.0,34.0,124.0,774.0,26.0,240.0,88.0,255.0,12.811155770488163,140,3,58,56,268.0,-88.0,75.0,-58.0,143.0,-5.0,-125.0,6775.0,85.0,74.0,8.698048622930367,61.91562499437741,
5803,909.39307,327.9502839549802,26.363185243424226,189.527057244797,28.0,0.78765,184.0,35.0,129.0,798.0,26.0,247.0,90.0,262.0,14.747717336541225,141,3,57,56,265.0,-91.0,75.0,-61.0,138.0,-8.0,-127.0,6731.0,81.0,70.0,8.702473984732759,61.91562499437741,
5804,925.89185,343.7566641313107,30.79829054865787,195.52607313068506,28.0,0.8181,184.0,35.0,129.0,798.0,26.0,247.0,90.0,262.0,17.576245415270943,142,5,57,57,265.0,-91.0,75.0,-61.0,138.0,-8.0,-127.0,6731.0,81.0,70.0,8.706899346535153,61.91562499437741,
5805,947.1143,343.20860110071254,35.28289966630542,199.08839423632466,28.0,0.8272,193.0,38.0,138.0,833.0,25.0,256.0,93.0,270.0,20.79472399687392,145,2,58,57,264.0,-94.0,74.0,-65.0,134.0,-12.0,-130.0,6678.0,77.0,66.0,8.711324708337544,61.91562499437741,
5806,972.8486,341.86751087667614,38.441411676649125,201.64319605008626,28.0,0.828,193.0,38.0,138.0,833.0,25.0,256.0,93.0,270.0,22.165703380811774,143,5,56,57,264.0,-94.0,74.0,-65.0,134.0,-12.0,-130.0,6678.0,77.0,66.0,8.715750070139936,61.91562499437741,
5807,1004.04626,342.45378784526565,45.565520831054044,204.01258137147204,28.0,0.8153,194.0,38.0,138.0,836.0,25.0,257.0,94.0,272.0,25.289231683897953,142,3,57,57,264.0,-95.0,74.0,-66.0,133.0,-13.0,-131.0,6687.0,76.0,65.0,8.720175431942328,61.91562499437741,
5808,993.28723,150.10456569833428,34.53950154817759,148.16039102308653,28.0,0.8012,272.0,43.0,155.0,970.0,27.0,231.0,110.0,314.0,21.0259503760084,112,0,55,53,226.0,-58.0,65.0,37.0,137.0,11.0,-89.0,5724.0,88.0,-20.0,7.701817398547805,61.913541661044256,
5809,968.5341,168.86176451918485,29.864044390574005,170.43944475670307,28.0,0.8003,272.0,43.0,155.0,970.0,27.0,231.0,110.0,314.0,16.58641588094602,115,0,52,52,226.0,-58.0,65.0,37.0,137.0,11.0,-89.0,5724.0,88.0,-20.0,7.70624245881682,61.913541661044256,
5810,958.4748,170.88018191752812,28.954987336103336,172.6629302625673,29.0,0.7942,270.0,43.0,155.0,964.0,27.0,231.0,110.0,312.0,16.153079666309598,133,0,54,54,227.0,-59.0,66.0,38.0,137.0,11.0,-90.0,5754.0,88.0,-21.0,7.710667519085833,61.913541661044256,
5811,956.1253,179.8233607651961,29.46732881321538,180.33472808155318,29.0,0.78025,270.0,43.0,155.0,964.0,27.0,231.0,110.0,312.0,16.311548120725323,127,0,55,56,227.0,-59.0,66.0,38.0,137.0,11.0,-90.0,5754.0,88.0,-21.0,7.715092579354846,61.913541661044256,
5812,963.077,189.29774370964984,32.88422546986909,189.9994934453904,29.0,0.8001,272.0,44.0,158.0,975.0,26.0,234.0,110.0,314.0,18.61256624295201,119,0,55,53,226.0,-60.0,66.0,36.0,136.0,10.0,-90.0,5739.0,87.0,-22.0,7.719517639623859,61.913541661044256,
5813,974.7195,189.14066162380234,35.92367084378331,190.25989903572585,29.0,0.7992,272.0,44.0,158.0,975.0,26.0,234.0,110.0,314.0,20.432468995144138,114,0,54,53,226.0,-60.0,66.0,36.0,136.0,10.0,-90.0,5739.0,87.0,-22.0,7.7239426998928025,61.913541661044256,
5814,989.8763,194.39083978062033,38.43368644222328,197.04902972196683,28.0,0.831,269.0,43.0,156.0,966.0,26.0,233.0,109.0,311.0,21.63660619186347,122,0,51,54,228.0,-61.0,66.0,36.0,136.0,10.0,-92.0,5770.0,87.0,-22.0,7.728367760161816,61.913541661044256,
5815,1004.06854,181.9951614521245,39.209307881633706,182.52638427736008,28.0,0.82865,269.0,43.0,156.0,966.0,26.0,233.0,109.0,311.0,21.53758068807861,130,0,51,56,228.0,-61.0,66.0,36.0,136.0,10.0,-92.0,5770.0,87.0,-22.0,7.732792820430829,61.913541661044256,
5816,1004.5921,178.5707239612959,37.997694350585554,178.57826105009346,28.0,0.8174,267.0,43.0,156.0,960.0,26.0,232.0,108.0,309.0,20.959172647782577,124,0,53,51,229.0,-61.0,66.0,36.0,137.0,10.0,-92.0,5792.0,87.0,-23.0,7.737217880699843,61.913541661044256,
5817,991.97943,166.9475779207884,30.134782882982282,168.82505102899117,28.0,0.8228,265.0,42.0,154.0,954.0,27.0,231.0,108.0,308.0,16.968133244876633,117,0,51,54,229.0,-61.0,66.0,36.0,137.0,9.0,-92.0,5793.0,87.0,-23.0,7.746068001237871,61.913541661044256,
5818,984.3534,181.88341191441245,31.749573015877438,182.65002963526274,28.0,0.8081,267.0,43.0,156.0,960.0,26.0,233.0,108.0,308.0,17.544685080154427,121,0,53,54,228.0,-62.0,66.0,35.0,136.0,8.0,-92.0,5794.0,86.0,-24.0,7.7504930615068846,61.913541661044256,
5819,995.43134,194.55277649592992,34.9911398758781,195.86028366296688,28.0,0.7591,267.0,43.0,156.0,960.0,26.0,233.0,108.0,308.0,19.783912760485556,132,4,53,54,228.0,-62.0,66.0,35.0,136.0,8.0,-92.0,5794.0,86.0,-24.0,7.754918121775897,61.913541661044256,
5820,1019.1005,196.64106978141288,39.32184767611907,199.7789533024661,28.0,0.7494,264.0,43.0,156.0,955.0,26.0,233.0,107.0,306.0,22.23272009322272,139,0,55,51,229.0,-62.0,66.0,35.0,136.0,9.0,-93.0,5806.0,86.0,-24.0,7.75934318204491,61.913541661044256,
5821,879.1666,184.8417818295055,7.07568034538527,181.5501545211792,27.0,0.67995,160.0,29.0,108.0,708.0,28.0,222.0,82.0,238.0,4.186464507128286,131,4,59,56,273.0,-83.0,76.0,-49.0,153.0,3.0,-120.0,6944.0,95.0,85.0,8.670905597460024,61.913541661044256,
5822,880.9258,198.31862316765114,9.390686715008519,181.8013463749001,27.0,0.68645,165.0,31.0,114.0,728.0,27.0,227.0,83.0,242.0,5.275548784567429,130,3,60,55,272.0,-85.0,76.0,-51.0,150.0,1.0,-122.0,6918.0,93.0,82.0,8.67533065772904,61.913541661044256,
5823,885.7013,269.7635700267341,12.595170038569897,185.38298191754828,27.0,0.686,165.0,31.0,114.0,728.0,27.0,227.0,83.0,242.0,7.424620227899086,134,6,59,57,272.0,-85.0,76.0,-51.0,150.0,1.0,-122.0,6918.0,93.0,82.0,8.679755717998052,61.913541661044256,
5824,894.6374,305.20974731469823,18.0046645582046,189.84889084667887,28.0,0.72575,170.0,32.0,118.0,748.0,27.0,233.0,85.0,248.0,10.687800509938624,136,4,59,56,270.0,-86.0,76.0,-55.0,147.0,-2.0,-123.0,6843.0,89.0,78.0,8.684180778267066,61.913541661044256,
5825,910.7387,339.22944188477305,24.421160600253813,196.41607174817577,28.0,0.7645,170.0,32.0,118.0,748.0,27.0,233.0,85.0,248.0,14.371641541009007,145,3,58,54,270.0,-86.0,76.0,-55.0,147.0,-2.0,-123.0,6843.0,89.0,78.0,8.688605838536008,61.913541661044256,
5826,932.2607,340.6841541146474,28.604396939747783,197.2835952350476,27.0,0.8014,177.0,34.0,124.0,774.0,26.0,240.0,88.0,255.0,16.520505771717833,145,2,58,56,268.0,-88.0,75.0,-58.0,143.0,-5.0,-125.0,6775.0,85.0,74.0,8.693030898805022,61.913541661044256,
5827,954.3052,344.33770143426744,33.36247635607788,195.49550885001997,27.0,0.81195,177.0,34.0,124.0,774.0,26.0,240.0,88.0,255.0,18.07912108988384,145,3,57,57,268.0,-88.0,75.0,-58.0,143.0,-5.0,-125.0,6775.0,85.0,74.0,8.697455959074036,61.913541661044256,
5828,980.6522,342.8097485521008,38.78578053369993,200.13186160835977,28.0,0.8171,184.0,35.0,129.0,798.0,26.0,247.0,90.0,262.0,21.67747455564515,144,3,57,56,265.0,-91.0,75.0,-61.0,138.0,-8.0,-127.0,6731.0,81.0,70.0,8.70188101934305,61.913541661044256,
5829,1008.7998,343.8933687018676,44.14834727202894,201.3603217749638,28.0,0.80215,184.0,35.0,129.0,798.0,26.0,247.0,90.0,262.0,24.98336070846406,149,3,61,58,265.0,-91.0,75.0,-61.0,138.0,-8.0,-127.0,6731.0,81.0,70.0,8.706306079612062,61.913541661044256,
5830,1033.6018,342.40284059419474,43.99297934352746,197.62182657580001,28.0,0.7971,193.0,38.0,138.0,833.0,25.0,256.0,93.0,270.0,23.845974119183044,145,4,59,56,264.0,-94.0,74.0,-65.0,134.0,-12.0,-130.0,6678.0,77.0,66.0,8.710731139881077,61.913541661044256,
5831,1073.5638,169.93161265886687,65.85359671593403,162.7121190056586,28.0,0.7659,305.0,51.0,179.0,1085.0,25.0,259.0,123.0,347.0,34.55267266891989,113,0,58,56,224.0,-67.0,64.0,26.0,126.0,1.0,-98.0,5656.0,77.0,-30.0,7.679168867485197,61.9114583277111,
5832,1053.8738,172.66407914474124,69.23553228550041,167.47246352237977,28.0,0.7124,287.0,47.0,166.0,1021.0,26.0,243.0,116.0,328.0,34.845925929452854,132,0,56,56,225.0,-62.0,65.0,33.0,133.0,7.0,-92.0,5712.0,84.0,-25.0,7.6835936262677,61.9114583277111,
5833,995.75397,160.6212294806504,51.98110810339229,151.3078051246727,28.0,0.7286,279.0,45.0,160.0,992.0,26.0,236.0,113.0,321.0,28.765069511461853,120,0,55,56,226.0,-60.0,65.0,36.0,136.0,10.0,-90.0,5744.0,87.0,-23.0,7.692443143832846,61.9114583277111,
5834,937.2747,52.18171148876354,16.596563176772,169.04836542618312,28.0,0.678,162.0,29.0,110.0,712.0,28.0,221.0,81.0,237.0,10.392518594297364,113,5,56,60,270.0,-82.0,76.0,-49.0,152.0,3.0,-118.0,6853.0,94.0,83.0,8.630492005736642,61.9114583277111,
5835,925.89886,49.40186340658935,18.8769087211502,171.93846764978497,27.0,0.6972,160.0,29.0,108.0,707.0,28.0,221.0,81.0,237.0,11.950943135614022,119,6,54,60,272.0,-82.0,76.0,-49.0,153.0,4.0,-119.0,6912.0,95.0,84.0,8.634916764519216,61.9114583277111,
5836,917.32697,99.84457432903224,17.371903036853105,176.28477324231096,27.0,0.6941,160.0,29.0,108.0,707.0,28.0,221.0,81.0,237.0,10.659319715131263,128,8,57,59,272.0,-82.0,76.0,-49.0,153.0,4.0,-119.0,6912.0,95.0,84.0,8.63934152330179,61.9114583277111,
5837,909.4466,47.30599603642127,14.472143980775071,174.08312196586013,27.0,0.6764,160.0,29.0,108.0,707.0,28.0,221.0,81.0,237.0,8.499010679173894,133,6,57,60,272.0,-83.0,76.0,-49.0,153.0,4.0,-119.0,6933.0,95.0,85.0,8.643766282084362,61.9114583277111,
5838,896.5052,80.95129160368982,8.837166179235005,177.96070795368746,27.0,0.67825,159.0,29.0,108.0,705.0,28.0,221.0,81.0,236.0,5.4447673330493345,136,4,62,55,273.0,-82.0,76.0,-48.0,154.0,4.0,-119.0,6949.0,96.0,85.0,8.65704055843201,61.9114583277111,
5839,894.2828,122.64162169002363,8.352357225270191,178.82373698585542,27.0,0.6721,159.0,29.0,108.0,706.0,28.0,221.0,81.0,237.0,5.235979774640214,129,3,60,54,273.0,-83.0,76.0,-49.0,154.0,4.0,-119.0,6960.0,96.0,85.0,8.661465317214583,61.9114583277111,
5840,892.78125,159.72569844507407,8.893456088538874,181.2069484946788,27.0,0.6815,159.0,29.0,108.0,706.0,28.0,221.0,81.0,237.0,5.437137461155649,133,4,59,55,273.0,-83.0,76.0,-49.0,154.0,4.0,-119.0,6960.0,96.0,85.0,8.665890075997158,61.9114583277111,
5841,898.83514,291.36609979721123,11.235938375279591,186.96067641253973,27.0,0.7218,160.0,29.0,108.0,708.0,28.0,222.0,82.0,238.0,6.882115840522675,129,6,60,56,273.0,-83.0,76.0,-49.0,153.0,3.0,-120.0,6944.0,95.0,85.0,8.670314834779731,61.9114583277111,
5842,909.3744,323.1084149921811,17.11601683448493,189.29550819103952,27.0,0.73215,160.0,29.0,108.0,708.0,28.0,222.0,82.0,238.0,9.76250866691623,137,6,59,55,273.0,-83.0,76.0,-49.0,153.0,3.0,-120.0,6944.0,95.0,85.0,8.674739593562302,61.9114583277111,
5843,925.0602,325.0781481547358,24.793851024087463,192.33443300667858,27.0,0.7463,165.0,31.0,114.0,728.0,27.0,227.0,83.0,242.0,14.63002750258107,132,6,59,58,272.0,-85.0,76.0,-51.0,150.0,1.0,-122.0,6918.0,93.0,82.0,8.679164352344875,61.9114583277111,
5844,945.2038,339.39958530957233,30.90547539575851,200.20057428634573,28.0,0.7669,170.0,32.0,118.0,748.0,27.0,233.0,85.0,248.0,18.162080411917724,147,6,58,56,270.0,-86.0,76.0,-55.0,147.0,-2.0,-123.0,6843.0,89.0,78.0,8.683589111127448,61.9114583277111,
5845,975.45636,339.76879745819457,36.39308409793288,203.32809182773204,28.0,0.79635,170.0,32.0,118.0,748.0,27.0,233.0,85.0,248.0,21.91495452429026,144,3,58,56,270.0,-86.0,76.0,-55.0,147.0,-2.0,-123.0,6843.0,89.0,78.0,8.688013869909952,61.9114583277111,
5846,1003.884,342.03102117320157,38.82801370662936,201.79860662008247,27.0,0.7854,177.0,34.0,124.0,774.0,26.0,240.0,88.0,255.0,23.009157289693018,147,5,60,57,268.0,-88.0,75.0,-58.0,143.0,-5.0,-125.0,6775.0,85.0,74.0,8.692438628692523,61.9114583277111,
5847,1013.19855,154.20182310684925,33.80640761352158,150.87524742600007,28.0,0.6817,314.0,52.0,182.0,1107.0,25.0,261.0,127.0,356.0,22.66977552206332,123,0,58,51,222.0,-66.0,64.0,26.0,125.0,2.0,-97.0,5623.0,77.0,-29.0,7.643250060466708,61.90937499437796,
5848,984.5871,171.08709212870275,34.0969563795742,172.62633981136378,28.0,0.7509,314.0,52.0,182.0,1107.0,25.0,261.0,127.0,356.0,19.512403595546004,101,0,59,49,222.0,-66.0,64.0,26.0,125.0,2.0,-97.0,5623.0,77.0,-29.0,7.647674517809697,61.90937499437796,
5849,970.9078,175.60993365527298,33.62670278749056,176.06727667626123,28.0,0.8218,314.0,53.0,183.0,1112.0,25.0,263.0,127.0,356.0,19.339091884210152,114,0,53,55,222.0,-67.0,64.0,25.0,124.0,0.0,-98.0,5614.0,76.0,-31.0,7.652098975152759,61.90937499437796,
5850,968.4917,175.2922232588194,32.02637149533424,175.98413418021346,28.0,0.8348,314.0,53.0,183.0,1112.0,25.0,263.0,127.0,356.0,17.448099930840648,117,0,57,52,222.0,-67.0,64.0,25.0,124.0,0.0,-98.0,5614.0,76.0,-31.0,7.65652343249582,61.90937499437796,
5851,962.82294,170.99645734749197,38.4579601674293,171.21619255659192,28.0,0.8189,313.0,52.0,182.0,1107.0,25.0,263.0,126.0,354.0,22.23473549142241,110,0,55,53,222.0,-67.0,64.0,25.0,124.0,0.0,-98.0,5617.0,76.0,-31.0,7.66094788983888,61.90937499437796,
5852,952.25024,173.4467524420317,40.07180339668416,173.55266087705112,28.0,0.7615,313.0,52.0,182.0,1107.0,25.0,263.0,126.0,354.0,21.733066092466682,101,0,51,53,222.0,-67.0,64.0,25.0,124.0,0.0,-98.0,5617.0,76.0,-31.0,7.66537234718194,61.90937499437796,
5853,990.3951,160.20820982576745,19.729773327768715,179.04028255346415,28.0,0.6471,162.0,29.0,110.0,712.0,28.0,221.0,81.0,237.0,10.847499381736197,116,5,56,58,270.0,-82.0,76.0,-49.0,152.0,3.0,-118.0,6853.0,94.0,83.0,8.629904047967367,61.90937499437796,
5854,983.7375,64.31422439152016,22.220019942158356,170.13149526324054,27.0,0.687,160.0,29.0,108.0,707.0,28.0,221.0,81.0,237.0,13.02489282523498,128,6,56,56,272.0,-82.0,76.0,-49.0,153.0,4.0,-119.0,6912.0,95.0,84.0,8.634328505310428,61.90937499437796,
5855,965.67523,35.955775117932546,18.461274345002952,167.19527030289944,27.0,0.6799,160.0,29.0,108.0,707.0,28.0,221.0,81.0,237.0,11.366581165717278,130,5,58,59,272.0,-82.0,76.0,-49.0,153.0,4.0,-119.0,6912.0,95.0,84.0,8.63875296265349,61.90937499437796,
5856,952.2386,72.62673665961708,15.828679750345403,171.95057303684695,27.0,0.6706,160.0,29.0,108.0,707.0,28.0,221.0,81.0,237.0,10.458893156198283,132,5,60,60,272.0,-83.0,76.0,-49.0,153.0,4.0,-119.0,6933.0,95.0,85.0,8.64317741999655,61.90937499437796,
5857,935.6037,54.706004168376275,10.676093709106594,165.464901200956,27.0,0.6768,160.0,29.0,108.0,707.0,28.0,221.0,81.0,237.0,7.398097792078118,129,5,59,58,272.0,-83.0,76.0,-49.0,153.0,4.0,-119.0,6933.0,95.0,85.0,8.647601877339538,61.90937499437796,
5858,920.5204,37.508194447620546,8.29588518391679,172.03119742883143,27.0,0.6799,159.0,29.0,108.0,705.0,28.0,221.0,81.0,236.0,5.240606884832716,128,5,59,57,273.0,-82.0,76.0,-48.0,154.0,4.0,-119.0,6949.0,96.0,85.0,8.6520263346826,61.90937499437796,
5859,914.9405,76.71774650287637,8.594568306023806,177.32417921030665,27.0,0.6674,159.0,29.0,108.0,705.0,28.0,221.0,81.0,236.0,4.67638583110454,131,6,62,54,273.0,-82.0,76.0,-48.0,154.0,4.0,-119.0,6949.0,96.0,85.0,8.656450792025659,61.90937499437796,
5860,913.2522,195.09511332277418,10.072473822691116,181.78160689676648,27.0,0.6786,159.0,29.0,108.0,706.0,28.0,221.0,81.0,237.0,5.3474529819253,131,5,60,56,273.0,-83.0,76.0,-49.0,154.0,4.0,-119.0,6960.0,96.0,85.0,8.66087524936872,61.90937499437796,
5861,916.42993,291.22876264598807,13.16273161735115,185.28676007476807,27.0,0.6998,159.0,29.0,108.0,706.0,28.0,221.0,81.0,237.0,6.554587702307436,129,5,60,55,273.0,-83.0,76.0,-49.0,154.0,4.0,-119.0,6960.0,96.0,85.0,8.665299706711782,61.90937499437796,
5862,926.59064,326.1081025867599,17.32269965937165,191.62781988505805,27.0,0.7323,160.0,29.0,108.0,708.0,28.0,222.0,82.0,238.0,9.919561086953076,130,6,59,56,273.0,-83.0,76.0,-49.0,153.0,3.0,-120.0,6944.0,95.0,85.0,8.669724164054841,61.90937499437796,
5863,951.02313,327.6329060858956,21.708543724919174,204.85684491663403,27.0,0.7481,160.0,29.0,108.0,708.0,28.0,222.0,82.0,238.0,14.533777356651749,135,4,57,54,273.0,-83.0,76.0,-49.0,153.0,3.0,-120.0,6944.0,95.0,85.0,8.674148621397903,61.90937499437796,
5864,986.096,328.61425821854914,25.122345363130616,204.5551200766538,27.0,0.75605,165.0,31.0,114.0,728.0,27.0,227.0,83.0,242.0,15.44483696823811,132,5,59,55,272.0,-85.0,76.0,-51.0,150.0,1.0,-122.0,6918.0,93.0,82.0,8.67857307874096,61.90937499437796,
5865,1021.67395,328.558601626671,30.893091760275457,211.45574220313324,27.0,0.7543,165.0,31.0,114.0,728.0,27.0,227.0,83.0,242.0,19.969144486347467,130,4,58,56,272.0,-85.0,76.0,-51.0,150.0,1.0,-122.0,6918.0,93.0,82.0,8.682997536084022,61.90937499437796,
5866,1031.385,178.69571884890377,54.191670478746765,178.48285162024789,28.0,0.80245,291.0,47.0,163.0,1023.0,27.0,237.0,118.0,334.0,30.248867754083218,122,0,54,56,223.0,-57.0,64.0,38.0,136.0,12.0,-87.0,5700.0,88.0,-20.0,7.629456936907499,61.90729166104482,
5867,1012.4378,163.3901618476427,49.50899277424724,154.6310259330972,29.0,0.78005,289.0,46.0,162.0,1017.0,27.0,237.0,118.0,332.0,30.259309808356115,122,0,56,56,223.0,-57.0,65.0,38.0,136.0,12.0,-87.0,5673.0,88.0,-20.0,7.6338810928579655,61.90729166104482,
5868,980.05756,159.497938723211,39.21702871618713,154.64750353607855,29.0,0.7507,289.0,46.0,162.0,1017.0,27.0,237.0,118.0,332.0,24.391671762932923,137,0,53,58,223.0,-57.0,65.0,38.0,136.0,12.0,-87.0,5673.0,88.0,-20.0,7.6383052488084315,61.90729166104482,
5869,947.14246,151.43991684406188,23.94236121164229,159.7297099904672,29.0,0.7196,288.0,46.0,162.0,1013.0,27.0,237.0,117.0,329.0,14.046917427462857,126,0,54,59,224.0,-57.0,65.0,38.0,137.0,12.0,-87.0,5670.0,88.0,-20.0,7.642729404758897,61.90729166104482,
5870,1015.9418,173.3307916248657,8.222823986523037,173.27027964186684,28.0,0.68715,177.0,33.0,123.0,770.0,26.0,238.0,87.0,254.0,7.439878018437115,132,5,59,56,266.0,-88.0,75.0,-57.0,142.0,-5.0,-124.0,6742.0,85.0,74.0,8.633740337661346,61.90729166104482,
5871,998.4711,71.1088698938643,9.588220489097907,164.69017698368194,28.0,0.70665,177.0,33.0,123.0,770.0,26.0,238.0,87.0,254.0,6.4379015447041485,136,6,61,57,266.0,-88.0,75.0,-57.0,142.0,-5.0,-124.0,6742.0,85.0,74.0,8.638164493611812,61.90729166104482,
5872,954.39575,37.280656765398604,12.225166517518199,168.20811472202837,28.0,0.708,177.0,33.0,123.0,770.0,26.0,238.0,87.0,254.0,7.078209162504085,130,5,58,58,266.0,-88.0,75.0,-57.0,142.0,-5.0,-124.0,6758.0,85.0,74.0,8.647012805512672,61.90729166104482,
5873,944.8797,52.1236420813911,15.078153859336227,174.6527310304868,28.0,0.6903,175.0,33.0,122.0,762.0,26.0,235.0,86.0,251.0,8.017281824631961,129,4,59,58,267.0,-87.0,75.0,-56.0,143.0,-4.0,-124.0,6758.0,86.0,75.0,8.651436961463135,61.90729166104482,
5874,941.2403,166.0756100421808,18.4790724553212,181.46917315513463,28.0,0.66265,175.0,33.0,122.0,762.0,26.0,235.0,86.0,251.0,9.984550722625878,134,5,62,56,267.0,-87.0,75.0,-56.0,143.0,-4.0,-124.0,6758.0,86.0,75.0,8.655861117413602,61.90729166104482,
5875,945.2456,244.55348684082378,22.126363878095255,186.45908259720227,27.0,0.70015,175.0,33.0,122.0,762.0,26.0,236.0,86.0,251.0,12.707805254304061,133,5,59,59,269.0,-88.0,75.0,-56.0,144.0,-4.0,-125.0,6791.0,86.0,75.0,8.660285273364067,61.90729166104482,
5876,959.3487,336.9744683529528,26.358747049999625,194.90414346317112,27.0,0.7474,175.0,33.0,122.0,762.0,26.0,236.0,86.0,251.0,17.32602495442004,129,6,57,56,269.0,-88.0,75.0,-56.0,144.0,-4.0,-125.0,6791.0,86.0,75.0,8.664709429314534,61.90729166104482,
5877,976.9762,293.8431411690621,24.87936576015531,191.75158287248277,27.0,0.73785,177.0,33.0,123.0,770.0,26.0,238.0,87.0,254.0,16.034243412330408,128,8,59,57,268.0,-89.0,75.0,-58.0,143.0,-5.0,-125.0,6789.0,85.0,74.0,8.669133585265,61.90729166104482,
5878,994.4373,328.2754982325219,18.900451954491988,196.8775188929956,27.0,0.7212,177.0,33.0,123.0,770.0,26.0,238.0,87.0,254.0,12.336119565212504,132,5,61,54,268.0,-89.0,75.0,-58.0,143.0,-5.0,-125.0,6789.0,85.0,74.0,8.673557741215465,61.90729166104482,
5879,989.63464,147.23825162796527,26.450296005587898,156.00751915699328,28.0,0.8116,308.0,50.0,171.0,1073.0,27.0,246.0,125.0,351.0,15.256351707315188,137,10,59,48,221.0,-57.0,64.0,36.0,134.0,10.0,-87.0,5602.0,86.0,-21.0,7.589122574826042,61.90520832771167,
5880,973.3802,166.8645131406539,26.394884031173962,172.76614834459411,28.0,0.84755,301.0,49.0,168.0,1053.0,27.0,242.0,123.0,345.0,13.180342121929122,127,8,55,51,222.0,-56.0,64.0,37.0,135.0,12.0,-87.0,5611.0,87.0,-20.0,7.5935464294308215,61.90520832771167,
5881,965.5608,174.44391501162784,31.628024972704967,176.49324440287378,28.0,0.8593,301.0,49.0,168.0,1053.0,27.0,242.0,123.0,345.0,15.35711076261207,124,0,58,53,222.0,-56.0,64.0,37.0,135.0,12.0,-87.0,5611.0,87.0,-20.0,7.597970284035598,61.90520832771167,
5882,958.1747,177.01069701019915,35.475312653445634,179.46805952912172,28.0,0.84605,300.0,48.0,166.0,1045.0,27.0,240.0,122.0,342.0,17.798018344941966,130,0,58,55,223.0,-56.0,64.0,37.0,136.0,12.0,-87.0,5645.0,88.0,-20.0,7.602394138640376,61.90520832771167,
5883,944.89465,320.28533748240886,34.51195866203802,207.96018250370028,28.0,0.7466,289.0,49.0,177.0,1049.0,24.0,259.0,116.0,330.0,20.449188669843227,139,7,49,54,228.0,-72.0,65.0,23.0,124.0,-3.0,-104.0,5764.0,74.0,-35.0,7.783772177435914,61.90520832771167,
5884,1019.34174,228.88334175492918,12.535009861061663,184.2550448820619,28.0,0.67925,178.0,33.0,123.0,771.0,26.0,238.0,87.0,254.0,7.489806105201823,130,4,58,57,265.0,-87.0,75.0,-57.0,142.0,-5.0,-123.0,6717.0,85.0,74.0,8.633152261551702,61.90520832771167,
5885,1022.14404,156.06958495142374,21.863049102467215,178.85711247935268,28.0,0.6922,177.0,33.0,123.0,770.0,26.0,238.0,87.0,254.0,12.6503327465002,136,4,61,57,266.0,-88.0,75.0,-57.0,142.0,-5.0,-124.0,6742.0,85.0,74.0,8.63757611615648,61.90520832771167,
5886,1013.76526,85.9955064238621,28.51687295061521,171.94428352495507,28.0,0.70485,177.0,33.0,123.0,770.0,26.0,238.0,87.0,254.0,17.57772792546487,137,4,58,58,266.0,-88.0,75.0,-57.0,142.0,-5.0,-124.0,6758.0,85.0,74.0,8.641999970761256,61.90520832771167,
5887,1001.4446,50.10905907564711,30.66268482217021,171.83370897491767,28.0,0.7056,177.0,33.0,123.0,770.0,26.0,238.0,87.0,254.0,17.529003205768003,135,4,60,56,266.0,-88.0,75.0,-57.0,142.0,-5.0,-124.0,6758.0,85.0,74.0,8.646423825365964,61.90520832771167,
5888,999.4695,155.02982758455093,36.46314971835616,180.61323698362574,28.0,0.71,175.0,33.0,122.0,762.0,26.0,235.0,86.0,251.0,20.041493176295177,133,3,59,56,267.0,-87.0,75.0,-56.0,143.0,-4.0,-124.0,6758.0,86.0,75.0,8.65084767997074,61.90520832771167,
5889,1006.4367,223.46979016151718,37.16091115861006,187.42775922168494,28.0,0.71315,175.0,33.0,122.0,762.0,26.0,235.0,86.0,251.0,22.443266584318952,135,6,62,58,267.0,-87.0,75.0,-56.0,143.0,-4.0,-124.0,6758.0,86.0,75.0,8.655271534575519,61.90520832771167,
5890,1011.27954,220.33145546146946,29.21950834916156,182.76639987123536,27.0,0.73385,175.0,33.0,122.0,762.0,26.0,236.0,86.0,251.0,17.30839101354658,132,6,58,57,269.0,-88.0,75.0,-56.0,144.0,-4.0,-125.0,6791.0,86.0,75.0,8.659695389180296,61.90520832771167,
5891,1016.2325,302.8558423529285,19.326989646096756,188.7734807850273,27.0,0.755,175.0,33.0,122.0,762.0,26.0,236.0,86.0,251.0,10.022208777157015,127,4,57,56,269.0,-88.0,75.0,-56.0,144.0,-4.0,-125.0,6791.0,86.0,75.0,8.664119243785075,61.90520832771167,
5892,1024.7941,233.88781824270052,16.325480956539288,183.15766960153866,27.0,0.7329,177.0,33.0,123.0,770.0,26.0,238.0,87.0,254.0,8.407690692722305,130,4,56,56,268.0,-89.0,75.0,-58.0,143.0,-5.0,-125.0,6789.0,85.0,74.0,8.668543098389854,61.90520832771167,
5893,1027.3033,182.5320223503439,13.286996252028006,180.89052127949722,27.0,0.6936,177.0,33.0,123.0,770.0,26.0,238.0,87.0,254.0,7.338746517192835,122,4,61,55,268.0,-89.0,75.0,-58.0,143.0,-5.0,-125.0,6789.0,85.0,74.0,8.67296695299463,61.90520832771167,
5894,829.3474,216.16805413914773,99.55061175238257,248.17885273074106,28.0,0.7369,419.0,70.0,226.0,1411.0,27.0,302.0,170.0,467.0,49.46071949910553,109,7,61,51,204.0,-58.0,59.0,25.0,118.0,4.0,-86.0,5164.0,73.0,-23.0,7.265686305413756,61.90312499437853,
5895,971.54034,208.0134103641387,38.950047532915356,185.82994086132945,29.0,0.84025,271.0,43.0,155.0,968.0,27.0,231.0,110.0,314.0,22.393061943926654,131,0,51,54,227.0,-59.0,66.0,38.0,137.0,11.0,-90.0,5758.0,88.0,-21.0,7.703618082705686,61.90312499437853,
5896,977.66895,174.4681070095443,41.474336009834914,181.392562841689,29.0,0.7378,271.0,43.0,155.0,968.0,27.0,231.0,110.0,314.0,23.666888505336136,118,20,52,54,227.0,-59.0,66.0,38.0,137.0,11.0,-90.0,5758.0,88.0,-21.0,7.708041636011672,61.90312499437853,
5897,940.0009,333.84453231195994,25.448734566326,189.27570583065784,28.0,0.7123,261.0,42.0,154.0,944.0,26.0,230.0,106.0,303.0,14.585959338922304,134,3,54,56,230.0,-62.0,66.0,36.0,137.0,9.0,-93.0,5815.0,87.0,-23.0,7.7655478289893605,61.90312499437853,
5898,954.61194,313.7312681841751,30.194087468238358,191.37100286814876,28.0,0.7606,264.0,42.0,155.0,953.0,26.0,233.0,107.0,305.0,17.98650772806924,128,15,54,57,230.0,-63.0,66.0,34.0,136.0,7.0,-94.0,5834.0,86.0,-25.0,7.769971382295348,61.90312499437853,
5899,974.08075,345.7651625804608,37.05684622458553,194.21182524215766,28.0,0.7552,264.0,42.0,155.0,953.0,26.0,233.0,107.0,305.0,20.922438501691996,121,0,53,56,230.0,-63.0,66.0,34.0,136.0,7.0,-94.0,5834.0,86.0,-25.0,7.774394935601333,61.90312499437853,
5900,1061.1013,228.4651454266732,20.787925142446063,184.6884412568304,27.0,0.692,177.0,33.0,123.0,770.0,26.0,238.0,87.0,254.0,12.366891519242756,128,5,57,57,268.0,-89.0,75.0,-58.0,143.0,-5.0,-125.0,6789.0,85.0,74.0,8.66795270340907,61.90312499437853,
5901,339.09103,50.44082489492667,57.56333286083589,135.52650149829313,28.0,0.8542,352.0,51.0,164.0,1157.0,34.0,219.0,147.0,413.0,33.249054234872624,124,4,55,62,204.0,-11.0,59.0,78.0,167.0,54.0,-37.0,5292.0,124.0,24.0,7.185572962187353,61.901041661045376,
5902,280.62323,30.606925516658816,45.83643830944583,143.2661011910946,28.0,0.893,352.0,51.0,164.0,1157.0,34.0,219.0,147.0,413.0,26.347904707585293,134,9,56,62,204.0,-11.0,59.0,78.0,167.0,54.0,-37.0,5292.0,124.0,24.0,7.189996214241436,61.901041661045376,
5903,237.4942,41.259728779921,32.11846994544619,162.99904678300686,28.0,0.9045,355.0,51.0,166.0,1164.0,33.0,221.0,148.0,414.0,17.77167218633978,132,5,47,59,204.0,-13.0,59.0,75.0,165.0,52.0,-39.0,5283.0,122.0,22.0,7.194419466295518,61.901041661045376,
5904,581.7392,208.2563250440648,54.149123810449694,223.64703202098832,28.0,0.8387,419.0,70.0,226.0,1411.0,27.0,302.0,170.0,467.0,30.596487512398244,110,4,57,56,204.0,-58.0,59.0,25.0,118.0,4.0,-86.0,5164.0,73.0,-23.0,7.260768247106613,61.901041661045376,
5905,644.07764,210.31646457298513,58.512368112418116,226.30803820096438,28.0,0.7924,419.0,70.0,226.0,1411.0,27.0,302.0,170.0,467.0,31.370606428020583,116,9,58,57,204.0,-58.0,59.0,25.0,118.0,4.0,-86.0,5164.0,73.0,-23.0,7.2651914991606965,61.901041661045376,
5906,950.9013,272.5450918600596,35.171515363099864,188.87908375590442,28.0,0.5283,278.0,44.0,158.0,988.0,27.0,234.0,113.0,321.0,19.329035320573546,129,6,51,53,225.0,-58.0,65.0,37.0,137.0,11.0,-88.0,5707.0,88.0,-21.0,7.676553940189662,61.901041661045376,
5907,993.07434,336.51737121769185,44.99212624666916,197.15792172232466,28.0,0.77255,276.0,44.0,158.0,982.0,27.0,233.0,112.0,318.0,25.65015923152064,129,17,50,52,225.0,-58.0,65.0,37.0,137.0,11.0,-88.0,5702.0,88.0,-21.0,7.685400444297756,61.901041661045376,
5908,960.2408,113.5677759154613,32.643220717653996,176.07294089381745,28.0,0.7834,264.0,42.0,152.0,946.0,27.0,228.0,107.0,305.0,18.225405742785615,137,15,55,55,228.0,-59.0,66.0,38.0,138.0,11.0,-90.0,5790.0,89.0,-21.0,7.738479468946676,61.901041661045376,
5909,962.11456,172.05031294331633,33.455676663653485,180.83364660227403,28.0,0.7961,261.0,41.0,151.0,940.0,27.0,228.0,106.0,303.0,19.140697766407264,129,4,52,55,230.0,-60.0,66.0,38.0,139.0,11.0,-91.0,5822.0,89.0,-22.0,7.742902721000758,61.901041661045376,
5910,970.7132,300.8929313968255,34.95207498144083,189.11026328806116,28.0,0.76445,261.0,41.0,151.0,940.0,27.0,228.0,106.0,303.0,19.830622258536987,128,4,51,54,230.0,-60.0,66.0,38.0,139.0,11.0,-91.0,5822.0,89.0,-22.0,7.74732597305484,61.901041661045376,
5911,983.4454,260.5399640326261,36.31791682362906,189.66402187558631,28.0,0.7838,259.0,41.0,151.0,934.0,27.0,227.0,105.0,301.0,20.1093832248899,133,2,51,54,230.0,-60.0,66.0,38.0,139.0,11.0,-91.0,5822.0,89.0,-22.0,7.751749225108922,61.901041661045376,
5912,481.43454,30.148881127449126,60.397882902702214,129.8381909012471,28.0,0.84495,394.0,58.0,189.0,1283.0,32.0,250.0,163.0,447.0,33.997271566852724,114,5,52,60,204.0,-29.0,59.0,58.0,148.0,35.0,-56.0,5247.0,105.0,6.0,7.185083654618778,61.898958327712236,
5913,412.8554,27.327531425343935,62.012663182579736,134.39001239408242,28.0,0.86885,394.0,58.0,189.0,1283.0,32.0,250.0,163.0,447.0,34.319003800911815,108,14,54,59,204.0,-29.0,59.0,58.0,148.0,35.0,-56.0,5247.0,105.0,6.0,7.189506605467834,61.898958327712236,
5914,343.9194,27.767286464579808,59.3610027916507,148.1872772377541,28.0,0.902,389.0,57.0,186.0,1265.0,32.0,246.0,161.0,441.0,31.953883098184566,122,6,56,61,205.0,-27.0,59.0,60.0,150.0,36.0,-55.0,5255.0,106.0,7.0,7.1939295563168875,61.898958327712236,
5915,308.87833,94.1453201452274,62.32980876163574,172.80614493169958,28.0,0.88535,389.0,57.0,186.0,1265.0,32.0,246.0,161.0,441.0,32.04923731539827,117,5,53,61,205.0,-27.0,59.0,60.0,150.0,36.0,-55.0,5255.0,106.0,7.0,7.198352507165941,61.898958327712236,
5916,330.3749,258.82423818041343,76.32217088907888,202.61423227033507,28.0,0.8806,385.0,57.0,185.0,1255.0,32.0,244.0,159.0,437.0,34.978422596030356,126,11,53,60,205.0,-27.0,59.0,60.0,150.0,37.0,-55.0,5286.0,107.0,7.0,7.2027754580149965,61.898958327712236,
5917,362.23425,224.13544887071347,51.27840544538809,193.83955055036998,28.0,0.8871,385.0,57.0,185.0,1255.0,32.0,244.0,159.0,437.0,26.210335810180332,146,11,57,59,205.0,-27.0,59.0,60.0,150.0,37.0,-55.0,5286.0,107.0,7.0,7.20719840886405,61.898958327712236,
5918,358.6651,61.4448173829176,39.053084090971375,161.89607718900416,29.0,0.89,385.0,57.0,185.0,1256.0,32.0,246.0,159.0,437.0,21.486082174056296,138,3,56,60,206.0,-29.0,60.0,59.0,150.0,36.0,-56.0,5294.0,106.0,6.0,7.211621359713105,61.898958327712236,
5919,447.3757,208.32022480535485,56.91748750725376,229.8721954561041,28.0,0.8411,362.0,53.0,172.0,1182.0,32.0,231.0,150.0,413.0,36.28152467353337,126,0,62,60,207.0,-25.0,60.0,64.0,155.0,40.0,-52.0,5350.0,111.0,9.0,7.260273819052558,61.898958327712236,
5920,527.49835,209.92329554623143,58.77787176051777,228.8767473636653,28.0,0.81195,362.0,53.0,172.0,1182.0,32.0,231.0,150.0,413.0,33.83127639374249,121,5,57,58,207.0,-25.0,60.0,64.0,155.0,40.0,-52.0,5350.0,111.0,9.0,7.264696769901613,61.898958327712236,
5921,642.58453,227.38439506467762,76.54906797309583,253.5751427075315,28.0,0.78185,377.0,58.0,186.0,1239.0,30.0,250.0,155.0,425.0,44.0805676409862,114,4,60,57,209.0,-36.0,60.0,51.0,144.0,28.0,-65.0,5333.0,99.0,-1.0,7.269119720750667,61.898958327712236,
5922,978.15735,131.58669318183573,50.65047917961946,175.733718581119,29.0,0.75975,328.0,56.0,195.0,1164.0,24.0,276.0,132.0,371.0,27.54896796763338,143,0,56,52,220.0,-71.0,64.0,19.0,119.0,-5.0,-101.0,5575.0,71.0,-35.0,7.645070542919561,61.898958327712236,
5923,970.4976,180.91895869554324,49.86851452840336,182.11620141819657,29.0,0.7914,328.0,56.0,195.0,1164.0,24.0,276.0,132.0,371.0,27.160953907550493,144,3,56,54,220.0,-71.0,64.0,19.0,119.0,-5.0,-101.0,5575.0,71.0,-35.0,7.649493493768617,61.898958327712236,
5924,998.03796,277.00023576402515,56.15351598204403,192.6328656660579,28.0,0.8,327.0,56.0,195.0,1163.0,24.0,278.0,131.0,368.0,30.54374907577105,136,4,54,54,223.0,-72.0,64.0,18.0,119.0,-5.0,-104.0,5596.0,70.0,-35.0,7.658339395466726,61.898958327712236,
5925,554.922,31.618745928598678,58.78908265589056,132.28338635733564,28.0,0.86345,394.0,58.0,189.0,1283.0,32.0,250.0,163.0,447.0,33.399587798576974,115,5,54,57,204.0,-29.0,59.0,58.0,148.0,35.0,-56.0,5247.0,105.0,6.0,7.189017072874448,61.89687499437908,
5926,495.8573,64.58411549882729,65.59445081704715,161.1260561555292,28.0,0.88985,389.0,57.0,186.0,1265.0,32.0,246.0,161.0,441.0,34.06983639502723,116,7,53,59,205.0,-27.0,59.0,60.0,150.0,36.0,-55.0,5255.0,106.0,7.0,7.193439722565339,61.89687499437908,
5927,466.56543,82.56564382021537,64.7546283407099,163.04605468671434,28.0,0.8778,389.0,57.0,186.0,1265.0,32.0,246.0,161.0,441.0,33.284792762634204,98,5,52,59,205.0,-27.0,59.0,60.0,150.0,36.0,-55.0,5255.0,106.0,7.0,7.19786237225623,61.89687499437908,
5928,471.24704,272.9921958171408,52.12528975624568,201.13182169727708,28.0,0.87085,385.0,57.0,185.0,1255.0,32.0,244.0,159.0,437.0,26.86012139955468,112,15,52,57,205.0,-27.0,59.0,60.0,150.0,37.0,-55.0,5286.0,107.0,7.0,7.202285021947123,61.89687499437908,
5929,485.00208,167.33327012123524,52.903036761527105,179.54246631331952,28.0,0.8869,385.0,57.0,185.0,1255.0,32.0,244.0,159.0,437.0,27.70971857492646,127,7,57,59,205.0,-27.0,59.0,60.0,150.0,37.0,-55.0,5286.0,107.0,7.0,7.206707671638014,61.89687499437908,
5930,472.77472,86.63002766696405,55.96901435785288,166.91770471311796,29.0,0.895,385.0,57.0,185.0,1256.0,32.0,246.0,159.0,437.0,29.32866545596509,121,0,61,58,206.0,-29.0,60.0,59.0,150.0,36.0,-56.0,5294.0,106.0,6.0,7.2111303213289055,61.89687499437908,
5931,461.56195,128.59021885112026,62.95356325302888,177.28827020473352,29.0,0.8964,385.0,57.0,185.0,1256.0,32.0,246.0,159.0,437.0,31.463039450332897,107,6,57,58,206.0,-29.0,60.0,59.0,150.0,36.0,-56.0,5294.0,106.0,6.0,7.215552971019797,61.89687499437908,
5932,486.03323,269.0587141576317,60.32393848385298,203.13401576784543,29.0,0.8579,381.0,56.0,183.0,1243.0,32.0,243.0,157.0,432.0,32.28700807047099,131,6,58,57,206.0,-28.0,60.0,60.0,151.0,37.0,-55.0,5299.0,107.0,7.0,7.219975620710618,61.89687499437908,
5933,485.91696,52.501800678202294,59.108911005651606,163.48796036939765,29.0,0.8768,381.0,56.0,183.0,1243.0,32.0,243.0,157.0,432.0,31.233654044854152,138,6,59,55,206.0,-28.0,60.0,60.0,151.0,37.0,-55.0,5299.0,107.0,7.0,7.224398270401509,61.89687499437908,
5934,464.48688,92.70769365406626,56.25418366050732,166.82845416498387,28.0,0.8867,374.0,55.0,178.0,1220.0,32.0,238.0,155.0,426.0,29.829978998410333,141,11,56,59,207.0,-25.0,60.0,62.0,154.0,39.0,-53.0,5300.0,109.0,9.0,7.2288209200924,61.89687499437908,
5935,441.8979,66.5167603304434,59.39910747109918,165.04067198349054,28.0,0.8889,374.0,55.0,178.0,1220.0,32.0,238.0,155.0,426.0,32.92147156300311,141,11,57,61,207.0,-25.0,60.0,62.0,154.0,39.0,-53.0,5300.0,109.0,9.0,7.2332435697832915,61.89687499437908,
5936,374.71283,76.63839816956707,29.328778487009874,170.5402206700305,28.0,0.8505,361.0,53.0,172.0,1179.0,32.0,230.0,149.0,412.0,16.198760536413683,133,4,58,58,207.0,-23.0,60.0,66.0,157.0,42.0,-50.0,5327.0,112.0,11.0,7.2553568182377495,61.89687499437908,
5937,372.3008,132.98797299173236,27.030994965888745,179.9590319388568,28.0,0.8466,362.0,53.0,172.0,1182.0,32.0,231.0,150.0,413.0,18.147782843884805,131,0,53,57,207.0,-25.0,60.0,64.0,155.0,40.0,-52.0,5350.0,111.0,9.0,7.25977946792857,61.89687499437908,
5938,386.5729,208.69547154014418,41.998879586174915,206.6385955879847,28.0,0.8286,362.0,53.0,172.0,1182.0,32.0,231.0,150.0,413.0,19.419861014380782,124,2,52,61,207.0,-25.0,60.0,64.0,155.0,40.0,-52.0,5350.0,111.0,9.0,7.264202117619463,61.89687499437908,
5939,465.81775,221.9749537141584,63.06018642075685,246.01728009560523,28.0,0.79815,377.0,58.0,186.0,1239.0,30.0,250.0,155.0,425.0,38.24537109287983,126,2,59,59,209.0,-36.0,60.0,51.0,144.0,28.0,-65.0,5333.0,99.0,-1.0,7.268624767310354,61.89687499437908,
5940,625.9215,221.1518024015843,82.76858162226287,251.65074884686862,28.0,0.78965,377.0,58.0,186.0,1239.0,30.0,250.0,155.0,425.0,47.75800063605123,119,6,59,56,209.0,-36.0,60.0,51.0,144.0,28.0,-65.0,5333.0,99.0,-1.0,7.273047417001245,61.89687499437908,
5941,747.3227,201.23568734102417,69.60490210857188,219.2267047243629,28.0,0.7816,384.0,60.0,194.0,1273.0,29.0,263.0,157.0,432.0,36.743297497729216,104,6,57,57,207.0,-42.0,60.0,44.0,137.0,21.0,-70.0,5304.0,92.0,-8.0,7.277470066692136,61.89687499437908,
5942,849.8063,210.70880985334338,53.33204974576012,227.99677893343272,29.0,0.7994,406.0,67.0,217.0,1366.0,27.0,292.0,165.0,454.0,31.712518967958033,110,4,60,59,206.0,-55.0,60.0,29.0,122.0,7.0,-84.0,5239.0,78.0,-21.0,7.286315366073921,61.89687499437908,
5943,999.9306,310.22159497164927,52.7399087483002,205.01069329554264,28.0,0.7006,330.0,56.0,192.0,1161.0,25.0,272.0,133.0,372.0,29.131848514544924,138,8,53,51,219.0,-67.0,63.0,23.0,122.0,-1.0,-97.0,5520.0,73.0,-31.0,7.604746143817472,61.89687499437908,
5944,1043.1053,284.63424210380975,61.332650400893364,199.1444963797632,28.0,0.67335,334.0,57.0,196.0,1175.0,25.0,276.0,134.0,375.0,33.79594027765417,145,6,52,50,219.0,-69.0,63.0,21.0,119.0,-3.0,-100.0,5504.0,71.0,-33.0,7.609168793508363,61.89687499437908,
5945,1009.47266,135.43578697603445,34.959479685405206,177.28710165604625,28.0,0.7749,234.0,38.0,145.0,887.0,26.0,233.0,95.0,275.0,18.719576047490687,129,2,54,57,237.0,-71.0,68.0,-10.0,134.0,2.0,-103.0,6032.0,82.0,5.0,7.962980768779049,61.89687499437908,
5946,620.98346,61.91479732138072,13.765294142809644,148.96015850689145,28.0,0.72485,153.0,21.0,90.0,621.0,31.0,174.0,71.0,206.0,13.85964771916806,140,1,52,62,248.0,-55.0,71.0,14.0,160.0,23.0,-88.0,6323.0,107.0,69.0,8.03374316383317,61.89687499437908,
5947,593.59357,266.33639663105544,20.80315666729285,191.61610445082906,28.0,0.7108,153.0,21.0,90.0,621.0,31.0,174.0,71.0,206.0,17.15939406107852,143,2,52,61,248.0,-55.0,71.0,14.0,160.0,23.0,-88.0,6323.0,107.0,69.0,8.038165813524062,61.89687499437908,
5948,699.4329,69.00344083813994,70.53169685767091,140.25251178778043,28.0,0.82695,394.0,58.0,189.0,1283.0,32.0,250.0,163.0,447.0,37.66061202456493,130,0,53,57,204.0,-29.0,59.0,58.0,148.0,35.0,-56.0,5247.0,105.0,6.0,7.18852761644443,61.89479166104594,
5949,660.355,52.08503615978826,80.14861324503084,159.5691311290286,28.0,0.8881,389.0,57.0,186.0,1265.0,32.0,246.0,161.0,441.0,40.1159394381562,122,3,51,58,205.0,-27.0,59.0,60.0,150.0,36.0,-55.0,5255.0,106.0,7.0,7.192949965024013,61.89479166104594,
5950,612.74646,92.7994936124282,63.00929897556545,152.27049580125438,28.0,0.8701,389.0,57.0,186.0,1265.0,32.0,246.0,161.0,441.0,34.096337970358725,113,8,50,57,205.0,-27.0,59.0,60.0,150.0,36.0,-55.0,5255.0,106.0,7.0,7.197372313603599,61.89479166104594,
5951,591.0295,233.5864313007464,58.450121173929524,184.62952739531218,28.0,0.8654,385.0,57.0,185.0,1255.0,32.0,244.0,159.0,437.0,30.796383232672888,120,8,52,59,205.0,-27.0,59.0,60.0,150.0,37.0,-55.0,5286.0,107.0,7.0,7.201794662183182,61.89479166104594,
5952,609.15094,264.0190986777701,61.44982945971048,191.80140524722933,28.0,0.8933,385.0,57.0,185.0,1255.0,32.0,244.0,159.0,437.0,31.080155157138645,112,0,54,58,205.0,-27.0,59.0,60.0,150.0,37.0,-55.0,5286.0,107.0,7.0,7.206217010762766,61.89479166104594,
5953,614.8035,194.90014202783385,71.68354252047637,183.84692990481614,29.0,0.8542,385.0,57.0,185.0,1256.0,32.0,246.0,159.0,437.0,35.54713033282088,118,0,64,57,206.0,-29.0,60.0,59.0,150.0,36.0,-56.0,5294.0,106.0,6.0,7.21063935934235,61.89479166104594,
5954,628.83606,253.65593828069365,82.8408916689043,190.73002468704604,29.0,0.8723,385.0,57.0,185.0,1256.0,32.0,246.0,159.0,437.0,40.474748269934516,134,0,64,60,206.0,-29.0,60.0,59.0,150.0,36.0,-56.0,5294.0,106.0,6.0,7.215061707921935,61.89479166104594,
5955,640.6464,159.87099731586883,71.39165802740042,178.0601620671104,29.0,0.75995,381.0,56.0,183.0,1243.0,32.0,243.0,157.0,432.0,35.87498896478371,130,2,59,57,206.0,-28.0,60.0,60.0,151.0,37.0,-55.0,5299.0,107.0,7.0,7.223906405081033,61.89479166104594,
5956,614.5166,93.31546327972386,72.43148950741876,155.00582895371906,28.0,0.801,374.0,55.0,178.0,1220.0,32.0,238.0,155.0,426.0,36.684281364793264,135,4,54,56,207.0,-25.0,60.0,62.0,154.0,39.0,-53.0,5300.0,109.0,9.0,7.228328753660616,61.89479166104594,
5957,589.2449,56.607751485981076,67.72604648317868,163.46398200851192,28.0,0.88335,374.0,55.0,178.0,1220.0,32.0,238.0,155.0,426.0,33.30149563855719,142,5,55,55,207.0,-25.0,60.0,62.0,154.0,39.0,-53.0,5300.0,109.0,9.0,7.232751102240202,61.89479166104594,
5958,559.066,70.82077761027007,71.44268083986424,163.18893783684516,28.0,0.8808,365.0,53.0,173.0,1193.0,32.0,231.0,151.0,418.0,34.84819752809299,139,7,58,58,207.0,-23.0,60.0,66.0,157.0,42.0,-50.0,5341.0,113.0,12.0,7.2371734508197845,61.89479166104594,
5959,520.3745,48.21397699620453,70.06688974798858,149.95198196321604,28.0,0.8955,365.0,53.0,173.0,1193.0,32.0,231.0,151.0,418.0,36.65920784337181,123,6,55,58,207.0,-23.0,60.0,66.0,157.0,42.0,-50.0,5341.0,113.0,12.0,7.241595799399369,61.89479166104594,
5960,484.57178,125.91792784508267,54.48271782899381,167.49305781425943,28.0,0.8963,360.0,53.0,171.0,1177.0,32.0,228.0,149.0,412.0,27.580519029863062,131,13,56,58,207.0,-22.0,60.0,68.0,158.0,43.0,-49.0,5353.0,114.0,13.0,7.246018147978954,61.89479166104594,
5961,464.14886,167.41537630111412,43.578945306221996,171.26803839985166,28.0,0.8856,361.0,53.0,172.0,1179.0,32.0,230.0,149.0,412.0,22.771377782773506,146,8,57,60,207.0,-23.0,60.0,66.0,157.0,42.0,-50.0,5327.0,112.0,11.0,7.250440496558538,61.89479166104594,
5962,455.21088,82.47184786054324,39.715950649588855,162.1214794920116,28.0,0.8846,361.0,53.0,172.0,1179.0,32.0,230.0,149.0,412.0,23.03331693524324,128,10,57,59,207.0,-23.0,60.0,66.0,157.0,42.0,-50.0,5327.0,112.0,11.0,7.254862845138122,61.89479166104594,
5963,433.31955,148.58262389184324,32.473584127570916,173.8847882000777,28.0,0.8723,362.0,53.0,172.0,1182.0,32.0,231.0,150.0,413.0,17.668157497559086,128,3,51,58,207.0,-25.0,60.0,64.0,155.0,40.0,-52.0,5350.0,111.0,9.0,7.259285193717636,61.89479166104594,
5964,420.1634,101.13008739952429,32.133030685298124,170.94830677849507,28.0,0.853,362.0,53.0,172.0,1182.0,32.0,231.0,150.0,413.0,18.998523082024075,113,3,54,59,207.0,-25.0,60.0,64.0,155.0,40.0,-52.0,5350.0,111.0,9.0,7.263707542297221,61.89479166104594,
5965,413.96948,141.09234424732102,30.96725777391266,180.51979485980064,28.0,0.83505,377.0,58.0,186.0,1239.0,30.0,250.0,155.0,425.0,22.12605099820634,118,5,54,60,209.0,-36.0,60.0,51.0,144.0,28.0,-65.0,5333.0,99.0,-1.0,7.2681298908768035,61.89479166104594,
5966,463.53278,224.59679190509183,46.127781208708505,235.7975986967009,28.0,0.83185,377.0,58.0,186.0,1239.0,30.0,250.0,155.0,425.0,29.798052806452446,121,1,55,58,209.0,-36.0,60.0,51.0,144.0,28.0,-65.0,5333.0,99.0,-1.0,7.272552239456389,61.89479166104594,
5967,562.13116,217.14599282632074,66.06896924705848,238.31393463460918,28.0,0.78875,384.0,60.0,194.0,1273.0,29.0,263.0,157.0,432.0,39.261345973579665,119,4,57,59,207.0,-42.0,60.0,44.0,137.0,21.0,-70.0,5304.0,92.0,-8.0,7.276974588035972,61.89479166104594,
5968,670.8036,196.39696687247104,52.55428350258949,205.00267847630403,28.0,0.7389,384.0,60.0,194.0,1273.0,29.0,263.0,157.0,432.0,30.988043942193976,104,5,60,59,207.0,-42.0,60.0,44.0,137.0,21.0,-70.0,5304.0,92.0,-8.0,7.281396936615557,61.89479166104594,
5969,714.302,215.79684223392758,53.89640739286902,235.4487476272952,29.0,0.7972,406.0,67.0,217.0,1366.0,27.0,292.0,165.0,454.0,33.04766361180711,122,4,59,59,206.0,-55.0,60.0,29.0,122.0,7.0,-84.0,5239.0,78.0,-21.0,7.285819285195142,61.89479166104594,
5970,834.6419,225.05372845192545,63.318143789967976,252.9544267843271,29.0,0.8051,406.0,67.0,217.0,1366.0,27.0,292.0,165.0,454.0,39.33199573799459,111,6,56,58,206.0,-55.0,60.0,29.0,122.0,7.0,-84.0,5239.0,78.0,-21.0,7.290241633774725,61.89479166104594,
5971,1006.57135,165.94872050199868,32.48573701594387,165.4579192593289,29.0,0.7672,319.0,52.0,177.0,1107.0,27.0,252.0,130.0,363.0,19.634758422429282,120,33,51,57,219.0,-57.0,64.0,34.0,132.0,9.0,-87.0,5563.0,84.0,-21.0,7.551160199969701,61.89479166104594,
5972,1053.9982,319.7827844665305,47.96586873498243,240.34326942327712,28.0,0.7738,329.0,55.0,187.0,1149.0,26.0,266.0,133.0,372.0,31.979782106760137,147,5,55,52,219.0,-64.0,63.0,27.0,125.0,2.0,-94.0,5546.0,77.0,-28.0,7.582116640026719,61.89479166104594,
5973,628.48975,163.36121574499495,19.03729201071867,158.45749084112094,28.0,0.74045,153.0,21.0,89.0,619.0,32.0,173.0,71.0,206.0,21.311072305213195,129,2,58,62,246.0,-54.0,71.0,15.0,159.0,24.0,-87.0,6287.0,107.0,69.0,8.03319619514346,61.89479166104594,
5974,763.249,83.63085510363014,61.98775683789465,122.80125498052412,28.0,0.819,389.0,57.0,186.0,1265.0,32.0,246.0,161.0,441.0,37.569259462357074,123,7,48,56,205.0,-27.0,59.0,60.0,150.0,36.0,-55.0,5255.0,106.0,7.0,7.196882331191168,61.89270832771279,
5975,737.4652,278.0991166567651,71.50481161806606,196.14521198677127,28.0,0.8273,385.0,57.0,185.0,1255.0,32.0,244.0,159.0,437.0,36.21378925487493,129,5,49,57,205.0,-27.0,59.0,60.0,150.0,37.0,-55.0,5286.0,107.0,7.0,7.20130437870629,61.89270832771279,
5976,783.55524,288.4453806580066,94.03871207857134,197.16805462505988,28.0,0.84165,385.0,57.0,185.0,1255.0,32.0,244.0,159.0,437.0,43.253865273424985,117,0,52,60,205.0,-27.0,59.0,60.0,150.0,37.0,-55.0,5286.0,107.0,7.0,7.205726426221411,61.89270832771279,
5977,634.42706,45.25636524050529,66.50333247740178,149.1751292265956,28.0,0.8596,360.0,53.0,171.0,1177.0,32.0,228.0,149.0,412.0,36.199032596603935,126,6,58,56,207.0,-22.0,60.0,68.0,158.0,43.0,-49.0,5353.0,114.0,13.0,7.245524853857439,61.89270832771279,
5978,593.1858,42.54896281287748,56.068199145762065,151.03596303321265,28.0,0.871,360.0,53.0,171.0,1177.0,32.0,228.0,149.0,412.0,33.0877691822224,125,7,47,58,207.0,-22.0,60.0,68.0,158.0,43.0,-49.0,5353.0,114.0,13.0,7.24994690137256,61.89270832771279,
5979,561.4557,104.45668922280676,44.13579163968726,163.55990775222645,28.0,0.8671,361.0,53.0,172.0,1179.0,32.0,230.0,149.0,412.0,27.769724234692074,139,9,56,57,207.0,-23.0,60.0,66.0,157.0,42.0,-50.0,5327.0,112.0,11.0,7.254368948887682,61.89270832771279,
5980,519.7527,36.33171659386989,37.37756588091181,152.50333636580942,28.0,0.88015,362.0,53.0,172.0,1182.0,32.0,231.0,150.0,413.0,22.548983120560425,126,5,54,59,207.0,-25.0,60.0,64.0,155.0,40.0,-52.0,5350.0,111.0,9.0,7.258790996402732,61.89270832771279,
5981,493.25082,72.1212171104786,27.05836557209385,166.43631331756052,28.0,0.86725,362.0,53.0,172.0,1182.0,32.0,231.0,150.0,413.0,14.450195423930676,120,3,53,58,207.0,-25.0,60.0,64.0,155.0,40.0,-52.0,5350.0,111.0,9.0,7.2632130439178555,61.89270832771279,
5982,485.08414,165.80374228859188,20.517029302515486,172.5536483700294,28.0,0.8307,377.0,58.0,186.0,1239.0,30.0,250.0,155.0,425.0,13.37839391176716,119,4,54,60,209.0,-36.0,60.0,51.0,144.0,28.0,-65.0,5333.0,99.0,-1.0,7.267635091432977,61.89270832771279,
5983,450.5243,94.98585737115529,17.677044792569077,148.95779279907455,28.0,0.8208,377.0,58.0,186.0,1239.0,30.0,250.0,155.0,425.0,17.939744691560083,124,3,56,58,209.0,-36.0,60.0,51.0,144.0,28.0,-65.0,5333.0,99.0,-1.0,7.272057138948099,61.89270832771279,
5984,460.46063,235.34828521401843,27.799424827306705,231.00456276980884,28.0,0.7763,384.0,60.0,194.0,1273.0,29.0,263.0,157.0,432.0,22.391981446230062,119,2,56,58,207.0,-42.0,60.0,44.0,137.0,21.0,-70.0,5304.0,92.0,-8.0,7.276479186463221,61.89270832771279,
5985,565.2504,204.74620813644967,40.2172403337293,206.5259248512954,28.0,0.7986,384.0,60.0,194.0,1273.0,29.0,263.0,157.0,432.0,27.255564990459426,119,4,56,59,207.0,-42.0,60.0,44.0,137.0,21.0,-70.0,5304.0,92.0,-8.0,7.2809012339783425,61.89270832771279,
5986,605.02966,214.20026224495885,42.26242549978542,223.01663880711197,29.0,0.8568,406.0,67.0,217.0,1366.0,27.0,292.0,165.0,454.0,25.816581918045443,109,4,60,61,206.0,-55.0,60.0,29.0,122.0,7.0,-84.0,5239.0,78.0,-21.0,7.285323281493466,61.89270832771279,
5987,689.72736,226.04889151091916,54.25541293010103,247.54074926929295,29.0,0.8715,406.0,67.0,217.0,1366.0,27.0,292.0,165.0,454.0,35.4038933493542,128,7,59,60,206.0,-55.0,60.0,29.0,122.0,7.0,-84.0,5239.0,78.0,-21.0,7.289745329008587,61.89270832771279,
5988,815.6698,222.45321135065464,59.32281233704144,249.8554491852182,28.0,0.8344,433.0,75.0,243.0,1472.0,25.0,323.0,174.0,478.0,36.15431370590658,117,6,58,58,205.0,-68.0,59.0,13.0,108.0,-7.0,-97.0,5162.0,63.0,-34.0,7.294167376523638,61.89270832771279,
5989,1003.0954,229.403681615807,27.169088066282804,187.15979014361835,28.0,0.7577,315.0,51.0,175.0,1094.0,27.0,250.0,128.0,358.0,15.447341830479465,149,0,56,52,221.0,-58.0,64.0,34.0,132.0,9.0,-89.0,5598.0,84.0,-22.0,7.572756369975824,61.89270832771279,
5990,1042.8289,321.1166678925429,48.85542997807077,235.66417979556238,28.0,0.72085,329.0,55.0,187.0,1149.0,26.0,266.0,133.0,372.0,31.385337728573898,142,5,53,51,219.0,-64.0,63.0,27.0,125.0,2.0,-94.0,5546.0,77.0,-28.0,7.577178417490946,61.89270832771279,
5991,1002.3499,146.9023414166422,49.25691366133371,134.23163996219438,28.0,0.7254,276.0,46.0,168.0,1004.0,25.0,248.0,111.0,317.0,28.684489206674893,137,8,54,57,229.0,-69.0,66.0,28.0,129.0,2.0,-100.0,5799.0,79.0,-31.0,7.789436698216446,61.89270832771279,
5992,683.42786,75.68047289234623,19.27072852336192,123.85470762153967,28.0,0.76715,153.0,21.0,89.0,619.0,32.0,173.0,71.0,206.0,21.998836848981735,140,1,60,60,246.0,-54.0,71.0,15.0,159.0,24.0,-87.0,6287.0,107.0,69.0,8.028227264032532,61.89270832771279,
5993,671.1134,310.50678016319813,27.752557616406694,214.44591765250888,28.0,0.7309,153.0,21.0,89.0,619.0,32.0,173.0,71.0,206.0,24.60825351022168,143,3,56,64,246.0,-54.0,71.0,15.0,159.0,24.0,-87.0,6287.0,107.0,69.0,8.032649311547654,61.89270832771279,
5994,706.08734,36.9523996449152,49.4607130659143,131.87780177251588,28.0,0.8169,392.0,61.0,198.0,1296.0,30.0,264.0,161.0,442.0,27.083523688596873,129,6,55,57,208.0,-41.0,60.0,45.0,138.0,23.0,-70.0,5302.0,94.0,-6.0,7.249453382971941,61.89062499437965,
5995,642.6821,41.09075857993457,32.41065326460555,142.5344039412686,28.0,0.843,375.0,57.0,184.0,1232.0,31.0,246.0,155.0,425.0,18.89938692743728,121,8,55,58,208.0,-32.0,60.0,56.0,148.0,32.0,-60.0,5315.0,103.0,3.0,7.253875129469435,61.89062499437965,
5996,598.4438,36.82287662765401,28.655383653078133,148.03800587003332,28.0,0.85235,375.0,57.0,184.0,1232.0,31.0,246.0,155.0,425.0,17.59690670682216,130,8,53,56,208.0,-32.0,60.0,56.0,148.0,32.0,-60.0,5315.0,103.0,3.0,7.258296875966858,61.89062499437965,
5997,549.9123,45.820453252915435,23.726401745625008,143.6260011107735,28.0,0.8653,363.0,54.0,174.0,1189.0,32.0,234.0,150.0,414.0,16.991415165320657,124,3,57,57,208.0,-26.0,60.0,62.0,154.0,38.0,-54.0,5353.0,109.0,8.0,7.2627186224643525,61.89062499437965,
5998,501.7931,79.21288067758414,12.937990588554479,144.55065907048152,29.0,0.864,358.0,53.0,171.0,1173.0,32.0,231.0,148.0,409.0,12.941252067231673,126,2,54,58,209.0,-26.0,61.0,64.0,155.0,39.0,-54.0,5371.0,111.0,9.0,7.267140368961846,61.89062499437965,
5999,464.42554,89.06223829398535,8.671521105262707,157.83074251068987,29.0,0.8394,358.0,53.0,171.0,1173.0,32.0,231.0,148.0,409.0,8.255802198014097,133,3,53,58,209.0,-26.0,61.0,64.0,155.0,39.0,-54.0,5371.0,111.0,9.0,7.271562115459342,61.89062499437965,
6000,457.53177,214.54660526175138,10.758740563367079,194.2317787272709,29.0,0.8214,358.0,54.0,174.0,1178.0,31.0,234.0,148.0,409.0,8.705495589904071,131,4,57,57,209.0,-28.0,61.0,61.0,153.0,37.0,-56.0,5357.0,108.0,7.0,7.275983861956836,61.89062499437965,
6001,484.1766,205.71449165510893,26.367969474676652,198.27971676834397,29.0,0.8441,358.0,54.0,174.0,1178.0,31.0,234.0,148.0,409.0,15.690477223097249,108,0,60,59,209.0,-28.0,61.0,61.0,153.0,37.0,-56.0,5357.0,108.0,7.0,7.28040560845433,61.89062499437965,
6002,514.7838,214.25996946081125,30.35143487197329,209.34249297085267,29.0,0.8662,365.0,55.0,179.0,1203.0,31.0,243.0,150.0,414.0,20.361899666550375,123,1,57,62,210.0,-34.0,61.0,56.0,148.0,31.0,-62.0,5390.0,103.0,1.0,7.284827354951825,61.89062499437965,
6003,583.736,234.7436586381687,38.72243099585231,238.8404031107501,29.0,0.88975,365.0,55.0,179.0,1203.0,31.0,243.0,150.0,414.0,27.616761376668755,123,7,57,59,210.0,-34.0,61.0,56.0,148.0,31.0,-62.0,5390.0,103.0,1.0,7.289249101449319,61.89062499437965,
6004,685.6688,224.7099437732903,48.862185408083484,244.1658997894428,29.0,0.8831,374.0,59.0,189.0,1242.0,30.0,255.0,154.0,424.0,32.2974865566247,115,17,57,57,210.0,-41.0,61.0,47.0,140.0,23.0,-70.0,5364.0,95.0,-6.0,7.293670847946741,61.89062499437965,
6005,800.9943,225.52574644638517,57.445491755888916,250.87154809435512,29.0,0.8246,374.0,59.0,189.0,1242.0,30.0,255.0,154.0,424.0,36.42208157134322,113,4,59,57,210.0,-41.0,61.0,47.0,140.0,23.0,-70.0,5364.0,95.0,-6.0,7.298092594444235,61.89062499437965,
6006,950.99603,228.86850219896155,79.58552010919874,254.94652962531597,28.0,0.7163,387.0,63.0,203.0,1296.0,28.0,273.0,158.0,435.0,46.48874333037312,118,6,54,60,209.0,-49.0,60.0,37.0,131.0,14.0,-78.0,5305.0,85.0,-14.0,7.30251434094173,61.89062499437965,
6007,993.02814,144.67573610137362,43.78450829182058,135.25646234799413,28.0,0.77845,219.0,33.0,126.0,804.0,28.0,198.0,91.0,263.0,25.98870418729581,131,9,55,56,233.0,-51.0,67.0,12.0,152.0,22.0,-81.0,5948.0,101.0,-13.0,7.784484709167752,61.89062499437965,
6008,755.0385,106.45743989806495,22.37612346549506,120.75425642839052,28.0,0.7765,171.0,25.0,103.0,683.0,30.0,188.0,77.0,222.0,22.160273294977504,141,3,58,60,245.0,-59.0,70.0,8.0,154.0,18.0,-91.0,6237.0,101.0,63.0,8.023259020032016,61.89062499437965,
6009,678.5621,164.1027686266097,24.808873826935045,147.91423876160192,28.0,0.7502,190.0,29.0,117.0,748.0,28.0,204.0,82.0,239.0,25.610262197465218,144,1,59,60,243.0,-65.0,70.0,0.0,146.0,11.0,-97.0,6188.0,93.0,56.0,8.027680766529441,61.89062499437965,
6010,709.09937,306.3064283605255,23.867478711737196,226.75044807852598,28.0,0.73885,190.0,29.0,117.0,748.0,28.0,204.0,82.0,239.0,20.587125300527884,139,2,58,61,243.0,-65.0,70.0,0.0,146.0,11.0,-97.0,6188.0,93.0,56.0,8.032102513026935,61.89062499437965,
6011,665.0429,41.15637175786386,34.30054211059415,135.28823869942292,28.0,0.8454,375.0,57.0,184.0,1232.0,31.0,246.0,155.0,425.0,22.46513560424375,130,7,52,58,208.0,-32.0,60.0,56.0,148.0,32.0,-60.0,5315.0,103.0,3.0,7.257802832393001,61.888541661046496,
6012,599.9521,61.55726024614266,22.21926636834659,128.79364168840502,28.0,0.8788,363.0,54.0,174.0,1189.0,32.0,234.0,150.0,414.0,19.277088776945728,120,5,54,56,208.0,-26.0,60.0,62.0,154.0,38.0,-54.0,5353.0,109.0,8.0,7.2622242779196915,61.888541661046496,
6013,532.4394,66.38689665358787,16.9020035593447,132.67113017201774,28.0,0.8771,363.0,54.0,174.0,1189.0,32.0,234.0,150.0,414.0,16.994462474187742,124,3,54,58,208.0,-26.0,60.0,62.0,154.0,38.0,-54.0,5353.0,109.0,8.0,7.2666457234463815,61.888541661046496,
6014,483.65244,53.11731906449643,11.709841022525955,154.36495384651187,29.0,0.8612,358.0,53.0,171.0,1173.0,32.0,231.0,148.0,409.0,10.420491980106098,124,4,58,57,209.0,-26.0,61.0,64.0,155.0,39.0,-54.0,5371.0,111.0,9.0,7.271067168973073,61.888541661046496,
6015,460.77185,54.78134803381045,6.94498309366013,170.34926356313244,29.0,0.8444,358.0,54.0,174.0,1178.0,31.0,234.0,148.0,409.0,4.169916626478754,131,4,60,60,209.0,-28.0,61.0,61.0,153.0,37.0,-56.0,5357.0,108.0,7.0,7.275488614499763,61.888541661046496,
6016,458.65308,241.05257014618613,10.144753157357965,188.3651165669118,29.0,0.8337,358.0,54.0,174.0,1178.0,31.0,234.0,148.0,409.0,4.800444555182916,117,0,56,59,209.0,-28.0,61.0,61.0,153.0,37.0,-56.0,5357.0,108.0,7.0,7.279910060026455,61.888541661046496,
6017,475.53906,223.40716865505377,12.49795003563028,201.58505557075267,29.0,0.8337,365.0,55.0,179.0,1203.0,31.0,243.0,150.0,414.0,10.886053890532589,127,4,58,58,210.0,-34.0,61.0,56.0,148.0,31.0,-62.0,5390.0,103.0,1.0,7.284331505553145,61.888541661046496,
6018,526.0002,246.0079748947178,22.168370863239247,232.97231528562594,29.0,0.8574,365.0,55.0,179.0,1203.0,31.0,243.0,150.0,414.0,19.367631401854936,125,1,56,59,210.0,-34.0,61.0,56.0,148.0,31.0,-62.0,5390.0,103.0,1.0,7.288752951079837,61.888541661046496,
6019,604.14954,242.11231283510463,27.02974563182811,233.34329504420376,29.0,0.879,374.0,59.0,189.0,1242.0,30.0,255.0,154.0,424.0,20.579800186739853,133,4,56,60,210.0,-41.0,61.0,47.0,140.0,23.0,-70.0,5364.0,95.0,-6.0,7.293174396606457,61.888541661046496,
6020,688.665,226.54106157618745,41.82573702387072,241.46127855667308,29.0,0.86445,374.0,59.0,189.0,1242.0,30.0,255.0,154.0,424.0,28.287905047587078,118,5,55,60,210.0,-41.0,61.0,47.0,140.0,23.0,-70.0,5364.0,95.0,-6.0,7.297595842133147,61.888541661046496,
6021,789.5805,220.69687295594298,60.71288835769389,246.72423982117738,28.0,0.8193,387.0,63.0,203.0,1296.0,28.0,273.0,158.0,435.0,37.565138857546486,121,7,60,58,209.0,-49.0,60.0,37.0,131.0,14.0,-78.0,5305.0,85.0,-14.0,7.302017287659838,61.888541661046496,
6022,766.4613,88.68343898890295,23.813229823169028,124.8913118567024,28.0,0.8009,171.0,25.0,103.0,683.0,30.0,188.0,77.0,222.0,22.09161064812636,140,4,57,58,245.0,-59.0,70.0,8.0,154.0,18.0,-91.0,6237.0,101.0,63.0,8.022712908509165,61.888541661046496,
6023,697.34937,149.22793453202297,23.958565966200457,167.71051163806234,28.0,0.704,190.0,29.0,117.0,748.0,28.0,204.0,82.0,239.0,28.020209795732256,147,2,59,58,243.0,-65.0,70.0,0.0,146.0,11.0,-97.0,6188.0,93.0,56.0,8.027134354035786,61.888541661046496,
6024,642.5624,69.48459756693408,28.221440259354104,113.27481929005363,28.0,0.78425,363.0,54.0,174.0,1189.0,32.0,234.0,150.0,414.0,24.123878486368433,156,5,54,55,208.0,-26.0,60.0,62.0,154.0,38.0,-54.0,5353.0,109.0,8.0,7.2617300102668665,61.886458327713356,
6025,483.43195,150.0710321389672,21.374613457939077,182.71477024080136,29.0,0.841,358.0,53.0,171.0,1173.0,32.0,231.0,148.0,409.0,13.102618879282234,124,5,58,57,209.0,-26.0,61.0,64.0,155.0,39.0,-54.0,5371.0,111.0,9.0,7.27499344407497,61.886458327713356,
6026,498.5641,165.9656446696634,27.964260593237263,180.97656964049347,29.0,0.8343,358.0,54.0,174.0,1178.0,31.0,234.0,148.0,409.0,16.192753946303313,114,4,57,57,209.0,-28.0,61.0,61.0,153.0,37.0,-56.0,5357.0,108.0,7.0,7.279414588677671,61.886458327713356,
6027,492.93283,189.30811608556414,17.79806041893315,180.55338297898982,29.0,0.8188,365.0,55.0,179.0,1203.0,31.0,243.0,150.0,414.0,12.711469346777879,126,0,55,60,210.0,-34.0,61.0,56.0,148.0,31.0,-62.0,5390.0,103.0,1.0,7.283835733280371,61.886458327713356,
6028,556.74414,246.37661278517297,20.147164355409554,228.8586926976179,29.0,0.85395,374.0,59.0,189.0,1242.0,30.0,255.0,154.0,424.0,19.318237529021644,131,8,60,59,210.0,-41.0,61.0,47.0,140.0,23.0,-70.0,5364.0,95.0,-6.0,7.2926780224857035,61.886458327713356,
6029,614.8631,242.54519936599965,22.940657540341792,216.5690615962271,29.0,0.85585,374.0,59.0,189.0,1242.0,30.0,255.0,154.0,424.0,16.774097308951397,145,6,57,57,210.0,-41.0,61.0,47.0,140.0,23.0,-70.0,5364.0,95.0,-6.0,7.297099167088404,61.886458327713356,
6030,681.6832,231.01705868136497,32.30138202863851,233.86345114772362,28.0,0.838,387.0,63.0,203.0,1296.0,28.0,273.0,158.0,435.0,23.673940379067744,126,2,56,58,209.0,-49.0,60.0,37.0,131.0,14.0,-78.0,5305.0,85.0,-14.0,7.301520311691106,61.886458327713356,
6031,760.5421,221.59863110364884,51.73111303558394,239.09579781056487,28.0,0.8273,387.0,63.0,203.0,1296.0,28.0,273.0,158.0,435.0,31.300179631928966,106,5,57,58,209.0,-49.0,60.0,37.0,131.0,14.0,-78.0,5305.0,85.0,-14.0,7.305941456293807,61.886458327713356,
6032,844.90576,202.08042389167724,65.65909219415778,218.781027493848,28.0,0.7561,390.0,64.0,206.0,1308.0,28.0,278.0,159.0,437.0,35.22775974587952,117,5,56,59,208.0,-52.0,60.0,33.0,127.0,11.0,-81.0,5291.0,82.0,-17.0,7.310362600896508,61.886458327713356,
6033,905.9598,108.63240163278604,23.376637035917703,115.66889502523335,28.0,0.7669,179.0,27.0,108.0,709.0,29.0,194.0,79.0,229.0,22.457079943100208,129,3,58,55,244.0,-61.0,70.0,6.0,151.0,16.0,-93.0,6188.0,98.0,61.0,8.013324592724738,61.886458327713356,
6034,824.31525,111.75123999676732,20.391327427927617,129.14759988490795,28.0,0.7999,171.0,25.0,103.0,683.0,30.0,188.0,77.0,222.0,18.486656271743566,140,4,60,58,245.0,-59.0,70.0,8.0,154.0,18.0,-91.0,6237.0,101.0,63.0,8.01774573732744,61.886458327713356,
6035,742.1639,144.92499311748594,28.637639556396337,134.0121513827574,28.0,0.7483,171.0,25.0,103.0,683.0,30.0,188.0,77.0,222.0,30.409487277994415,148,4,58,58,245.0,-59.0,70.0,8.0,154.0,18.0,-91.0,6237.0,101.0,63.0,8.02216688193014,61.886458327713356,
6036,713.6115,140.16611259728825,30.617367294622493,164.56838334760914,28.0,0.7017,190.0,29.0,117.0,748.0,28.0,204.0,82.0,239.0,30.855240333340046,146,5,55,59,243.0,-65.0,70.0,0.0,146.0,11.0,-97.0,6188.0,93.0,56.0,8.026588026532771,61.886458327713356,
6037,985.92365,346.86589221288574,32.753006180627544,193.71586271832268,28.0,0.7801,202.0,33.0,128.0,799.0,26.0,220.0,86.0,252.0,18.923055496384887,145,1,54,58,245.0,-73.0,70.0,-7.0,140.0,4.0,-105.0,6236.0,87.0,50.0,8.09732634017592,61.886458327713356,
6038,1001.99274,346.65753128584663,31.846069128218577,193.38002158935336,28.0,0.77975,207.0,34.0,131.0,815.0,26.0,225.0,87.0,256.0,18.29558721259348,142,1,56,57,245.0,-74.0,70.0,-9.0,138.0,2.0,-107.0,6214.0,85.0,47.0,8.10174748477855,61.886458327713356,
6039,1017.84766,339.9307499676322,29.1795448665282,193.26567582505203,28.0,0.78135,207.0,34.0,131.0,815.0,26.0,225.0,87.0,256.0,16.753568083198363,135,1,56,56,245.0,-74.0,70.0,-9.0,138.0,2.0,-107.0,6214.0,85.0,47.0,8.106168629381253,61.886458327713356,
6040,1031.1057,341.404903306874,26.02250673900071,190.51813784887386,28.0,0.7776,207.0,34.0,131.0,815.0,26.0,225.0,87.0,256.0,14.844260187838417,136,3,59,56,245.0,-74.0,70.0,-9.0,138.0,2.0,-107.0,6200.0,85.0,47.0,8.110589773983953,61.886458327713356,
6041,577.5353,35.157820394881206,44.517034992886735,144.8476710939384,29.0,0.8163,358.0,53.0,171.0,1173.0,32.0,231.0,148.0,409.0,25.929713964072153,115,6,54,56,209.0,-26.0,61.0,64.0,155.0,39.0,-54.0,5371.0,111.0,9.0,7.270077506939894,61.8843749943802,
6042,548.877,89.70856749802965,33.36100313156422,170.9096411771477,29.0,0.825,358.0,53.0,171.0,1173.0,32.0,231.0,148.0,409.0,19.50684372956382,116,4,53,56,209.0,-26.0,61.0,64.0,155.0,39.0,-54.0,5371.0,111.0,9.0,7.27449835066541,61.8843749943802,
6043,544.4211,107.7422302265154,16.951140517788435,175.20012520893516,29.0,0.8209,358.0,54.0,174.0,1178.0,31.0,234.0,148.0,409.0,10.184159338743326,103,3,55,57,209.0,-28.0,61.0,61.0,153.0,37.0,-56.0,5357.0,108.0,7.0,7.278919194390925,61.8843749943802,
6044,532.3525,133.26603298371964,11.243582957302932,172.44703646130617,29.0,0.8139,365.0,55.0,179.0,1203.0,31.0,243.0,150.0,414.0,6.715059250876018,121,4,57,57,210.0,-34.0,61.0,56.0,148.0,31.0,-62.0,5390.0,103.0,1.0,7.2833400381164415,61.8843749943802,
6045,529.74164,204.09624884083493,8.820364571722472,183.02466808807594,29.0,0.8274,365.0,55.0,179.0,1203.0,31.0,243.0,150.0,414.0,6.2724771138366755,127,1,57,60,210.0,-34.0,61.0,56.0,148.0,31.0,-62.0,5390.0,103.0,1.0,7.287760881841956,61.8843749943802,
6046,581.81885,237.66197687581345,18.508538700238738,217.0596443471881,29.0,0.8424,374.0,59.0,189.0,1242.0,30.0,255.0,154.0,424.0,17.330471962340162,123,5,56,59,210.0,-41.0,61.0,47.0,140.0,23.0,-70.0,5364.0,95.0,-6.0,7.296602569292916,61.8843749943802,
6047,630.2253,227.3701045258664,22.625207508592997,217.55738028724636,28.0,0.83175,387.0,63.0,203.0,1296.0,28.0,273.0,158.0,435.0,19.856650892263147,120,2,56,60,209.0,-49.0,60.0,37.0,131.0,14.0,-78.0,5305.0,85.0,-14.0,7.301023413018431,61.8843749943802,
6048,688.5473,249.54071447815127,21.675588893246942,219.49188476192222,28.0,0.8143,387.0,63.0,203.0,1296.0,28.0,273.0,158.0,435.0,16.1220067569102,130,2,58,59,209.0,-49.0,60.0,37.0,131.0,14.0,-78.0,5305.0,85.0,-14.0,7.305444256743946,61.8843749943802,
6049,736.21265,223.63413999844872,27.46749044125123,209.02403344650534,28.0,0.809,390.0,64.0,206.0,1308.0,28.0,278.0,159.0,437.0,17.215806182977886,120,2,57,59,208.0,-52.0,60.0,33.0,127.0,11.0,-81.0,5291.0,82.0,-17.0,7.3098651004694615,61.8843749943802,
6050,775.5882,219.6486056991413,33.64109469396156,213.34403103524397,28.0,0.8027,390.0,64.0,206.0,1308.0,28.0,278.0,159.0,437.0,20.30004900229077,116,5,56,57,208.0,-52.0,60.0,33.0,127.0,11.0,-81.0,5291.0,82.0,-17.0,7.314285944194978,61.8843749943802,
6051,823.45703,207.70581215787115,34.55908983917389,207.82557660610541,28.0,0.7568,394.0,66.0,212.0,1330.0,27.0,286.0,160.0,441.0,21.084615625757923,109,0,55,56,209.0,-55.0,60.0,29.0,124.0,8.0,-85.0,5277.0,78.0,-20.0,7.318706787920493,61.8843749943802,
6052,984.0159,110.01571877761265,29.62854890519486,99.25930162615244,28.0,0.7615,179.0,27.0,108.0,709.0,29.0,194.0,79.0,229.0,28.80583132376044,112,6,59,55,244.0,-61.0,70.0,6.0,151.0,16.0,-93.0,6188.0,98.0,61.0,8.008358409099603,61.8843749943802,
6053,879.54425,115.08114303213092,26.00344605662158,118.21098534124567,28.0,0.7577,179.0,27.0,108.0,709.0,29.0,194.0,79.0,229.0,22.90584964758397,136,3,59,56,244.0,-61.0,70.0,6.0,151.0,16.0,-93.0,6188.0,98.0,61.0,8.012779252825117,61.8843749943802,
6054,799.65375,120.14672785905843,28.257557175059276,122.11843403146442,28.0,0.7508,171.0,25.0,103.0,683.0,30.0,188.0,77.0,222.0,25.710063823976288,143,3,59,58,245.0,-59.0,70.0,8.0,154.0,18.0,-91.0,6237.0,101.0,63.0,8.017200096550635,61.8843749943802,
6055,746.0523,236.26915143692523,34.03567086637058,186.1578242250537,28.0,0.7274,171.0,25.0,103.0,683.0,30.0,188.0,77.0,222.0,32.149530088424015,145,4,54,55,245.0,-59.0,70.0,8.0,154.0,18.0,-91.0,6237.0,101.0,63.0,8.021620940276149,61.8843749943802,
6056,697.84283,31.07748348301639,62.729470076988775,126.72174360030526,28.0,0.7678,375.0,58.0,187.0,1239.0,30.0,252.0,154.0,424.0,35.49563353918061,130,4,54,54,208.0,-36.0,60.0,51.0,144.0,28.0,-64.0,5324.0,99.0,-2.0,7.269582791358938,61.88229166104706,
6057,584.6331,48.078211333776935,21.980270072708652,151.72658672310882,29.0,0.82305,366.0,55.0,178.0,1203.0,31.0,241.0,151.0,416.0,13.127394734671894,115,5,55,57,210.0,-33.0,61.0,56.0,149.0,32.0,-61.0,5381.0,104.0,2.0,7.278423877149183,61.88229166104706,
6058,546.87085,57.43275022259495,16.412241311221486,156.07191571315497,29.0,0.823,366.0,55.0,178.0,1203.0,31.0,241.0,151.0,416.0,11.635520670223256,106,4,56,56,210.0,-33.0,61.0,56.0,149.0,32.0,-61.0,5381.0,104.0,2.0,7.282844420044306,61.88229166104706,
6059,530.15454,148.102621137075,6.463956508159444,177.4445704766173,29.0,0.8308,368.0,56.0,182.0,1215.0,30.0,246.0,151.0,417.0,1.777308808533792,113,0,56,57,209.0,-35.0,61.0,53.0,145.0,29.0,-64.0,5353.0,100.0,-1.0,7.287264962939429,61.88229166104706,
6060,532.53296,226.5755817755103,5.623611556089824,187.74692752279864,28.0,0.85615,373.0,59.0,189.0,1241.0,30.0,255.0,153.0,423.0,2.9243043876149537,124,0,55,59,211.0,-41.0,61.0,47.0,141.0,23.0,-70.0,5369.0,95.0,-6.0,7.2916855058344785,61.88229166104706,
6061,548.74475,268.85192196613934,16.527754533157587,199.6015399945374,28.0,0.8658,373.0,59.0,189.0,1241.0,30.0,255.0,153.0,423.0,8.972017306757134,119,4,55,57,211.0,-41.0,61.0,47.0,141.0,23.0,-70.0,5369.0,95.0,-6.0,7.296106048729602,61.88229166104706,
6062,599.8124,275.34575636986943,20.465238490321966,227.25527270065578,29.0,0.8303,381.0,61.0,196.0,1271.0,29.0,266.0,156.0,429.0,19.146742421597065,113,4,53,54,210.0,-47.0,61.0,40.0,135.0,18.0,-75.0,5336.0,89.0,-11.0,7.300526591624725,61.88229166104706,
6063,661.8946,289.7242470964114,20.908151203795317,224.61432841331248,29.0,0.8066,381.0,61.0,196.0,1271.0,29.0,266.0,156.0,429.0,19.51090031878044,117,10,54,54,210.0,-47.0,61.0,40.0,135.0,18.0,-75.0,5336.0,89.0,-11.0,7.304947134519847,61.88229166104706,
6064,750.44135,269.9300156767478,21.66500579565565,195.71591116862336,28.0,0.7737,393.0,65.0,209.0,1324.0,28.0,283.0,160.0,441.0,16.258024294741766,107,4,54,55,209.0,-54.0,60.0,31.0,126.0,9.0,-83.0,5302.0,81.0,-19.0,7.313788220310093,61.88229166104706,
6065,769.06616,199.84107367226207,29.9548386735111,163.8966674784562,28.0,0.7624,196.0,31.0,120.0,766.0,27.0,207.0,84.0,244.0,33.45626943723391,139,5,58,54,243.0,-66.0,70.0,0.0,145.0,10.0,-98.0,6169.0,92.0,55.0,8.016654540633297,61.88229166104706,
6066,806.1366,300.2900664766726,29.4875963464604,203.87548369662096,28.0,0.7673,219.0,36.0,137.0,845.0,26.0,227.0,91.0,264.0,18.28200581265234,133,3,58,52,241.0,-72.0,69.0,-9.0,137.0,3.0,-104.0,6104.0,84.0,47.0,8.021075083528421,61.88229166104706,
6067,1035.0825,323.62066729233345,31.609428694252454,219.7865240328211,28.0,0.6983,245.0,42.0,157.0,938.0,24.0,251.0,99.0,287.0,21.67801392454537,139,3,58,60,238.0,-80.0,69.0,-20.0,126.0,-7.0,-112.0,6053.0,74.0,38.0,8.03875725510884,61.88229166104706,
6068,657.46155,34.41254113485436,42.64949064573631,133.13330014375563,29.0,0.75075,366.0,55.0,178.0,1203.0,31.0,241.0,151.0,416.0,27.601647707069148,112,2,54,56,210.0,-33.0,61.0,56.0,149.0,32.0,-61.0,5381.0,104.0,2.0,7.277928636935401,61.88020832771391,
6069,608.4841,36.73533215190259,27.319125153853054,148.47573891472464,29.0,0.7187,366.0,55.0,178.0,1203.0,31.0,241.0,151.0,416.0,17.776057751354237,118,6,53,56,210.0,-33.0,61.0,56.0,149.0,32.0,-61.0,5381.0,104.0,2.0,7.282348879046913,61.88020832771391,
6070,561.4061,86.65754464643032,21.378719450808564,154.96896193883458,29.0,0.78245,368.0,56.0,182.0,1215.0,30.0,246.0,151.0,417.0,16.793324537310998,115,4,57,56,209.0,-35.0,61.0,53.0,145.0,29.0,-64.0,5353.0,100.0,-1.0,7.286769121158425,61.88020832771391,
6071,554.5311,251.64651540158462,28.610438095253375,201.2994189669331,29.0,0.82585,368.0,56.0,182.0,1215.0,30.0,246.0,151.0,417.0,18.546850059463797,115,0,53,57,209.0,-35.0,61.0,53.0,145.0,29.0,-64.0,5353.0,100.0,-1.0,7.291189363269868,61.88020832771391,
6072,601.2883,318.77598492233176,36.82753398790792,211.7989502983769,28.0,0.8659,373.0,59.0,189.0,1241.0,30.0,255.0,153.0,423.0,23.149697894703767,116,1,52,57,211.0,-41.0,61.0,47.0,141.0,23.0,-70.0,5369.0,95.0,-6.0,7.29560960538138,61.88020832771391,
6073,653.22815,327.86496294414894,43.6380598300093,224.24663428545614,29.0,0.8412,381.0,61.0,196.0,1271.0,29.0,266.0,156.0,429.0,28.65942884411322,114,4,53,57,210.0,-47.0,61.0,40.0,135.0,18.0,-75.0,5336.0,89.0,-11.0,7.300029847492893,61.88020832771391,
6074,711.88654,319.4872821464213,37.20447993506421,216.92294219761592,29.0,0.8294,381.0,61.0,196.0,1271.0,29.0,266.0,156.0,429.0,23.34518499054143,115,3,52,58,210.0,-47.0,61.0,40.0,135.0,18.0,-75.0,5336.0,89.0,-11.0,7.304450089604406,61.88020832771391,
6075,757.21,315.569509522678,28.561192549747393,217.2474237430009,28.0,0.7904,393.0,65.0,209.0,1324.0,28.0,283.0,160.0,441.0,17.9431681163162,119,6,52,52,209.0,-54.0,60.0,31.0,126.0,9.0,-83.0,5302.0,81.0,-19.0,7.308870331715918,61.88020832771391,
6076,870.6614,123.96986061948651,28.01075587087439,124.98107864555267,28.0,0.78225,227.0,34.0,131.0,830.0,28.0,204.0,93.0,270.0,21.870636457025345,119,5,56,56,232.0,-52.0,67.0,9.0,149.0,20.0,-83.0,5921.0,99.0,-14.0,7.768575511312377,61.88020832771391,
6077,926.17804,110.11375150097574,27.175928503925196,105.87689081426906,28.0,0.7379,190.0,29.0,115.0,744.0,28.0,202.0,82.0,238.0,26.093534121103282,121,7,58,58,243.0,-63.0,70.0,2.0,147.0,13.0,-96.0,6160.0,95.0,58.0,8.00726858533363,61.88020832771391,
6078,613.31146,95.49357057439293,25.64002464298853,156.05338462691427,29.0,0.7633,368.0,56.0,182.0,1215.0,30.0,246.0,151.0,417.0,17.159354784998833,102,4,55,60,209.0,-35.0,61.0,53.0,145.0,29.0,-64.0,5353.0,100.0,-1.0,7.286273356481903,61.87812499438077,
6079,630.23627,275.5690022572215,29.58103121968572,209.99965843851177,29.0,0.7731,368.0,56.0,182.0,1215.0,30.0,246.0,151.0,417.0,19.964039635122415,116,0,55,58,209.0,-35.0,61.0,53.0,145.0,29.0,-64.0,5353.0,100.0,-1.0,7.2906932978565075,61.87812499438077,
6080,674.9275,295.0944919306971,26.395818647333275,221.38125266172608,28.0,0.80765,373.0,59.0,189.0,1241.0,30.0,255.0,153.0,423.0,20.02666842325841,118,2,54,55,211.0,-41.0,61.0,47.0,141.0,23.0,-70.0,5369.0,95.0,-6.0,7.295113239231183,61.87812499438077,
6081,737.3641,291.7102533121324,27.383157597260972,226.00482567631326,28.0,0.8311,373.0,59.0,189.0,1241.0,30.0,255.0,153.0,423.0,19.11134075366748,119,5,53,56,211.0,-41.0,61.0,47.0,141.0,23.0,-70.0,5369.0,95.0,-6.0,7.299533180605858,61.87812499438077,
6082,796.4428,293.4211934919031,30.455228193145757,216.49088043458917,29.0,0.8294,381.0,61.0,196.0,1271.0,29.0,266.0,156.0,429.0,21.958324743762482,121,5,51,58,210.0,-47.0,61.0,40.0,135.0,18.0,-75.0,5336.0,89.0,-11.0,7.303953121980533,61.87812499438077,
6083,832.9391,120.81680691376023,22.9226020910169,129.80001681828602,28.0,0.8249,227.0,34.0,131.0,830.0,28.0,204.0,93.0,270.0,19.12235169179318,115,6,55,60,232.0,-52.0,67.0,9.0,149.0,20.0,-83.0,5921.0,99.0,-14.0,7.768046966320574,61.87812499438077,
6084,1004.3495,325.76171927389055,35.922773224720636,221.0173074031227,28.0,0.7661,271.0,45.0,167.0,994.0,25.0,248.0,109.0,313.0,23.321574143865654,128,4,55,55,231.0,-70.0,66.0,-12.0,129.0,0.0,-102.0,5805.0,78.0,-32.0,7.812246380067255,61.87812499438077,
6085,903.92096,108.458076078817,23.460566838769285,116.22166849416287,28.0,0.7751,190.0,29.0,115.0,744.0,28.0,202.0,82.0,238.0,22.072061042397205,126,7,61,58,243.0,-63.0,70.0,2.0,147.0,13.0,-96.0,6160.0,95.0,58.0,8.006723800552606,61.87812499438077,
6086,824.5183,118.29110935048368,23.18012939011864,119.38658621550046,28.0,0.7797,196.0,31.0,120.0,766.0,27.0,207.0,84.0,244.0,23.333922251238967,126,5,60,58,243.0,-66.0,70.0,0.0,145.0,10.0,-98.0,6169.0,92.0,55.0,8.011143741927283,61.87812499438077,
6087,816.37225,281.07091406442606,28.38712761679987,223.07975195453312,28.0,0.7545,196.0,31.0,120.0,766.0,27.0,207.0,84.0,244.0,26.772042141703373,137,5,55,54,243.0,-66.0,70.0,0.0,145.0,10.0,-98.0,6169.0,92.0,55.0,8.015563683301957,61.87812499438077,
6088,676.0812,75.14695431790963,27.371204522126153,137.86445917940753,29.0,0.7108,368.0,56.0,182.0,1215.0,30.0,246.0,151.0,417.0,19.496174482343203,110,8,55,57,209.0,-35.0,61.0,53.0,145.0,29.0,-64.0,5353.0,100.0,-1.0,7.2857776688928055,61.876041661047616,
6089,736.8388,253.7200004756564,15.43797437324615,226.28399426512783,28.0,0.8042,373.0,59.0,189.0,1241.0,30.0,255.0,153.0,423.0,15.977142676627382,130,14,54,57,211.0,-41.0,61.0,47.0,141.0,23.0,-70.0,5369.0,95.0,-6.0,7.2990365909465345,61.876041661047616,
6090,805.6313,262.32474618711154,18.58393532258008,239.9699408497375,29.0,0.8168,381.0,61.0,196.0,1271.0,29.0,266.0,156.0,429.0,20.70652325106758,134,6,53,56,210.0,-47.0,61.0,40.0,135.0,18.0,-75.0,5336.0,89.0,-11.0,7.303456231631134,61.876041661047616,
6091,910.5623,276.67309606245374,33.63334754259258,252.38231557096591,29.0,0.7777,381.0,61.0,196.0,1271.0,29.0,266.0,156.0,429.0,30.55512144860123,131,2,51,55,210.0,-47.0,61.0,40.0,135.0,18.0,-75.0,5336.0,89.0,-11.0,7.3078758723157335,61.876041661047616,
6092,878.05804,109.67950177188142,20.51154274099475,124.53166220449188,28.0,0.819,238.0,37.0,138.0,867.0,27.0,212.0,97.0,281.0,19.640442314061605,115,5,57,61,232.0,-55.0,67.0,45.0,146.0,17.0,-86.0,5881.0,95.0,-17.0,7.763098862828672,61.876041661047616,
6093,811.2326,99.17403739983031,14.356475839561991,136.17733888238806,28.0,0.8324,227.0,34.0,131.0,830.0,28.0,204.0,93.0,270.0,15.17583832558913,105,5,56,60,232.0,-52.0,67.0,9.0,149.0,20.0,-83.0,5921.0,99.0,-14.0,7.767518503513271,61.876041661047616,
6094,1006.9522,294.6784274017341,33.687522203985054,222.11475761322905,28.0,0.8129,257.0,41.0,154.0,937.0,26.0,233.0,104.0,298.0,24.06786218743121,129,4,56,54,231.0,-65.0,66.0,-5.0,135.0,6.0,-96.0,5848.0,84.0,-26.0,7.807295269674599,61.876041661047616,
6095,981.35596,112.54287064970748,36.13074720140236,95.90241442427174,28.0,0.76095,190.0,29.0,115.0,744.0,28.0,202.0,82.0,238.0,30.475916051345706,116,9,56,57,243.0,-63.0,70.0,2.0,147.0,13.0,-96.0,6160.0,95.0,58.0,8.00175945979664,61.876041661047616,
6096,881.5154,113.63634477907563,25.773088236907224,115.12500940278443,28.0,0.7864,190.0,29.0,115.0,744.0,28.0,202.0,82.0,238.0,23.445368415845387,127,7,62,57,243.0,-63.0,70.0,2.0,147.0,13.0,-96.0,6160.0,95.0,58.0,8.00617910048124,61.876041661047616,
6097,805.3417,189.10155833418477,24.940536426632686,160.55181778156384,28.0,0.75875,196.0,31.0,120.0,766.0,27.0,207.0,84.0,244.0,28.277444797036086,140,6,58,58,243.0,-66.0,70.0,0.0,145.0,10.0,-98.0,6169.0,92.0,55.0,8.01059874116584,61.876041661047616,
6098,672.5793,208.58296381107357,8.411781318137457,193.53272213549556,29.0,0.7647,376.0,59.0,191.0,1249.0,29.0,258.0,154.0,424.0,6.641445031144229,116,3,54,55,210.0,-42.0,61.0,46.0,139.0,22.0,-71.0,5365.0,94.0,-7.0,7.29412073845658,61.873958327714476,
6099,700.1625,227.2153797974068,16.921218016922342,208.5008335600452,29.0,0.8031,376.0,59.0,191.0,1249.0,29.0,258.0,154.0,424.0,13.294267086647812,124,4,57,56,210.0,-42.0,61.0,46.0,139.0,22.0,-71.0,5365.0,94.0,-7.0,7.298540078497857,61.873958327714476,
6100,765.55206,242.14547799535006,27.123442704407218,243.13507860028335,28.0,0.8154,398.0,66.0,213.0,1342.0,28.0,287.0,162.0,447.0,24.86285318262141,126,5,54,55,209.0,-55.0,60.0,29.0,124.0,8.0,-85.0,5265.0,78.0,-20.0,7.302959418539133,61.873958327714476,
6101,878.83936,261.2395743759517,31.368736328169675,253.62734960716116,28.0,0.73315,398.0,66.0,213.0,1342.0,28.0,287.0,162.0,447.0,32.07414248928332,139,2,52,55,209.0,-55.0,60.0,29.0,124.0,8.0,-85.0,5265.0,78.0,-20.0,7.307378758580409,61.873958327714476,
6102,813.307,100.11805968781465,11.492474905175623,143.02371937425593,29.0,0.7849,256.0,41.0,152.0,933.0,26.0,230.0,104.0,299.0,12.2810011532797,103,4,56,61,231.0,-62.0,67.0,37.0,138.0,9.0,-93.0,5847.0,87.0,-24.0,7.7669901228723095,61.873958327714476,
6103,1014.4476,263.11698891468836,21.353341380386635,209.12848846535016,28.0,0.78915,292.0,50.0,182.0,1069.0,24.0,267.0,117.0,334.0,14.914759887288179,135,6,56,53,228.0,-76.0,66.0,19.0,121.0,-6.0,-107.0,5769.0,71.0,-38.0,7.802344843202451,61.873958327714476,
6104,1066.6606,312.9653543432412,27.93228544139947,226.0558236193419,28.0,0.7678,292.0,50.0,182.0,1069.0,24.0,267.0,117.0,334.0,20.258646628736408,140,5,58,53,228.0,-76.0,66.0,19.0,121.0,-6.0,-107.0,5769.0,71.0,-38.0,7.806764183243726,61.873958327714476,
6105,856.33057,110.78619403499904,22.785425584829188,118.07201240695892,28.0,0.8037,204.0,32.0,125.0,792.0,27.0,214.0,86.0,250.0,22.105251294896544,124,7,57,56,242.0,-67.0,69.0,-3.0,142.0,8.0,-100.0,6126.0,89.0,53.0,8.005634485100813,61.873958327714476,
6106,823.47955,258.6576218392336,22.476267260195844,212.8106240903477,28.0,0.7444,234.0,39.0,147.0,895.0,25.0,239.0,95.0,276.0,23.58726639960929,141,7,58,56,240.0,-76.0,69.0,-14.0,132.0,-2.0,-108.0,6071.0,79.0,43.0,8.010053825142089,61.873958327714476,
6107,681.58044,249.32038871997108,6.983560809854929,194.06291452679656,29.0,0.78265,376.0,59.0,191.0,1249.0,29.0,258.0,154.0,424.0,4.7531037551040844,142,4,54,56,210.0,-42.0,61.0,46.0,139.0,22.0,-71.0,5365.0,94.0,-7.0,7.29804364324275,61.87187499438132,
6108,726.5031,271.14317497853426,22.768187075939665,235.49014721548733,28.0,0.812,398.0,66.0,213.0,1342.0,28.0,287.0,162.0,447.0,22.824014542697803,128,7,56,56,209.0,-55.0,60.0,29.0,124.0,8.0,-85.0,5265.0,78.0,-20.0,7.302462682687443,61.87187499438132,
6109,851.4102,267.55903395481124,25.88535131417825,253.35085988907258,28.0,0.77575,398.0,66.0,213.0,1342.0,28.0,287.0,162.0,447.0,27.96466784011268,128,7,53,58,209.0,-55.0,60.0,29.0,124.0,8.0,-85.0,5265.0,78.0,-20.0,7.306881722132137,61.87187499438132,
6110,853.7809,120.12257171892021,16.305936830112838,141.96770592888507,28.0,0.78555,232.0,35.0,134.0,848.0,28.0,208.0,95.0,276.0,14.661407748811833,116,6,55,60,232.0,-53.0,67.0,47.0,148.0,19.0,-84.0,5909.0,97.0,-15.0,7.762042784934822,61.87187499438132,
6111,805.16943,111.89102648456412,13.591203714383767,146.21603372674448,28.0,0.7302,232.0,35.0,134.0,848.0,28.0,208.0,95.0,276.0,12.20037168133345,110,6,55,61,232.0,-53.0,67.0,47.0,148.0,19.0,-84.0,5909.0,97.0,-15.0,7.766461824379516,61.87187499438132,
6112,994.7762,220.02743465578948,36.237688005297734,184.5501697101606,28.0,0.7731,280.0,47.0,171.0,1020.0,25.0,253.0,112.0,321.0,20.442279680647296,149,0,56,56,230.0,-71.0,66.0,25.0,127.0,-1.0,-103.0,5795.0,76.0,-33.0,7.792976061047613,61.87187499438132,
6113,1000.6722,222.95467583050913,19.37772621875446,189.81913323624815,28.0,0.7697,280.0,47.0,171.0,1020.0,25.0,253.0,112.0,321.0,13.345959782412107,141,5,58,55,230.0,-71.0,66.0,25.0,127.0,-1.0,-103.0,5795.0,76.0,-33.0,7.797395100492306,61.87187499438132,
6114,1047.0303,300.21517289102906,23.637163910448045,231.70798235768834,28.0,0.76905,292.0,50.0,182.0,1069.0,24.0,267.0,117.0,334.0,20.321639656553494,137,5,60,55,228.0,-76.0,66.0,19.0,121.0,-6.0,-107.0,5769.0,71.0,-38.0,7.801814139937,61.87187499438132,
6115,829.4952,180.23626898919525,22.75661411649442,146.517098238758,28.0,0.7644,204.0,32.0,125.0,792.0,27.0,214.0,86.0,250.0,23.96613390306926,120,5,59,58,242.0,-67.0,69.0,-3.0,142.0,8.0,-100.0,6126.0,89.0,53.0,8.005089954392593,61.87187499438132,
6116,853.17596,295.49339905868294,22.130966571521352,225.15629636562565,28.0,0.7474,234.0,39.0,147.0,895.0,25.0,239.0,95.0,276.0,20.110832598440183,139,5,57,60,240.0,-76.0,69.0,-14.0,132.0,-2.0,-108.0,6071.0,79.0,43.0,8.009508993837288,61.87187499438132,
6117,683.88513,254.60644344495765,8.655339097395121,204.95975813376495,29.0,0.81815,376.0,59.0,191.0,1249.0,29.0,258.0,154.0,424.0,8.985560661072025,137,21,53,55,210.0,-42.0,61.0,46.0,139.0,22.0,-71.0,5365.0,94.0,-7.0,7.297547285164153,61.86979166104818,
6118,742.15753,281.74296012643606,21.87608891147459,239.29592461482997,28.0,0.83205,398.0,66.0,213.0,1342.0,28.0,287.0,162.0,447.0,21.2969060203032,136,8,56,57,209.0,-55.0,60.0,29.0,124.0,8.0,-85.0,5265.0,78.0,-20.0,7.301966024058997,61.86979166104818,
6119,822.5944,131.42102826303497,19.370176240651606,146.34518279472252,28.0,0.7795,232.0,35.0,134.0,848.0,28.0,208.0,95.0,276.0,14.497739235930752,99,5,57,61,232.0,-53.0,67.0,47.0,148.0,19.0,-84.0,5909.0,97.0,-15.0,7.7615148691218945,61.86979166104818,
6120,1027.6501,233.32315155611826,15.7733049165628,193.4834088533295,29.0,0.7183,264.0,43.0,160.0,966.0,26.0,239.0,107.0,307.0,9.421858863102505,138,14,55,57,231.0,-66.0,67.0,32.0,133.0,5.0,-98.0,5835.0,82.0,-28.0,7.788027302490955,61.86979166104818,
6121,889.4951,115.07352314825873,28.935876276925267,104.58110363862441,28.0,0.76285,204.0,32.0,125.0,792.0,27.0,214.0,86.0,250.0,28.34276647459685,122,5,58,58,242.0,-67.0,69.0,-3.0,142.0,8.0,-100.0,6126.0,89.0,53.0,8.00012676944303,61.86979166104818,
6122,836.33954,266.9463675695681,17.01930648182463,196.9570504801474,28.0,0.7572,204.0,32.0,125.0,792.0,27.0,214.0,86.0,250.0,17.588357999066858,138,6,57,59,242.0,-67.0,69.0,-3.0,142.0,8.0,-100.0,6126.0,89.0,53.0,8.004545508337873,61.86979166104818,
6123,668.80365,166.18070501970223,7.488941561709988,187.38133535853868,29.0,0.8189,376.0,59.0,191.0,1249.0,29.0,258.0,154.0,424.0,6.616965644018951,145,19,54,56,210.0,-42.0,61.0,46.0,139.0,22.0,-71.0,5365.0,94.0,-7.0,7.2970510042450085,61.86770832771503,
6124,718.53754,247.22662381771397,21.628214478157815,239.68063027524875,28.0,0.8618,398.0,66.0,213.0,1342.0,28.0,287.0,162.0,447.0,21.3629676089789,143,6,53,54,209.0,-55.0,60.0,29.0,124.0,8.0,-85.0,5265.0,78.0,-20.0,7.301469442636721,61.86770832771503,
6125,814.5235,250.9782734507173,26.39252685089524,249.15841978074,28.0,0.82125,398.0,66.0,213.0,1342.0,28.0,287.0,162.0,447.0,24.998122084818874,140,6,54,51,209.0,-55.0,60.0,29.0,124.0,8.0,-85.0,5265.0,78.0,-20.0,7.305887881028436,61.86770832771503,
6126,842.12195,125.79843408375778,22.119504182657764,135.37555010476794,28.0,0.78165,243.0,37.0,140.0,882.0,28.0,215.0,99.0,286.0,17.995567479054035,101,5,56,59,232.0,-56.0,67.0,44.0,145.0,16.0,-87.0,5880.0,94.0,-18.0,7.75656859698239,61.86770832771503,
6127,788.6285,127.29036554265373,16.97366924609506,147.83518636200074,28.0,0.83045,232.0,35.0,134.0,848.0,28.0,208.0,95.0,276.0,13.16842442760451,106,5,57,60,232.0,-53.0,67.0,47.0,148.0,19.0,-84.0,5909.0,97.0,-15.0,7.760987035374103,61.86770832771503,
6128,1109.0983,290.1661112065917,26.728708970069004,236.05892759998477,28.0,0.70925,292.0,50.0,182.0,1069.0,24.0,267.0,117.0,334.0,23.094030446099616,124,0,56,56,228.0,-76.0,66.0,19.0,121.0,-6.0,-107.0,5769.0,71.0,-38.0,7.800752980899456,61.86770832771503,
6129,880.41077,99.87849235707638,22.180726291498342,109.91146296818866,28.0,0.7556,195.0,30.0,119.0,761.0,28.0,205.0,84.0,242.0,25.701291111539057,133,6,58,58,243.0,-64.0,70.0,1.0,146.0,12.0,-97.0,6132.0,93.0,56.0,7.999582708526222,61.86770832771503,
6130,858.42773,299.3156800685201,15.397364465573204,214.80702007845744,28.0,0.75735,204.0,32.0,125.0,792.0,27.0,214.0,86.0,250.0,13.812052180869193,132,7,58,59,242.0,-67.0,69.0,-3.0,142.0,8.0,-100.0,6126.0,89.0,53.0,8.004001146917934,61.86770832771503,
6131,712.40094,85.96929468996456,18.202229872291838,121.06077556057828,28.0,0.72215,368.0,57.0,184.0,1219.0,30.0,249.0,151.0,417.0,19.652595649302395,142,0,59,49,211.0,-39.0,61.0,51.0,144.0,26.0,-67.0,5387.0,98.0,-3.0,7.292136662532967,61.865624994381875,
6132,676.41235,201.45460137758337,14.383184957242,201.65850170107618,29.0,0.7945,387.0,63.0,204.0,1301.0,28.0,276.0,158.0,436.0,9.809329585479619,149,0,52,55,210.0,-50.0,61.0,35.0,130.0,13.0,-80.0,5304.0,84.0,-15.0,7.300972938403556,61.865624994381875,
6133,748.6768,245.1894323442965,34.62260850262218,247.7680557681427,29.0,0.7781,387.0,63.0,204.0,1301.0,28.0,276.0,158.0,436.0,30.42958150560658,118,4,52,53,210.0,-50.0,61.0,35.0,130.0,13.0,-80.0,5304.0,84.0,-15.0,7.30539107633885,61.865624994381875,
6134,876.4744,101.37725491245264,22.638350025662632,131.04922489411098,28.0,0.7411,230.0,35.0,132.0,840.0,28.0,205.0,95.0,274.0,20.258015160082813,94,1,54,59,232.0,-52.0,67.0,50.0,150.0,21.0,-82.0,5928.0,100.0,-14.0,7.751623007802725,61.865624994381875,
6135,808.9161,123.22151283973488,20.540830995485177,139.5418357326709,28.0,0.771,230.0,35.0,132.0,840.0,28.0,205.0,95.0,274.0,15.952483804167974,110,4,55,62,232.0,-52.0,67.0,50.0,150.0,21.0,-82.0,5928.0,100.0,-14.0,7.7560411457380205,61.865624994381875,
6136,972.9886,108.28619359963773,24.62226118309597,112.13242873742713,28.0,0.7615,205.0,32.0,126.0,795.0,27.0,214.0,87.0,251.0,23.73286987520152,118,5,57,58,242.0,-67.0,69.0,-3.0,142.0,8.0,-100.0,6114.0,89.0,53.0,7.994620594243488,61.865624994381875,
6137,887.29913,104.7668499091284,17.763264398409923,118.27175392742144,28.0,0.73125,205.0,32.0,126.0,795.0,27.0,214.0,87.0,251.0,21.047681284423817,128,6,59,57,242.0,-67.0,69.0,-3.0,142.0,8.0,-100.0,6114.0,89.0,53.0,7.999038732178781,61.865624994381875,
6138,876.5533,274.0503508276014,14.66954299655939,223.39397621373345,28.0,0.7245,237.0,40.0,150.0,906.0,25.0,241.0,96.0,278.0,17.21446217494993,128,6,58,59,239.0,-76.0,69.0,-14.0,131.0,-2.0,-108.0,6063.0,79.0,43.0,8.003456870114077,61.865624994381875,
6139,844.4719,255.83924201160247,33.51708069340858,252.90706211233154,28.0,0.7467,420.0,73.0,235.0,1431.0,26.0,314.0,170.0,467.0,33.32468766094978,137,8,50,54,207.0,-66.0,60.0,16.0,111.0,-5.0,-96.0,5195.0,65.0,-32.0,7.309312186393595,61.863541661048735,
6140,948.66364,105.90596374251334,22.49133815391245,117.43511501331469,28.0,0.8116,238.0,36.0,137.0,866.0,28.0,211.0,97.0,282.0,21.848828432157987,106,2,55,61,232.0,-54.0,67.0,46.0,147.0,18.0,-85.0,5892.0,96.0,-16.0,7.7466781014247434,61.863541661048735,
6141,855.30493,115.64536527494664,26.900084396163656,112.3391404627695,28.0,0.8446,230.0,35.0,132.0,840.0,28.0,205.0,95.0,274.0,24.77232622753551,95,5,56,58,232.0,-52.0,67.0,50.0,150.0,21.0,-82.0,5928.0,100.0,-14.0,7.7510959389502485,61.863541661048735,
6142,1042.0981,286.8226096663483,15.241100927062556,214.37729185985356,28.0,0.763,275.0,45.0,167.0,1003.0,25.0,249.0,111.0,317.0,15.747606338960404,132,3,58,56,230.0,-69.0,66.0,28.0,129.0,1.0,-101.0,5812.0,79.0,-31.0,7.782020801629274,61.863541661048735,
6143,1067.0208,106.21347987911547,30.225726518868854,96.88594742064348,28.0,0.7346,202.0,32.0,125.0,787.0,27.0,211.0,86.0,249.0,28.822594973252272,125,7,55,58,242.0,-66.0,70.0,-1.0,144.0,9.0,-98.0,6109.0,91.0,54.0,7.9896591653308775,61.863541661048735,
6144,956.5651,107.83061614219481,22.648818682952292,111.34696089351732,28.0,0.7693,205.0,32.0,126.0,795.0,27.0,214.0,87.0,251.0,23.97417497487847,116,7,57,59,242.0,-67.0,69.0,-3.0,142.0,8.0,-100.0,6114.0,89.0,53.0,7.994077002856452,61.863541661048735,
6145,883.7708,103.18140500067675,13.109585486179121,137.0607830721803,28.0,0.7724,205.0,32.0,126.0,795.0,27.0,214.0,87.0,251.0,14.752144769032606,126,7,59,59,242.0,-67.0,69.0,-3.0,142.0,8.0,-100.0,6114.0,89.0,53.0,7.998494840382027,61.863541661048735,
6146,882.42004,265.18780483533294,15.88575054890285,223.57829070236545,28.0,0.73615,237.0,40.0,150.0,906.0,25.0,241.0,96.0,278.0,18.913022245948458,123,6,57,59,239.0,-76.0,69.0,-14.0,131.0,-2.0,-108.0,6063.0,79.0,43.0,8.002912677907602,61.863541661048735,
6147,814.6147,276.41262467750727,31.1058297090468,253.2752195522919,28.0,0.75355,420.0,73.0,235.0,1431.0,26.0,314.0,170.0,467.0,31.15976994797778,158,6,49,54,207.0,-66.0,60.0,16.0,111.0,-5.0,-96.0,5195.0,65.0,-32.0,7.308815235761422,61.861458327715596,
6148,1013.5163,111.947217992389,26.616850830394146,107.9244407975471,28.0,0.78395,238.0,36.0,137.0,866.0,28.0,211.0,97.0,282.0,25.634893163862802,124,2,54,59,232.0,-54.0,67.0,46.0,147.0,18.0,-85.0,5892.0,96.0,-16.0,7.7417338776901135,61.861458327715596,
6149,916.27704,116.63001860611348,28.812424608021107,110.4839132125564,28.0,0.848,238.0,36.0,137.0,866.0,28.0,211.0,97.0,282.0,25.702882221474482,107,3,54,60,232.0,-54.0,67.0,46.0,147.0,18.0,-85.0,5892.0,96.0,-16.0,7.74615141485266,61.861458327715596,
6150,818.6135,115.78124943379292,27.27739692336875,113.47088155675887,28.0,0.84815,230.0,35.0,132.0,840.0,28.0,205.0,95.0,274.0,24.43844626871885,106,6,57,58,232.0,-52.0,67.0,50.0,150.0,21.0,-82.0,5928.0,100.0,-14.0,7.750568952015135,61.861458327715596,
6151,916.4683,273.46310820651416,25.244985803238865,249.16930608224436,28.0,0.7713,267.0,43.0,160.0,973.0,26.0,240.0,108.0,310.0,27.74734577048028,127,5,52,60,230.0,-66.0,66.0,32.0,133.0,5.0,-97.0,5827.0,83.0,-27.0,7.772656637827863,61.861458327715596,
6152,986.45544,263.5065164483169,11.60707603204436,215.0132280357562,28.0,0.7853,275.0,45.0,167.0,1003.0,25.0,249.0,111.0,317.0,11.556987574570478,126,2,55,55,230.0,-69.0,66.0,28.0,129.0,1.0,-101.0,5812.0,79.0,-31.0,7.777074174990408,61.861458327715596,
6153,1048.7682,103.27789040054977,28.45555685084619,95.8604731192215,28.0,0.6971,202.0,32.0,125.0,787.0,27.0,211.0,86.0,249.0,28.936165113387606,107,6,55,58,242.0,-66.0,70.0,-1.0,144.0,9.0,-98.0,6109.0,91.0,54.0,7.9891159587921745,61.861458327715596,
6154,944.31775,102.51191896372066,20.34637971397434,117.76373453371657,28.0,0.7597,205.0,32.0,126.0,795.0,27.0,214.0,87.0,251.0,20.97401630174846,116,6,57,59,242.0,-67.0,69.0,-3.0,142.0,8.0,-100.0,6114.0,89.0,53.0,7.993533495954721,61.861458327715596,
6155,880.6656,109.54793922822641,11.046035632454517,146.7262871187812,28.0,0.74515,205.0,32.0,126.0,795.0,27.0,214.0,87.0,251.0,12.034693741100112,124,7,55,60,242.0,-67.0,69.0,-3.0,142.0,8.0,-100.0,6114.0,89.0,53.0,7.997951033117266,61.861458327715596,
6156,985.5486,111.76232444765353,27.59650731146314,110.38233936532649,28.0,0.7841,264.0,42.0,155.0,954.0,26.0,232.0,107.0,307.0,24.683423814149684,120,1,54,58,230.0,-62.0,66.0,36.0,137.0,9.0,-93.0,5849.0,87.0,-23.0,7.74120757328696,61.85937499438244,
6157,880.41315,114.06901995869659,29.739786580464976,105.60825680963484,28.0,0.848,238.0,36.0,137.0,866.0,28.0,211.0,97.0,282.0,26.94551349258525,108,1,57,56,232.0,-54.0,67.0,46.0,147.0,18.0,-85.0,5892.0,96.0,-16.0,7.745624810133156,61.85937499438244,
6158,786.49335,114.1539752195175,22.03862399317119,124.75641233940726,28.0,0.8249,230.0,35.0,132.0,840.0,28.0,205.0,95.0,274.0,19.96376796585039,106,5,57,56,232.0,-52.0,67.0,50.0,150.0,21.0,-82.0,5928.0,100.0,-14.0,7.750042046979281,61.85937499438244,
6159,910.7783,271.09600515781045,24.877845100787372,244.5464823570984,28.0,0.7838,267.0,43.0,160.0,973.0,26.0,240.0,108.0,310.0,25.8415027762908,124,2,51,58,230.0,-66.0,66.0,32.0,133.0,5.0,-97.0,5827.0,83.0,-27.0,7.77212823121026,61.85937499438244,
6160,979.01685,266.59113764732854,13.930394432590731,225.01354406491413,28.0,0.8003,275.0,45.0,167.0,1003.0,25.0,249.0,111.0,317.0,15.002850270427158,129,1,57,55,230.0,-69.0,66.0,28.0,129.0,1.0,-101.0,5812.0,79.0,-31.0,7.776545468056456,61.85937499438244,
6161,1056.1322,266.00083592891343,15.344478709158622,225.7320144629965,28.0,0.7649,275.0,45.0,167.0,1003.0,25.0,249.0,111.0,317.0,16.666257747808974,134,2,53,54,230.0,-69.0,66.0,28.0,129.0,1.0,-101.0,5812.0,79.0,-31.0,7.780962704902653,61.85937499438244,
6162,935.57025,98.70535127286514,17.65790287167086,124.33852471251178,28.0,0.745,205.0,32.0,126.0,795.0,27.0,214.0,87.0,251.0,18.527973174559158,121,5,58,59,242.0,-67.0,69.0,-3.0,142.0,8.0,-100.0,6114.0,89.0,53.0,7.992990073519625,61.85937499438244,
6163,879.4916,156.6299862403219,10.978112658927014,160.15306379558518,28.0,0.70345,205.0,32.0,126.0,795.0,27.0,214.0,87.0,251.0,11.814849590762122,119,6,58,61,242.0,-67.0,69.0,-3.0,142.0,8.0,-100.0,6114.0,89.0,53.0,7.99740731036582,61.85937499438244,
6164,952.85126,116.69763865450545,29.963897631950683,109.04651036634621,28.0,0.8205,238.0,36.0,137.0,866.0,28.0,211.0,97.0,282.0,26.307019494588804,122,2,57,56,232.0,-53.0,67.0,47.0,148.0,19.0,-84.0,5892.0,97.0,-15.0,7.740681350671636,61.85729166104929,
6165,846.9587,113.8969507557799,28.179996114873074,109.17970754521444,28.0,0.8468,232.0,35.0,132.0,843.0,28.0,205.0,95.0,276.0,25.66981727655727,109,3,55,56,232.0,-51.0,67.0,50.0,150.0,21.0,-82.0,5919.0,100.0,-13.0,7.745098287248151,61.85729166104929,
6166,919.43695,285.4056286872802,25.40069962324585,242.66906425149168,28.0,0.8293,278.0,46.0,168.0,1013.0,25.0,250.0,112.0,321.0,25.98753354836103,122,1,53,57,230.0,-70.0,66.0,27.0,129.0,1.0,-101.0,5808.0,78.0,-31.0,7.771599906707173,61.85729166104929,
6167,987.2769,288.12969638366576,17.34671890972557,231.1975223205477,28.0,0.82895,304.0,52.0,188.0,1105.0,24.0,274.0,122.0,346.0,18.11885556124294,131,4,52,57,228.0,-77.0,65.0,17.0,119.0,-8.0,-109.0,5733.0,69.0,-40.0,7.776016843283688,61.85729166104929,
6168,1066.6469,275.4504690420277,14.053061437912609,218.21803627829036,28.0,0.7819,304.0,52.0,188.0,1105.0,24.0,274.0,122.0,346.0,13.419817100268695,135,2,55,54,228.0,-77.0,65.0,17.0,119.0,-8.0,-109.0,5733.0,69.0,-40.0,7.7804337798602035,61.85729166104929,
6169,918.1419,112.05328299847578,31.7602087367989,101.15298342772694,28.0,0.8274,238.0,36.0,137.0,866.0,28.0,211.0,97.0,282.0,28.37458986054444,112,0,55,58,232.0,-53.0,67.0,47.0,148.0,19.0,-84.0,5892.0,97.0,-15.0,7.740155209826075,61.85520832771615,
6170,812.2711,117.50287866582727,25.43786267558347,120.01920399534832,28.0,0.8598,232.0,35.0,132.0,843.0,28.0,205.0,95.0,276.0,22.240009521158616,100,2,57,58,232.0,-51.0,67.0,50.0,150.0,21.0,-82.0,5919.0,100.0,-13.0,7.744571846179569,61.85520832771615,
6171,925.20856,285.957250269077,27.178816230719868,245.64665530769972,28.0,0.8435,278.0,46.0,168.0,1013.0,25.0,250.0,112.0,321.0,25.608943536179105,120,4,52,58,230.0,-70.0,66.0,27.0,129.0,1.0,-101.0,5808.0,78.0,-31.0,7.771071664300459,61.85520832771615,
6172,999.81714,296.8643102782244,21.93400378065072,230.32231030373927,28.0,0.8425,304.0,52.0,188.0,1105.0,24.0,274.0,122.0,346.0,18.84311989275426,135,1,53,55,228.0,-77.0,65.0,17.0,119.0,-8.0,-109.0,5733.0,69.0,-40.0,7.775488300653953,61.85520832771615,
6173,995.9781,112.34567158904126,25.691580932324246,110.09538882106213,28.0,0.76095,205.0,32.0,126.0,796.0,27.0,214.0,87.0,251.0,25.083405085662477,119,7,59,58,243.0,-67.0,70.0,-2.0,143.0,8.0,-100.0,6119.0,90.0,53.0,7.9874868456212145,61.85520832771615,
6174,916.0622,111.20194348688372,15.391508327060773,135.261323011226,28.0,0.7199,237.0,39.0,149.0,904.0,25.0,240.0,96.0,278.0,15.829780032211174,125,8,58,59,239.0,-76.0,69.0,-14.0,131.0,-2.0,-108.0,6063.0,79.0,43.0,7.991903481974708,61.85520832771615,
6175,784.72675,115.97274383320656,20.9126561118854,128.7978382707728,28.0,0.87995,232.0,35.0,132.0,843.0,28.0,205.0,95.0,276.0,18.53322681410823,104,2,55,60,232.0,-51.0,67.0,50.0,150.0,21.0,-82.0,5919.0,100.0,-13.0,7.744045486909331,61.85312499438301,
6176,809.28955,286.5941888768817,35.142320185522244,250.48770939532395,29.0,0.81715,260.0,42.0,155.0,948.0,26.0,233.0,105.0,303.0,30.799579207248033,127,5,52,58,230.0,-63.0,67.0,36.0,136.0,8.0,-94.0,5830.0,86.0,-25.0,7.7661271677948625,61.85312499438301,
6177,837.77325,116.65643312211381,30.29506940381405,110.41046117435577,28.0,0.81295,238.0,36.0,137.0,866.0,28.0,211.0,97.0,282.0,25.831605000770388,119,0,56,57,232.0,-53.0,67.0,47.0,148.0,19.0,-84.0,5892.0,97.0,-15.0,7.739103173371982,61.851041661049855,
6178,848.026,287.6953008676096,48.822582653686155,254.20103306568447,29.0,0.771,260.0,42.0,155.0,948.0,26.0,233.0,105.0,303.0,41.40188582950402,133,3,51,55,230.0,-63.0,67.0,36.0,136.0,8.0,-94.0,5830.0,86.0,-25.0,7.7655993896562245,61.851041661049855,
6179,1019.1202,305.5641314800584,34.23134936466756,221.88013503770253,28.0,0.8077,278.0,46.0,168.0,1013.0,25.0,250.0,112.0,321.0,21.97556489188174,130,2,53,55,230.0,-70.0,66.0,27.0,129.0,1.0,-101.0,5808.0,78.0,-31.0,7.77001542570361,61.851041661049855,
6180,1107.9844,308.87295600745756,33.6920116656927,236.0269670676463,28.0,0.77325,278.0,46.0,168.0,1013.0,25.0,250.0,112.0,321.0,26.602847431341704,128,2,54,56,230.0,-70.0,66.0,27.0,129.0,1.0,-101.0,5808.0,78.0,-31.0,7.7744314617509955,61.851041661049855,
6181,938.91925,116.08933058562319,20.397153489301253,130.23497632978442,28.0,0.7378,205.0,32.0,126.0,796.0,27.0,214.0,87.0,251.0,18.232453872264998,118,8,59,61,243.0,-67.0,70.0,-2.0,143.0,8.0,-100.0,6119.0,90.0,53.0,7.986401192025079,61.851041661049855,
6182,614.89905,216.39581923636706,37.90675628798249,219.66850283825121,28.0,0.788,394.0,59.0,192.0,1291.0,31.0,255.0,163.0,448.0,21.79452446396025,121,5,55,57,207.0,-31.0,60.0,56.0,148.0,33.0,-59.0,5295.0,103.0,3.0,7.186610282193478,61.84895832771671,
6183,677.57684,207.3329794003835,63.68926082961503,225.2764186522257,28.0,0.7969,394.0,59.0,192.0,1291.0,31.0,255.0,163.0,448.0,33.33857117261451,115,7,56,58,207.0,-31.0,60.0,56.0,148.0,33.0,-59.0,5295.0,103.0,3.0,7.191026018157758,61.84895832771671,
6184,912.82587,117.89876063308407,39.73225204669194,95.00723689927418,28.0,0.7831,234.0,35.0,133.0,850.0,28.0,206.0,96.0,278.0,32.5085565632446,142,0,53,55,232.0,-51.0,67.0,50.0,150.0,21.0,-82.0,5907.0,99.0,-13.0,7.734161541763059,61.84895832771671,
6185,802.62067,119.91665575327424,26.380418006843154,120.91900591475341,28.0,0.865,234.0,35.0,133.0,850.0,28.0,206.0,96.0,278.0,22.399218881185906,121,0,59,58,232.0,-51.0,67.0,50.0,150.0,21.0,-82.0,5907.0,99.0,-13.0,7.738577277727337,61.84895832771671,
6186,1053.7269,300.7380523379441,27.95633344505794,228.59085626825754,28.0,0.7867,303.0,52.0,187.0,1100.0,24.0,272.0,121.0,344.0,20.328701593215303,127,2,52,57,228.0,-76.0,65.0,18.0,120.0,-7.0,-108.0,5755.0,70.0,-39.0,7.769487429477217,61.84895832771671,
6187,985.6534,122.06280052756307,30.537038579288055,115.983244567896,28.0,0.78,213.0,34.0,132.0,824.0,27.0,220.0,90.0,259.0,24.992806050221073,119,7,58,59,241.0,-69.0,69.0,-5.0,140.0,6.0,-101.0,6096.0,87.0,51.0,7.981442755762176,61.84895832771671,
6188,555.61633,212.57224150865585,20.794500059082687,204.90983139026372,28.0,0.8194,394.0,59.0,192.0,1291.0,31.0,255.0,163.0,448.0,14.29014463889034,137,5,57,57,207.0,-31.0,60.0,56.0,148.0,33.0,-59.0,5295.0,103.0,3.0,7.1861219728075065,61.84687499438356,
6189,589.29193,213.48819907385933,22.019182811455806,202.54528241561647,28.0,0.8263,394.0,59.0,192.0,1291.0,31.0,255.0,163.0,448.0,13.08590633182275,112,6,58,58,207.0,-31.0,60.0,56.0,148.0,33.0,-59.0,5295.0,103.0,3.0,7.190537408735297,61.84687499438356,
6190,621.93134,214.33526521644913,31.16730516736865,209.30407403618392,28.0,0.825,401.0,61.0,198.0,1317.0,31.0,264.0,165.0,454.0,17.822939980117344,113,4,56,58,207.0,-36.0,60.0,50.0,142.0,27.0,-65.0,5283.0,98.0,-2.0,7.194952844663086,61.84687499438356,
6191,664.0078,203.09017168689277,39.47913656630316,205.7854317908282,28.0,0.7727,401.0,61.0,198.0,1317.0,31.0,264.0,165.0,454.0,22.4242586579816,128,6,54,58,207.0,-36.0,60.0,50.0,142.0,27.0,-65.0,5283.0,98.0,-2.0,7.1993682805908765,61.84687499438356,
6192,685.5339,192.0081512252284,36.8724391450263,190.75080053650447,29.0,0.753,411.0,65.0,210.0,1364.0,29.0,280.0,168.0,463.0,20.333126795771182,128,0,53,57,206.0,-44.0,60.0,40.0,133.0,18.0,-73.0,5244.0,88.0,-10.0,7.203783716518667,61.84687499438356,
6193,973.6287,123.91733735991626,42.02033451063017,99.8224215188788,29.0,0.7048,239.0,36.0,137.0,868.0,28.0,211.0,98.0,284.0,32.67566015103204,126,0,52,57,231.0,-53.0,67.0,47.0,148.0,19.0,-83.0,5864.0,97.0,-15.0,7.729220591924653,61.84687499438356,
6194,856.2079,121.68355696158022,36.12102613449835,105.95530376165637,28.0,0.7951,234.0,35.0,133.0,850.0,28.0,206.0,96.0,278.0,29.12551334438198,135,0,55,57,232.0,-51.0,67.0,50.0,150.0,21.0,-82.0,5907.0,99.0,-13.0,7.733636027852444,61.84687499438356,
6195,947.9812,123.08307764336001,21.262784892522326,136.04229100430172,28.0,0.7717,213.0,34.0,132.0,824.0,27.0,220.0,90.0,259.0,17.086599135219984,120,9,59,57,241.0,-69.0,69.0,-5.0,140.0,6.0,-101.0,6096.0,87.0,51.0,7.980900439808172,61.84687499438356,
6196,950.6583,308.04137790024254,21.785505224594832,217.08499918498808,28.0,0.6713,243.0,41.0,154.0,926.0,24.0,245.0,98.0,284.0,15.248024720962547,129,7,57,58,239.0,-77.0,68.0,-16.0,129.0,-4.0,-110.0,6057.0,77.0,41.0,7.989731311663752,61.84687499438356,
6197,1034.4038,305.59282667739615,41.6892796204981,251.2664432761574,28.0,0.65345,266.0,46.0,171.0,1006.0,23.0,266.0,106.0,306.0,31.582212870347007,135,6,58,56,237.0,-83.0,68.0,-25.0,121.0,-11.0,-116.0,5954.0,69.0,-44.0,7.994146747591542,61.84687499438356,
6198,556.9404,214.75101323952717,11.595070870668017,199.1764943711056,28.0,0.79055,394.0,59.0,192.0,1291.0,31.0,255.0,163.0,448.0,9.750351153556062,139,5,54,60,207.0,-31.0,60.0,56.0,148.0,33.0,-59.0,5295.0,103.0,3.0,7.1900488752130105,61.84479166105042,
6199,576.8704,240.07942653561247,12.858811406117205,202.37611173593788,28.0,0.8159,401.0,61.0,198.0,1317.0,31.0,264.0,165.0,454.0,9.662911409279674,124,5,55,58,207.0,-36.0,60.0,50.0,142.0,27.0,-65.0,5283.0,98.0,-2.0,7.194464011150918,61.84479166105042,
6200,608.7485,251.6370489544778,15.796228972743409,205.17296221536546,28.0,0.84285,401.0,61.0,198.0,1317.0,31.0,264.0,165.0,454.0,10.746788168576261,126,4,54,56,207.0,-36.0,60.0,50.0,142.0,27.0,-65.0,5283.0,98.0,-2.0,7.198879147088825,61.84479166105042,
6201,650.77435,280.8962083978396,28.935486344320815,221.69082642304025,29.0,0.8277,411.0,65.0,210.0,1364.0,29.0,280.0,168.0,463.0,16.99274255154028,125,12,50,58,206.0,-44.0,60.0,40.0,133.0,18.0,-73.0,5244.0,88.0,-10.0,7.203294283026735,61.84479166105042,
6202,906.1879,127.01273053180269,39.294145649851025,110.06625660874145,29.0,0.67145,239.0,36.0,137.0,868.0,28.0,211.0,98.0,284.0,29.228999133801747,137,0,52,57,231.0,-53.0,67.0,47.0,148.0,19.0,-83.0,5864.0,97.0,-15.0,7.728695459636805,61.84479166105042,
6203,810.94336,118.12697679629315,27.474292116561916,117.83746967261439,29.0,0.8049,239.0,36.0,137.0,868.0,28.0,211.0,98.0,284.0,23.280778281355133,125,0,56,56,231.0,-53.0,67.0,47.0,148.0,19.0,-83.0,5864.0,97.0,-15.0,7.733110595574713,61.84479166105042,
6204,979.4011,127.56249801431359,30.251834199261648,125.13746457895272,28.0,0.76395,213.0,34.0,132.0,824.0,27.0,220.0,90.0,259.0,23.013660698021106,128,9,56,55,241.0,-69.0,69.0,-5.0,140.0,6.0,-101.0,6096.0,87.0,51.0,7.975943072159161,61.84479166105042,
6205,929.87683,177.72601457213815,10.94255797545347,168.253599701968,28.0,0.74555,213.0,34.0,132.0,824.0,27.0,220.0,90.0,259.0,7.549077944880239,130,9,57,57,241.0,-69.0,69.0,-5.0,140.0,6.0,-101.0,6096.0,87.0,51.0,7.980358208097073,61.84479166105042,
6206,941.40295,307.8605794827444,16.989127133279197,204.24813712864506,28.0,0.7209,243.0,41.0,154.0,926.0,24.0,245.0,98.0,284.0,11.024924265354334,121,8,57,59,239.0,-77.0,68.0,-16.0,129.0,-4.0,-110.0,6057.0,77.0,41.0,7.984773344034981,61.84479166105042,
6207,509.64914,234.0010189389891,5.431058174935935,195.55175150431037,28.0,0.796,394.0,59.0,192.0,1291.0,31.0,255.0,163.0,448.0,6.532131848318988,124,4,52,56,207.0,-31.0,60.0,56.0,148.0,33.0,-59.0,5295.0,103.0,3.0,7.185145581579511,61.84270832771727,
6208,540.1336,235.92776584498404,11.129371241363925,202.84537988207688,28.0,0.8183,394.0,59.0,192.0,1291.0,31.0,255.0,163.0,448.0,9.20679097863832,127,0,52,59,207.0,-31.0,60.0,56.0,148.0,33.0,-59.0,5295.0,103.0,3.0,7.189560417574136,61.84270832771727,
6209,572.54425,269.36474512429993,13.1610043453035,214.82952611998945,28.0,0.84395,401.0,61.0,198.0,1317.0,31.0,264.0,165.0,454.0,11.72240290137879,121,2,52,57,207.0,-36.0,60.0,50.0,142.0,27.0,-65.0,5283.0,98.0,-2.0,7.19397525356876,61.84270832771727,
6210,634.3438,312.6131800499396,33.07554649629762,229.13700605410173,28.0,0.8468,401.0,61.0,198.0,1317.0,31.0,264.0,165.0,454.0,22.565959166956453,132,5,51,55,207.0,-36.0,60.0,50.0,142.0,27.0,-65.0,5283.0,98.0,-2.0,7.198390089563383,61.84270832771727,
6211,953.76086,125.85850760145115,40.71416764780455,105.93949979072511,28.0,0.6551,264.0,42.0,154.0,954.0,27.0,231.0,107.0,307.0,30.757904043216133,132,0,58,54,231.0,-61.0,66.0,38.0,139.0,10.0,-92.0,5835.0,88.0,-22.0,7.723755572922596,61.84270832771727,
6212,850.94055,122.87547346731323,30.966237241203714,118.58162990321857,29.0,0.7818,239.0,36.0,137.0,868.0,28.0,211.0,98.0,284.0,24.155595206314874,132,0,56,57,231.0,-53.0,67.0,47.0,148.0,19.0,-83.0,5864.0,97.0,-15.0,7.72817040891722,61.84270832771727,
6213,776.81683,123.67627577312278,20.799968505290177,135.41871947863677,29.0,0.8568,239.0,36.0,137.0,868.0,28.0,211.0,98.0,284.0,17.540914039122992,116,0,56,58,231.0,-53.0,67.0,47.0,148.0,19.0,-83.0,5864.0,97.0,-15.0,7.732585244911841,61.84270832771727,
6214,792.9036,301.68649043998596,26.91209196858157,230.17877904012818,28.0,0.7914,286.0,48.0,174.0,1039.0,25.0,256.0,115.0,328.0,20.473702483004455,132,6,53,58,230.0,-71.0,66.0,25.0,127.0,-1.0,-103.0,5773.0,76.0,-33.0,7.759074260879513,61.84270832771727,
6215,981.79,318.3242516924859,30.394517730055608,222.1836848336439,28.0,0.7394,243.0,41.0,154.0,926.0,24.0,245.0,98.0,284.0,20.287015468783878,123,7,58,57,239.0,-77.0,68.0,-16.0,129.0,-4.0,-110.0,6057.0,77.0,41.0,7.98423089660489,61.84270832771727,
6216,364.4899,156.97088570557125,2.0604011928723875,179.72883654358589,27.0,0.71355,120.0,20.0,76.0,559.0,33.0,176.0,66.0,195.0,0.745081593556388,128,4,62,58,280.0,-58.0,78.0,-17.0,185.0,33.0,-95.0,7150.0,126.0,116.0,8.580233755878007,61.84270832771727,
6217,552.5886,255.00983863040298,18.550148068462825,233.21831221000903,28.0,0.842,435.0,72.0,233.0,1459.0,28.0,308.0,177.0,486.0,21.230099972258976,129,2,52,56,204.0,-57.0,59.0,26.0,119.0,5.0,-85.0,5166.0,74.0,-22.0,7.193486571899846,61.84062499438412,
6218,686.45795,281.58948579732794,41.64222828785925,254.79325292722007,28.0,0.84165,435.0,72.0,233.0,1459.0,28.0,308.0,177.0,486.0,37.795385811431544,133,9,54,54,204.0,-57.0,59.0,26.0,119.0,5.0,-85.0,5166.0,74.0,-22.0,7.197901107997771,61.84062499438412,
6219,898.33905,117.86147691823446,32.1219733071361,111.05061973427004,28.0,0.7703,240.0,36.0,137.0,870.0,28.0,211.0,98.0,284.0,25.84613987813155,135,5,54,60,232.0,-52.0,67.0,48.0,149.0,20.0,-83.0,5915.0,99.0,-14.0,7.7232309036499585,61.84062499438412,
6220,811.1734,119.99095006431632,23.57041454477507,127.09301344260713,28.0,0.8242,235.0,36.0,135.0,857.0,28.0,208.0,97.0,280.0,20.0672757074478,123,3,58,62,232.0,-52.0,67.0,50.0,150.0,21.0,-82.0,5917.0,99.0,-14.0,7.727645439747884,61.84062499438412,
6221,834.1841,306.5036757728107,43.005738940054876,238.9349341875001,28.0,0.81,289.0,48.0,176.0,1051.0,25.0,260.0,116.0,331.0,29.61600072603044,136,5,51,57,229.0,-73.0,66.0,23.0,125.0,-3.0,-104.0,5785.0,75.0,-35.0,7.758547192433295,61.84062499438412,
6222,997.86066,283.867403624582,33.684452951139484,233.2194159337166,28.0,0.82175,289.0,48.0,176.0,1051.0,25.0,260.0,116.0,331.0,25.307763340950807,130,2,55,59,229.0,-73.0,66.0,23.0,125.0,-3.0,-104.0,5785.0,75.0,-35.0,7.76296172853122,61.84062499438412,
6223,1075.9421,268.41748409630827,18.150815370231296,240.03087110677586,28.0,0.8104,308.0,53.0,191.0,1120.0,24.0,278.0,123.0,350.0,19.786242982243362,132,1,55,57,227.0,-78.0,65.0,15.0,117.0,-10.0,-110.0,5711.0,67.0,-41.0,7.767376264629145,61.84062499438412,
6224,981.9973,319.23313400850924,26.97751248233607,217.44711869341467,28.0,0.7305,262.0,45.0,168.0,990.0,24.0,260.0,104.0,302.0,18.307776006046453,126,8,57,56,237.0,-81.0,68.0,-22.0,123.0,-9.0,-114.0,5951.0,71.0,-42.0,7.979273997329164,61.84062499438412,
6225,536.18713,228.14549581433835,14.469448458198794,221.5043765208012,28.0,0.7989,435.0,72.0,233.0,1459.0,28.0,308.0,177.0,486.0,15.350446884245462,119,8,55,56,204.0,-57.0,59.0,26.0,119.0,5.0,-85.0,5166.0,74.0,-22.0,7.1929979661274155,61.83854166105097,
6226,655.2948,263.786187318637,40.53459690938439,254.88840377339002,28.0,0.83145,435.0,72.0,233.0,1459.0,28.0,308.0,177.0,486.0,39.20845061747918,128,11,54,55,204.0,-57.0,59.0,26.0,119.0,5.0,-85.0,5166.0,74.0,-22.0,7.197412202375219,61.83854166105097,
6227,860.4872,116.57339065616904,28.45022971407397,112.79538900705494,28.0,0.8323,240.0,36.0,137.0,870.0,28.0,211.0,98.0,284.0,24.757283461289024,117,3,57,58,232.0,-52.0,67.0,48.0,149.0,20.0,-83.0,5915.0,99.0,-14.0,7.722706315862991,61.83854166105097,
6228,783.5526,119.70297818748644,18.867381542510355,136.8285397117012,28.0,0.863,235.0,36.0,135.0,857.0,28.0,208.0,97.0,280.0,16.188345205418543,121,4,56,59,232.0,-52.0,67.0,50.0,150.0,21.0,-82.0,5917.0,99.0,-14.0,7.727120552110795,61.83854166105097,
6229,1018.54834,297.2651084587614,19.630825608014288,217.75824714783076,28.0,0.7991,289.0,48.0,176.0,1051.0,25.0,260.0,116.0,331.0,14.14775777858511,144,4,57,56,229.0,-73.0,66.0,23.0,125.0,-3.0,-104.0,5785.0,75.0,-35.0,7.762434442093162,61.83854166105097,
6230,1077.4211,285.1836181618977,17.876112872498148,233.0533707353232,28.0,0.79085,308.0,53.0,191.0,1120.0,24.0,278.0,123.0,350.0,18.407678292494396,143,6,56,55,227.0,-78.0,65.0,15.0,117.0,-10.0,-110.0,5711.0,67.0,-41.0,7.766848678340966,61.83854166105097,
6231,982.97644,310.9333553925238,23.97172949619209,215.9598888247005,28.0,0.72595,240.0,40.0,151.0,915.0,25.0,242.0,98.0,282.0,17.108833732570076,124,6,57,57,239.0,-76.0,68.0,-14.0,131.0,-2.0,-108.0,6066.0,79.0,43.0,7.974317781987363,61.83854166105097,
6232,1042.8625,315.2640371795832,35.6921899775254,234.02342769676508,28.0,0.7106,262.0,45.0,168.0,990.0,24.0,260.0,104.0,302.0,25.031007845747002,119,6,55,56,237.0,-81.0,68.0,-22.0,123.0,-9.0,-114.0,5951.0,71.0,-42.0,7.97873201823517,61.83854166105097,
6233,533.1909,143.6311568663087,11.413264033041804,175.51746328604702,28.0,0.73,393.0,59.0,192.0,1291.0,31.0,256.0,162.0,447.0,7.643727535606418,135,3,56,55,207.0,-31.0,60.0,56.0,148.0,32.0,-59.0,5293.0,103.0,3.0,7.188095499790466,61.83645832771783,
6234,630.4804,271.96154335234723,33.68690704282514,254.98974874320797,28.0,0.8468,435.0,72.0,233.0,1459.0,28.0,308.0,177.0,486.0,35.10850435917073,125,9,53,54,204.0,-57.0,59.0,26.0,119.0,5.0,-85.0,5166.0,74.0,-22.0,7.196923372678966,61.83645832771783,
6235,826.8612,114.88793539379196,23.139830719585213,122.50369466850115,28.0,0.84225,240.0,36.0,137.0,870.0,28.0,211.0,98.0,284.0,20.843209907671984,125,6,57,57,232.0,-52.0,67.0,48.0,149.0,20.0,-83.0,5915.0,99.0,-14.0,7.722181809543706,61.83645832771783,
6236,1005.33307,127.69860283296862,28.30121223176372,130.2022065493725,28.0,0.7584,220.0,35.0,136.0,844.0,26.0,224.0,92.0,264.0,21.451300620682723,131,8,56,55,240.0,-69.0,69.0,-7.0,139.0,5.0,-101.0,6095.0,86.0,50.0,7.960534377532773,61.83645832771783,
6237,983.301,321.1336314093979,20.74424542789413,208.22429373175365,28.0,0.7226,240.0,40.0,151.0,915.0,25.0,242.0,98.0,282.0,14.151031541628784,117,8,56,58,239.0,-76.0,68.0,-14.0,131.0,-2.0,-108.0,6066.0,79.0,43.0,7.9693622504212716,61.83645832771783,
6238,1035.79,315.3719195069357,32.92694436200964,229.67530809241694,28.0,0.7249,240.0,40.0,151.0,915.0,25.0,242.0,98.0,282.0,22.953874892194317,121,6,55,54,239.0,-76.0,68.0,-14.0,131.0,-2.0,-108.0,6066.0,79.0,43.0,7.973776186865451,61.83645832771783,
6239,633.63196,288.40757524566567,29.302288763761887,245.69004709536918,28.0,0.7567,435.0,72.0,233.0,1459.0,28.0,308.0,177.0,486.0,27.468893470734493,128,2,53,53,204.0,-57.0,59.0,26.0,119.0,5.0,-85.0,5166.0,74.0,-22.0,7.196434618892243,61.83437499438469,
6240,807.45526,111.42092703858931,18.477996909016237,131.07185417662922,28.0,0.84995,240.0,36.0,137.0,870.0,28.0,211.0,98.0,284.0,17.29838262247618,124,8,56,57,232.0,-52.0,67.0,48.0,149.0,20.0,-83.0,5915.0,99.0,-14.0,7.721657384674115,61.83437499438469,
6241,883.80164,139.87724502750106,73.18587301554236,104.58777913266549,28.0,0.67715,146.0,25.0,96.0,656.0,30.0,206.0,76.0,223.0,40.8664031612496,130,5,66,52,271.0,-77.0,76.0,-42.0,158.0,9.0,-113.0,6883.0,100.0,90.0,8.5249392617523,61.83437499438469,
6242,860.645,112.22163712131751,27.126082568020788,111.22534808451704,28.0,0.82055,237.0,36.0,135.0,861.0,28.0,208.0,97.0,282.0,24.569879041121517,125,5,56,56,232.0,-51.0,67.0,50.0,150.0,21.0,-82.0,5900.0,99.0,-13.0,7.7167197042594395,61.832291661051535,
6243,785.13354,111.28656856079135,16.42915360797729,135.62530180846545,28.0,0.8388,237.0,36.0,135.0,861.0,28.0,208.0,97.0,282.0,15.63863163225727,122,7,58,58,232.0,-51.0,67.0,50.0,150.0,21.0,-82.0,5900.0,99.0,-13.0,7.721133041236237,61.832291661051535,
6244,808.2944,295.7481330531231,28.361260885676806,238.1227244873749,28.0,0.71585,272.0,44.0,163.0,990.0,26.0,243.0,110.0,316.0,23.315945382145973,125,4,56,58,230.0,-66.0,66.0,32.0,133.0,5.0,-97.0,5813.0,82.0,-28.0,7.743199726120154,61.832291661051535,
6245,1042.7805,131.59351428537295,33.88534722490602,125.69408443090734,28.0,0.747,245.0,41.0,155.0,932.0,25.0,245.0,99.0,287.0,24.121784221072843,133,9,54,55,238.0,-76.0,68.0,-15.0,130.0,-3.0,-108.0,6027.0,78.0,0.0,7.950626564029297,61.832291661051535,
6246,835.9341,112.19790990300568,22.214090774918905,122.8896543066233,29.0,0.8378,243.0,37.0,138.0,878.0,28.0,211.0,99.0,287.0,20.259221605020844,128,7,57,56,231.0,-52.0,67.0,47.0,148.0,19.0,-83.0,5855.0,97.0,-14.0,7.716195741899218,61.83020832771838,
6247,841.5622,289.20416019535725,37.86908877472388,247.96492350270796,28.0,0.67985,272.0,44.0,163.0,990.0,26.0,243.0,110.0,316.0,30.59128721963402,128,4,55,58,230.0,-66.0,66.0,32.0,133.0,5.0,-97.0,5813.0,82.0,-28.0,7.742673965776427,61.83020832771838,
6248,978.5374,116.87343158903538,34.41837401281373,103.2682903850907,28.0,0.7625,153.0,23.0,95.0,652.0,30.0,194.0,73.0,216.0,28.64190567377491,125,6,58,57,257.0,-68.0,73.0,-37.0,155.0,13.0,-102.0,6504.0,99.0,89.0,8.210455920940857,61.83020832771838,
6249,873.52545,113.98872285064178,25.60562235354777,113.77389530154048,28.0,0.7763,153.0,23.0,95.0,652.0,30.0,194.0,73.0,216.0,24.089728955085356,124,4,60,58,257.0,-68.0,73.0,-37.0,155.0,13.0,-102.0,6504.0,99.0,89.0,8.214868958253737,61.83020832771838,
6250,888.9243,122.21823870508359,29.604083103089735,117.91713939069054,29.0,0.7812,243.0,37.0,138.0,878.0,28.0,211.0,99.0,287.0,24.282664657648137,118,7,55,55,231.0,-52.0,67.0,47.0,148.0,19.0,-83.0,5855.0,97.0,-14.0,7.71125912319276,61.82812499438524,
6251,811.0205,115.83478144550831,19.126229623397823,132.95971534969323,29.0,0.8306,243.0,37.0,138.0,878.0,28.0,211.0,99.0,287.0,17.078116873913526,115,7,57,60,231.0,-52.0,67.0,47.0,148.0,19.0,-83.0,5855.0,97.0,-14.0,7.715671860888249,61.82812499438524,
6252,937.36835,116.675819850564,30.200819392743632,110.48673436893216,28.0,0.75575,153.0,23.0,95.0,652.0,30.0,194.0,73.0,216.0,25.854985602566124,121,6,56,57,257.0,-68.0,73.0,-37.0,155.0,13.0,-102.0,6504.0,99.0,89.0,8.209898482781918,61.82812499438524,
6253,847.46497,110.83695599881149,19.725591773778856,130.8486262562721,28.0,0.7475,153.0,23.0,95.0,652.0,30.0,194.0,73.0,216.0,17.651607575053106,126,5,59,58,257.0,-68.0,73.0,-37.0,155.0,13.0,-102.0,6504.0,99.0,89.0,8.214311220477406,61.82812499438524,
6254,851.5428,119.33425279861203,23.045464158408546,128.54270500208747,29.0,0.8148,243.0,37.0,138.0,878.0,28.0,211.0,99.0,287.0,19.35834194264943,127,7,58,58,231.0,-52.0,67.0,47.0,148.0,19.0,-83.0,5855.0,97.0,-14.0,7.71073562308396,61.8260416610521,
6255,790.89197,116.6216382393523,15.297420473316455,142.27185517115598,29.0,0.8232,243.0,37.0,138.0,878.0,28.0,211.0,99.0,287.0,13.759209707771051,112,6,56,59,231.0,-52.0,67.0,47.0,148.0,19.0,-83.0,5855.0,97.0,-14.0,7.715148061208572,61.8260416610521,
6256,968.8781,257.7830228168673,15.654977294338039,216.7072380253544,28.0,0.7407,272.0,44.0,163.0,990.0,26.0,243.0,110.0,316.0,14.874175113870509,133,2,56,55,230.0,-66.0,66.0,32.0,133.0,5.0,-97.0,5813.0,82.0,-28.0,7.746035128080769,61.8260416610521,
6257,900.48364,116.36136919597988,26.25338628679479,117.4543348048205,29.0,0.8348,244.0,37.0,138.0,884.0,28.0,213.0,100.0,290.0,22.958154775163596,128,5,56,53,231.0,-52.0,67.0,47.0,148.0,19.0,-83.0,5853.0,97.0,-15.0,7.705800065641763,61.82395832771895,
6258,825.21796,117.91249190507004,18.752095756586105,134.0938507052553,28.0,0.851,239.0,36.0,135.0,866.0,28.0,209.0,98.0,284.0,16.892102196872003,120,7,59,58,232.0,-52.0,67.0,49.0,150.0,21.0,-82.0,5906.0,99.0,-13.0,7.710212204241998,61.82395832771895,
6259,884.19196,281.19535080569955,25.721505081748138,253.382867476306,28.0,0.6835,270.0,44.0,161.0,982.0,26.0,240.0,109.0,314.0,27.094963300164775,132,2,55,56,230.0,-65.0,66.0,33.0,134.0,6.0,-96.0,5833.0,84.0,-26.0,7.741097174443583,61.82395832771895,
6260,857.2814,244.98253437265885,27.496499587306396,200.50873819034507,28.0,0.7734,233.0,42.0,157.0,925.0,23.0,259.0,95.0,283.0,17.28857944213166,133,17,56,56,245.0,-89.0,70.0,-26.0,123.0,-14.0,-122.0,6188.0,69.0,32.0,8.217608143268292,61.82395832771895,
6261,908.1835,303.85130924381343,39.831504474976185,239.69171667781106,28.0,0.8158,233.0,42.0,157.0,925.0,23.0,259.0,95.0,283.0,29.147663679807376,129,20,54,55,245.0,-89.0,70.0,-26.0,123.0,-14.0,-122.0,6188.0,69.0,32.0,8.222020281868529,61.82395832771895,
6262,869.5766,114.45525411628469,22.696249383951297,122.75786072786089,29.0,0.8187,244.0,37.0,138.0,884.0,28.0,213.0,100.0,290.0,20.549451913261798,114,6,56,55,231.0,-52.0,67.0,47.0,148.0,19.0,-83.0,5853.0,97.0,-15.0,7.705277027526588,61.821874994385794,
6263,804.4507,114.53098977981573,15.341949405433045,139.37063465251765,28.0,0.8422,239.0,36.0,135.0,866.0,28.0,209.0,98.0,284.0,14.563918748790183,115,7,57,55,232.0,-52.0,67.0,49.0,150.0,21.0,-82.0,5906.0,99.0,-13.0,7.709688866648946,61.821874994385794,
6264,896.8331,282.46830698956904,25.00713978841692,251.97555173180217,28.0,0.7189,270.0,44.0,161.0,982.0,26.0,240.0,109.0,314.0,26.73651273413636,132,4,54,59,230.0,-65.0,66.0,33.0,134.0,6.0,-96.0,5833.0,84.0,-26.0,7.740571740505381,61.821874994385794,
6265,988.02344,257.6914146283876,13.54816894241656,218.44748172873227,28.0,0.7346,283.0,47.0,172.0,1032.0,25.0,255.0,114.0,327.0,13.688170819443474,134,3,57,55,229.0,-70.0,66.0,27.0,128.0,0.0,-101.0,5800.0,78.0,-32.0,7.744983579627741,61.821874994385794,
6266,1033.8016,275.209106847198,11.17524614522284,217.70364165481095,28.0,0.7724,283.0,47.0,172.0,1032.0,25.0,255.0,114.0,327.0,12.415154421387935,144,3,58,57,229.0,-70.0,66.0,27.0,128.0,0.0,-101.0,5800.0,78.0,-32.0,7.749395418750097,61.821874994385794,
6267,925.44073,102.38727240759798,18.562833475154072,122.7820112106057,28.0,0.7547,171.0,27.0,109.0,709.0,28.0,206.0,78.0,230.0,19.70439892789423,124,5,58,57,254.0,-72.0,72.0,-43.0,148.0,7.0,-106.0,6432.0,92.0,54.0,8.208226687474474,61.821874994385794,
6268,873.3284,236.72455066370924,20.65514584098971,188.53172848447235,28.0,0.7559,193.0,32.0,126.0,787.0,26.0,226.0,84.0,250.0,23.18357191470963,129,6,57,56,251.0,-79.0,72.0,-11.0,139.0,0.0,-112.0,6358.0,84.0,46.0,8.212638526596832,61.821874994385794,
6269,916.5303,316.1063340863189,30.92042430431712,214.5349374551019,28.0,0.7801,233.0,42.0,157.0,925.0,23.0,259.0,95.0,283.0,20.042383604281092,133,19,57,57,245.0,-89.0,70.0,-26.0,123.0,-14.0,-122.0,6188.0,69.0,32.0,8.217050365719189,61.821874994385794,
6270,986.8954,314.63505731788996,49.48627276369256,241.36901699554798,28.0,0.79215,233.0,42.0,157.0,925.0,23.0,259.0,95.0,283.0,31.564731374853785,132,18,52,55,245.0,-89.0,70.0,-26.0,123.0,-14.0,-122.0,6188.0,69.0,32.0,8.221462204841547,61.821874994385794,
6271,1117.9897,314.74531700917294,60.71238230773868,249.69309601200547,28.0,0.6595,245.0,45.0,167.0,970.0,23.0,271.0,99.0,295.0,38.714595259094516,152,12,54,55,244.0,-92.0,70.0,-30.0,118.0,-18.0,-126.0,6139.0,64.0,28.0,8.225874043963906,61.821874994385794,
6272,842.5227,118.60034868743898,20.53629822894609,132.26135769023986,29.0,0.8255,244.0,37.0,138.0,884.0,28.0,213.0,100.0,290.0,17.742070617993836,107,7,58,53,231.0,-52.0,67.0,47.0,148.0,19.0,-83.0,5853.0,97.0,-15.0,7.7047540705959126,61.819791661052655,
6273,898.97565,272.2983936954067,20.52188352935525,247.5587770703475,28.0,0.7934,270.0,44.0,161.0,982.0,26.0,240.0,109.0,314.0,23.001449680387836,133,3,52,57,230.0,-65.0,66.0,33.0,134.0,6.0,-96.0,5833.0,84.0,-26.0,7.740046388123548,61.819791661052655,
6274,978.5789,265.12850492134606,12.764433289760378,223.22835623966944,28.0,0.7854,283.0,47.0,172.0,1032.0,25.0,255.0,114.0,327.0,14.010245747153194,131,5,55,54,229.0,-70.0,66.0,27.0,128.0,0.0,-101.0,5800.0,78.0,-32.0,7.744457927814513,61.819791661052655,
6275,1036.6998,280.05277496023854,14.061860114654374,228.01669696997033,28.0,0.785,283.0,47.0,172.0,1032.0,25.0,255.0,114.0,327.0,15.703787998760943,140,4,57,58,229.0,-70.0,66.0,27.0,128.0,0.0,-101.0,5800.0,78.0,-32.0,7.748869467505477,61.819791661052655,
6276,999.3252,113.59123730951494,29.868548447971943,108.8756616159549,28.0,0.71635,171.0,27.0,109.0,709.0,28.0,206.0,78.0,230.0,26.330847071400793,123,6,58,58,254.0,-72.0,72.0,-43.0,148.0,7.0,-106.0,6432.0,92.0,54.0,8.203258055673851,61.819791661052655,
6277,899.63794,238.53628327780467,17.704600818378726,200.92316597328696,28.0,0.7395,193.0,32.0,126.0,787.0,26.0,226.0,84.0,250.0,19.853225332706515,131,17,59,56,251.0,-79.0,72.0,-11.0,139.0,0.0,-112.0,6358.0,84.0,46.0,8.21208113505578,61.819791661052655,
6278,968.3484,303.4846211919804,28.06163552379932,234.15633689174757,28.0,0.7997,193.0,32.0,126.0,787.0,26.0,226.0,84.0,250.0,21.671872843881836,139,18,59,56,251.0,-79.0,72.0,-11.0,139.0,0.0,-112.0,6358.0,84.0,46.0,8.216492674746743,61.819791661052655,
6279,1077.0265,306.6780622402962,56.34072860100176,252.50567684590737,28.0,0.7298,233.0,42.0,157.0,925.0,23.0,259.0,95.0,283.0,40.05747914762481,141,16,55,55,245.0,-89.0,70.0,-26.0,123.0,-14.0,-122.0,6188.0,69.0,32.0,8.220904214437706,61.819791661052655,
6280,814.65674,122.9952644167765,18.700437142513373,140.6244967491784,29.0,0.84175,244.0,37.0,138.0,884.0,28.0,213.0,100.0,290.0,15.250950219585299,107,6,59,56,231.0,-52.0,67.0,47.0,148.0,19.0,-83.0,5853.0,97.0,-15.0,7.7042311948318245,61.817708327719515,
6281,900.7106,286.1119995508661,20.489861804098222,243.7149293283386,28.0,0.8035,270.0,44.0,161.0,982.0,26.0,240.0,109.0,314.0,21.791257402279232,130,2,53,58,230.0,-65.0,66.0,33.0,134.0,6.0,-96.0,5833.0,84.0,-26.0,7.739521117280095,61.817708327719515,
6282,973.9925,282.8813728672756,14.244313091508872,228.94121492466053,28.0,0.7929,283.0,47.0,172.0,1032.0,25.0,255.0,114.0,327.0,16.261724864719177,135,3,55,54,229.0,-70.0,66.0,27.0,128.0,0.0,-101.0,5800.0,78.0,-32.0,7.743932357586139,61.817708327719515,
6283,1040.308,280.59013604307313,15.608222221082018,232.7172471549026,28.0,0.7916,283.0,47.0,172.0,1032.0,25.0,255.0,114.0,327.0,17.396508821857587,139,4,57,54,229.0,-70.0,66.0,27.0,128.0,0.0,-101.0,5800.0,78.0,-32.0,7.748343597892181,61.817708327719515,
6284,912.5193,183.04462263412003,15.894263370501097,202.99818488322697,28.0,0.7291,193.0,32.0,126.0,787.0,26.0,226.0,84.0,250.0,18.298021687924717,135,16,59,55,251.0,-79.0,72.0,-11.0,139.0,0.0,-112.0,6358.0,84.0,46.0,8.211523830025806,61.817708327719515,
6285,996.4015,291.46461229159985,30.917108127062587,250.86539955732383,28.0,0.7646,193.0,32.0,126.0,787.0,26.0,226.0,84.0,250.0,28.089991845981846,133,18,57,54,251.0,-79.0,72.0,-11.0,139.0,0.0,-112.0,6358.0,84.0,46.0,8.215935070331849,61.817708327719515,
6286,907.15765,129.17805861635188,38.28311477337395,116.9819349495384,29.0,0.7724,244.0,37.0,138.0,881.0,28.0,211.0,100.0,290.0,27.067500295962933,108,6,55,56,231.0,-52.0,67.0,49.0,149.0,21.0,-82.0,5904.0,99.0,-13.0,7.694886518281312,61.81562499438636,
6287,834.73444,130.15968854163762,24.266376327141252,138.47039068819907,29.0,0.8301,244.0,37.0,138.0,881.0,28.0,211.0,100.0,290.0,17.66788971730377,106,6,56,54,231.0,-52.0,67.0,49.0,149.0,21.0,-82.0,5904.0,99.0,-13.0,7.699297459248827,61.81562499438636,
6288,925.0953,292.3104805754714,19.784011952647013,228.9354954706267,28.0,0.7684,280.0,46.0,168.0,1015.0,25.0,249.0,113.0,323.0,18.627039092376922,132,2,53,58,230.0,-68.0,66.0,29.0,131.0,3.0,-99.0,5808.0,81.0,-30.0,7.738995927957025,61.81562499438636,
6289,982.32733,284.271100001506,14.615214568813338,225.8719388669291,29.0,0.7624,297.0,50.0,181.0,1077.0,25.0,266.0,119.0,339.0,15.171098067773423,128,1,53,58,227.0,-73.0,66.0,22.0,123.0,-4.0,-104.0,5747.0,73.0,-36.0,7.743406868924611,61.81562499438636,
6290,1048.6074,285.0955952252473,16.76818530437712,234.10600803505068,29.0,0.7728,297.0,50.0,181.0,1077.0,25.0,266.0,119.0,339.0,18.045932976292196,135,2,54,57,227.0,-73.0,66.0,22.0,123.0,-4.0,-104.0,5747.0,73.0,-36.0,7.747817809892196,61.81562499438636,
6291,927.4179,183.21498284406215,14.48662405163958,196.68416782530534,28.0,0.7263,239.0,43.0,161.0,945.0,23.0,264.0,97.0,289.0,16.69154621499634,136,18,57,55,245.0,-90.0,70.0,-28.0,121.0,-15.0,-124.0,6179.0,68.0,31.0,8.210966611487823,61.81562499438636,
6292,1033.7194,287.8017166150587,43.8891207977509,254.0516582447384,28.0,0.69065,239.0,43.0,161.0,945.0,23.0,264.0,97.0,289.0,36.55401117072676,137,16,52,55,245.0,-90.0,70.0,-28.0,121.0,-15.0,-124.0,6179.0,68.0,31.0,8.215377552455408,61.81562499438636,
6293,995.22876,173.2859193911299,32.40621248474954,175.92413473387504,29.0,0.6229,306.0,50.0,175.0,1080.0,26.0,252.0,124.0,351.0,16.845737976310495,104,3,53,55,224.0,-60.0,65.0,34.0,133.0,8.0,-91.0,5655.0,84.0,-23.0,7.588509003166865,61.81354166105321,
6294,1008.0377,196.76013047831904,41.84781488614897,202.20395042241324,28.0,0.71345,320.0,53.0,185.0,1131.0,25.0,265.0,129.0,364.0,22.790206459074373,110,1,50,54,223.0,-66.0,64.0,27.0,126.0,2.0,-97.0,5636.0,77.0,-29.0,7.592919644842447,61.81354166105321,
6295,1061.1132,208.37158617783658,50.351344597207984,222.50233098580992,28.0,0.7692,320.0,53.0,185.0,1131.0,25.0,265.0,129.0,364.0,29.35191780980172,111,4,50,51,223.0,-66.0,64.0,27.0,126.0,2.0,-97.0,5636.0,77.0,-29.0,7.597330286518031,61.81354166105321,
6296,855.632,126.30010626450118,28.068752191371548,128.71590163447553,29.0,0.8143,244.0,37.0,138.0,881.0,28.0,211.0,100.0,290.0,20.891858873080892,119,6,53,60,231.0,-52.0,67.0,49.0,149.0,21.0,-82.0,5904.0,99.0,-13.0,7.6943644033806855,61.81354166105321,
6297,867.7719,297.1091293112569,25.207824814337656,238.42645904824528,28.0,0.7849,280.0,46.0,168.0,1015.0,25.0,249.0,113.0,323.0,23.01237364406962,128,1,50,55,230.0,-68.0,66.0,29.0,131.0,3.0,-99.0,5808.0,81.0,-30.0,7.734060178460849,61.81354166105321,
6298,939.1905,289.27266834230466,14.699561157615816,214.88987507790384,28.0,0.76445,280.0,46.0,168.0,1015.0,25.0,249.0,113.0,323.0,12.089045317864969,133,4,54,58,230.0,-68.0,66.0,29.0,131.0,3.0,-99.0,5808.0,81.0,-30.0,7.738470820136361,61.81354166105321,
6299,995.58203,288.79074085041293,15.145537007759758,225.22448774606082,29.0,0.77495,297.0,50.0,181.0,1077.0,25.0,266.0,119.0,339.0,15.375349258597764,140,5,54,55,227.0,-73.0,66.0,22.0,123.0,-4.0,-104.0,5747.0,73.0,-36.0,7.742881461811943,61.81354166105321,
6300,1061.5598,287.2340328439161,16.93724370187717,232.94982074003778,29.0,0.78195,297.0,50.0,181.0,1077.0,25.0,266.0,119.0,339.0,17.818575946282923,136,5,52,55,227.0,-73.0,66.0,22.0,123.0,-4.0,-104.0,5747.0,73.0,-36.0,7.747292103487525,61.81354166105321,
6301,940.1098,154.9789633471457,13.827553172626633,190.07208478215898,28.0,0.699,239.0,43.0,161.0,945.0,23.0,264.0,97.0,289.0,14.31196625867032,137,18,56,53,245.0,-90.0,70.0,-28.0,121.0,-15.0,-124.0,6179.0,68.0,31.0,8.210409479422752,61.81354166105321,
6302,953.2072,198.2244428540194,33.76829372966301,202.67088238409534,28.0,0.7908,320.0,53.0,185.0,1131.0,25.0,265.0,129.0,364.0,19.82080503399109,105,4,51,55,223.0,-66.0,64.0,27.0,126.0,2.0,-97.0,5636.0,77.0,-29.0,7.596814836039737,61.811458327720054,
6303,1000.7432,209.78562322428647,47.591530083611886,220.38477421961923,28.0,0.7984,333.0,56.0,196.0,1180.0,25.0,280.0,134.0,377.0,26.83497524161302,116,5,51,55,222.0,-71.0,64.0,20.0,120.0,-4.0,-102.0,5594.0,72.0,-34.0,7.601225178469758,61.811458327720054,
6304,1067.8818,208.86155386062,53.66241871087177,223.20698295486386,28.0,0.79,333.0,56.0,196.0,1180.0,25.0,280.0,134.0,377.0,30.284841656624735,118,5,52,54,222.0,-71.0,64.0,20.0,120.0,-4.0,-102.0,5594.0,72.0,-34.0,7.605635520899779,61.811458327720054,
6305,879.05695,125.59466561520358,29.13539717641817,125.85051300432865,28.0,0.75905,255.0,39.0,145.0,917.0,28.0,220.0,104.0,300.0,22.04367508885894,112,6,50,56,231.0,-54.0,66.0,45.0,146.0,17.0,-85.0,5862.0,95.0,-16.0,7.689432027070036,61.811458327720054,
6306,813.1332,126.08214427655231,21.98231389768388,137.34132047886425,29.0,0.8204,244.0,37.0,138.0,881.0,28.0,211.0,100.0,290.0,17.540569477726518,115,3,55,59,231.0,-52.0,67.0,49.0,149.0,21.0,-82.0,5904.0,99.0,-13.0,7.693842369500057,61.811458327720054,
6307,900.36554,294.94464769892573,21.14786358930795,229.88726209603408,28.0,0.78495,280.0,46.0,168.0,1015.0,25.0,249.0,113.0,323.0,18.634524908353633,127,1,53,56,230.0,-68.0,66.0,29.0,131.0,3.0,-99.0,5808.0,81.0,-30.0,7.733535451370175,61.811458327720054,
6308,952.07715,291.7193777234247,12.87090338259558,215.3477327465005,28.0,0.77885,280.0,46.0,168.0,1015.0,25.0,249.0,113.0,323.0,12.090430547486918,131,1,55,56,230.0,-68.0,66.0,29.0,131.0,3.0,-99.0,5808.0,81.0,-30.0,7.737945793800124,61.811458327720054,
6309,1008.78503,291.57124376073943,16.54010719560437,227.32404871565706,29.0,0.78705,297.0,50.0,181.0,1077.0,25.0,266.0,119.0,339.0,16.298910206639313,139,5,51,55,227.0,-73.0,66.0,22.0,123.0,-4.0,-104.0,5747.0,73.0,-36.0,7.742356136230146,61.811458327720054,
6310,1074.171,286.6154086888957,16.39548186622728,228.9516872081198,29.0,0.80025,297.0,50.0,181.0,1077.0,25.0,266.0,119.0,339.0,16.35266501408298,134,4,55,55,227.0,-73.0,66.0,22.0,123.0,-4.0,-104.0,5747.0,73.0,-36.0,7.7467664786601675,61.811458327720054,
6311,1030.8707,273.8416975076659,39.859466676193975,251.72634379068882,28.0,0.66775,239.0,43.0,161.0,945.0,23.0,264.0,97.0,289.0,36.441590500932,137,13,55,51,245.0,-90.0,70.0,-28.0,121.0,-15.0,-124.0,6179.0,68.0,31.0,8.214262776241545,61.811458327720054,
6312,908.12305,142.04602139341145,13.976079045547555,165.93218575879155,28.0,0.7361,320.0,53.0,185.0,1131.0,25.0,265.0,129.0,364.0,10.428077654064454,115,7,52,59,223.0,-66.0,64.0,27.0,126.0,2.0,-97.0,5636.0,77.0,-29.0,7.596299465542049,61.809374994386914,
6313,908.39386,193.79085451011696,27.622010451027357,193.1804340682638,28.0,0.7688,333.0,56.0,196.0,1180.0,25.0,280.0,134.0,377.0,15.210743718105718,103,6,51,57,222.0,-71.0,64.0,20.0,120.0,-4.0,-102.0,5594.0,72.0,-34.0,7.600709508772941,61.809374994386914,
6314,944.78577,206.2486984053945,45.24189385295477,217.3642748405945,28.0,0.8451,333.0,56.0,196.0,1180.0,25.0,280.0,134.0,377.0,26.865056890780316,127,7,55,56,222.0,-71.0,64.0,20.0,120.0,-4.0,-102.0,5594.0,72.0,-34.0,7.605119552003834,61.809374994386914,
6315,1000.80396,205.88879310945612,49.19285013730963,218.57928504759275,28.0,0.827,345.0,59.0,207.0,1226.0,24.0,292.0,138.0,388.0,28.547092283800946,129,8,56,54,222.0,-76.0,64.0,15.0,115.0,-9.0,-107.0,5567.0,66.0,-39.0,7.6095295952347275,61.809374994386914,
6316,910.3741,116.69507109368848,24.764632805585666,123.82928686875373,28.0,0.75165,255.0,39.0,145.0,917.0,28.0,220.0,104.0,300.0,20.667824544450774,121,5,55,57,231.0,-54.0,66.0,45.0,146.0,17.0,-85.0,5862.0,95.0,-16.0,7.6845003301597705,61.809374994386914,
6317,842.6666,118.40440364731315,19.503951356885363,135.6497937559647,28.0,0.7888,255.0,39.0,145.0,917.0,28.0,220.0,104.0,300.0,16.811922134673814,108,2,56,56,231.0,-54.0,66.0,45.0,146.0,17.0,-85.0,5862.0,95.0,-16.0,7.688910373390663,61.809374994386914,
6318,788.85913,113.3375022664648,13.216393342062906,145.53271106669288,29.0,0.823,244.0,37.0,138.0,881.0,28.0,211.0,100.0,290.0,12.191917525660033,109,0,56,58,231.0,-52.0,67.0,49.0,149.0,21.0,-82.0,5904.0,99.0,-13.0,7.693320416621558,61.809374994386914,
6319,752.6628,101.65950048422408,6.529232372556239,160.14766031239037,29.0,0.76,244.0,37.0,138.0,881.0,28.0,211.0,100.0,290.0,6.78334600619596,112,2,56,61,231.0,-52.0,67.0,49.0,149.0,21.0,-82.0,5904.0,99.0,-13.0,7.697730459852378,61.809374994386914,
6320,921.5072,297.8955525080666,16.79749666722259,221.2835407707004,29.0,0.7794,264.0,42.0,155.0,957.0,27.0,234.0,107.0,307.0,14.92251441584245,127,2,51,58,231.0,-62.0,67.0,37.0,138.0,9.0,-93.0,5845.0,87.0,-23.0,7.733010805699523,61.809374994386914,
6321,967.23096,298.8381000275916,15.151272633757328,216.4217653755026,28.0,0.7796,280.0,46.0,168.0,1015.0,25.0,249.0,113.0,323.0,13.157518431875097,130,1,54,55,230.0,-68.0,66.0,29.0,131.0,3.0,-99.0,5808.0,81.0,-30.0,7.737420848930346,61.809374994386914,
6322,1027.7788,293.52186298880207,18.07767337228221,227.47287016092403,29.0,0.80525,297.0,50.0,181.0,1077.0,25.0,266.0,119.0,339.0,16.62843920286407,136,1,55,55,227.0,-73.0,66.0,22.0,123.0,-4.0,-104.0,5747.0,73.0,-36.0,7.74183089216124,61.809374994386914,
6323,872.86035,156.19306331048645,9.381010198412483,175.4016807693675,28.0,0.7469,284.0,45.0,159.0,1003.0,28.0,233.0,116.0,330.0,6.191914723296321,115,18,53,58,226.0,-54.0,65.0,42.0,141.0,15.0,-85.0,5724.0,92.0,-17.0,7.6001939190855134,61.807291661053775,
6324,873.0431,185.92198798951085,18.227918998433637,185.24119903560577,28.0,0.7869,284.0,45.0,159.0,1003.0,28.0,233.0,116.0,330.0,9.973825953870936,109,30,55,55,226.0,-54.0,65.0,42.0,141.0,15.0,-85.0,5724.0,92.0,-17.0,7.604603663163702,61.807291661053775,
6325,898.88477,211.47462910069,33.25957094611769,213.99492301500754,28.0,0.8317,290.0,46.0,164.0,1029.0,27.0,241.0,118.0,336.0,20.70788041036538,122,4,56,56,226.0,-58.0,65.0,38.0,137.0,11.0,-89.0,5710.0,88.0,-21.0,7.609013407241889,61.807291661053775,
6326,951.3597,213.9567400130879,38.91674632538138,221.3694977427714,28.0,0.83955,290.0,46.0,164.0,1029.0,27.0,241.0,118.0,336.0,24.24452624608541,121,5,55,56,226.0,-58.0,65.0,38.0,137.0,11.0,-89.0,5710.0,88.0,-21.0,7.6134231513200765,61.807291661053775,
6327,1012.00653,212.51729776425663,44.66799459237503,224.53055755744018,28.0,0.80695,297.0,48.0,171.0,1055.0,26.0,249.0,121.0,342.0,27.108613971056435,125,6,52,56,225.0,-61.0,65.0,34.0,133.0,8.0,-92.0,5669.0,83.0,-24.0,7.617832895398264,61.807291661053775,
6328,1080.6395,207.79407879971674,48.80010323261584,220.54944005086963,28.0,0.772,297.0,48.0,171.0,1055.0,26.0,249.0,121.0,342.0,28.363110307716923,122,7,52,55,225.0,-61.0,65.0,34.0,133.0,8.0,-92.0,5669.0,83.0,-24.0,7.62224263947638,61.807291661053775,
6329,982.29224,106.66628845798114,32.16751384130075,96.9567114801405,29.0,0.7617,258.0,40.0,147.0,927.0,28.0,221.0,105.0,303.0,29.12648387715455,128,3,58,57,230.0,-54.0,67.0,45.0,145.0,17.0,-85.0,5852.0,95.0,-16.0,7.679569312492756,61.807291661053775,
6330,886.3057,110.98259263476403,19.32768615865256,129.62103861582796,29.0,0.8228,249.0,38.0,141.0,897.0,28.0,214.0,102.0,294.0,17.622080260745506,111,2,54,55,231.0,-53.0,67.0,47.0,148.0,19.0,-83.0,5871.0,97.0,-14.0,7.683979056570943,61.807291661053775,
6331,825.42773,110.34095606276361,13.980739039284607,140.50799678047014,29.0,0.8205,249.0,38.0,141.0,897.0,28.0,214.0,102.0,294.0,13.657703450494038,110,2,57,55,231.0,-53.0,67.0,47.0,148.0,19.0,-83.0,5871.0,97.0,-14.0,7.688388800649131,61.807291661053775,
6332,778.77277,103.9339588464786,8.943689875225678,152.36688802391745,29.0,0.7994,247.0,37.0,140.0,892.0,28.0,214.0,101.0,293.0,9.376018611191915,114,2,57,58,231.0,-52.0,67.0,48.0,148.0,20.0,-83.0,5889.0,98.0,-15.0,7.692798544727319,61.807291661053775,
6333,754.2215,78.67869737426001,4.108518755631058,166.9502072543068,29.0,0.7458,247.0,37.0,140.0,892.0,28.0,214.0,101.0,293.0,4.426802920407546,109,2,56,60,231.0,-52.0,67.0,48.0,148.0,20.0,-83.0,5889.0,98.0,-15.0,7.697208288805436,61.807291661053775,
6334,743.2235,165.9957643675239,3.105322541536999,178.16665561859776,28.0,0.6938,247.0,38.0,141.0,895.0,28.0,216.0,101.0,293.0,2.529796183550458,122,3,54,59,232.0,-54.0,67.0,46.0,147.0,18.0,-85.0,5895.0,97.0,-16.0,7.701618032883624,61.807291661053775,
6335,743.1224,239.94890666450084,3.6238818818794885,181.90147652511922,28.0,0.6712,247.0,38.0,141.0,895.0,28.0,216.0,101.0,293.0,2.19317318124537,124,4,55,61,232.0,-54.0,67.0,46.0,147.0,18.0,-85.0,5895.0,97.0,-16.0,7.706027776961812,61.807291661053775,
6336,890.0228,301.6610201356085,17.94308549517091,220.0610802179441,28.0,0.7962,280.0,46.0,168.0,1017.0,26.0,249.0,113.0,324.0,15.054427371609766,134,2,53,55,230.0,-68.0,66.0,29.0,131.0,3.0,-99.0,5808.0,81.0,-30.0,7.728076497352752,61.807291661053775,
6337,943.51953,301.4299471171062,16.303680571363703,217.96872683448728,28.0,0.7877,280.0,46.0,168.0,1017.0,26.0,249.0,113.0,324.0,14.181905695881138,131,1,54,57,230.0,-68.0,66.0,29.0,131.0,3.0,-99.0,5808.0,81.0,-30.0,7.732486241430939,61.807291661053775,
6338,986.9916,299.38529685415773,15.942744249917352,217.13771294639136,28.0,0.7922,298.0,50.0,183.0,1083.0,24.0,267.0,120.0,341.0,13.373195296438093,135,5,56,56,228.0,-74.0,65.0,21.0,123.0,-4.0,-105.0,5773.0,73.0,-36.0,7.736895985509057,61.807291661053775,
6339,1048.9626,295.7032919904541,18.362412448872913,226.59082502380383,28.0,0.7937,298.0,50.0,183.0,1083.0,24.0,267.0,120.0,341.0,16.566697062498665,137,4,55,54,228.0,-74.0,65.0,21.0,123.0,-4.0,-105.0,5773.0,73.0,-36.0,7.741305729587246,61.807291661053775,
6340,903.14014,57.82539504199734,14.080109292974946,153.32096771811618,28.0,0.8033,287.0,45.0,161.0,1016.0,28.0,236.0,117.0,334.0,10.623257602164054,114,6,55,56,226.0,-55.0,65.0,42.0,141.0,15.0,-85.0,5736.0,92.0,-18.0,7.5952689644179285,61.80520832772062,
6341,874.74445,58.54001966632652,8.129664396947438,163.95264149253424,28.0,0.76,287.0,45.0,161.0,1016.0,28.0,236.0,117.0,334.0,6.580294257316922,120,16,55,58,226.0,-55.0,65.0,42.0,141.0,15.0,-85.0,5736.0,92.0,-18.0,7.599678409389824,61.80520832772062,
6342,854.18317,112.5693034533991,5.785867092854578,168.47569124391254,28.0,0.7324,284.0,45.0,159.0,1003.0,28.0,233.0,116.0,330.0,5.134810628815813,114,16,54,57,226.0,-54.0,65.0,42.0,141.0,15.0,-85.0,5724.0,92.0,-17.0,7.604087854361719,61.80520832772062,
6343,848.7723,184.70867606326465,10.860581929923026,186.22970086171955,28.0,0.7393,290.0,46.0,164.0,1029.0,27.0,241.0,118.0,336.0,5.759666918415273,108,29,53,56,226.0,-58.0,65.0,38.0,137.0,11.0,-89.0,5710.0,88.0,-21.0,7.608497299333614,61.80520832772062,
6344,874.61945,221.24601651619741,23.740864384495747,214.84725157385083,28.0,0.8093,290.0,46.0,164.0,1029.0,27.0,241.0,118.0,336.0,16.924782105835572,108,4,56,56,226.0,-58.0,65.0,38.0,137.0,11.0,-89.0,5710.0,88.0,-21.0,7.6129067443055085,61.80520832772062,
6345,925.472,215.6911990538638,30.272053878002726,213.70534035312673,28.0,0.84825,297.0,48.0,171.0,1055.0,26.0,249.0,121.0,342.0,18.57117224363639,113,5,55,57,225.0,-61.0,65.0,34.0,133.0,8.0,-92.0,5669.0,83.0,-24.0,7.617316189277404,61.80520832772062,
6346,971.2417,209.75461944172133,38.20594876592264,214.33997051327046,28.0,0.8127,297.0,48.0,171.0,1055.0,26.0,249.0,121.0,342.0,22.292688991160524,126,3,52,55,225.0,-61.0,65.0,34.0,133.0,8.0,-92.0,5669.0,83.0,-24.0,7.621725634249229,61.80520832772062,
6347,1018.6616,202.45396728841627,43.606196653910466,209.18881015002782,28.0,0.8173,310.0,51.0,181.0,1102.0,26.0,261.0,125.0,354.0,24.853857204587776,118,4,50,55,225.0,-66.0,65.0,28.0,128.0,2.0,-97.0,5678.0,78.0,-29.0,7.626135079221125,61.80520832772062,
6348,954.6747,112.30473982938065,30.6075514569295,103.19868382085427,29.0,0.791,258.0,40.0,147.0,927.0,28.0,221.0,105.0,303.0,27.662386559911834,127,4,56,57,230.0,-54.0,67.0,45.0,145.0,17.0,-85.0,5852.0,95.0,-16.0,7.679048418883796,61.80520832772062,
6349,869.51154,113.3212808842234,16.718998583620333,135.0694675703468,29.0,0.8103,249.0,38.0,141.0,897.0,28.0,214.0,102.0,294.0,15.915426210681428,116,2,55,58,231.0,-53.0,67.0,47.0,148.0,19.0,-83.0,5871.0,97.0,-14.0,7.683457863855692,61.80520832772062,
6350,814.85767,104.85152161857216,11.35243460287059,143.0514014897996,29.0,0.8005,249.0,38.0,141.0,897.0,28.0,214.0,102.0,294.0,12.45220395381788,112,3,56,58,231.0,-53.0,67.0,47.0,148.0,19.0,-83.0,5871.0,97.0,-14.0,7.687867308827586,61.80520832772062,
6351,776.05273,94.42339056138114,6.566577128137359,160.66293116192665,29.0,0.77905,247.0,37.0,140.0,892.0,28.0,214.0,101.0,293.0,6.439545110766286,109,16,55,59,231.0,-52.0,67.0,48.0,148.0,20.0,-83.0,5889.0,98.0,-15.0,7.692276753799481,61.80520832772062,
6352,758.62213,86.66345144072474,3.3878805461321115,171.47004277610444,29.0,0.74305,247.0,37.0,140.0,892.0,28.0,214.0,101.0,293.0,3.0128465660511212,120,3,56,58,231.0,-52.0,67.0,48.0,148.0,20.0,-83.0,5889.0,98.0,-15.0,7.696686198771306,61.80520832772062,
6353,750.238,169.87035101894946,3.0246800248681143,178.8735795720872,28.0,0.6882,247.0,38.0,141.0,895.0,28.0,216.0,101.0,293.0,3.2112462273411344,124,5,55,58,232.0,-54.0,67.0,46.0,147.0,18.0,-85.0,5895.0,97.0,-16.0,7.7010956437432,61.80520832772062,
6354,751.66736,228.15962057315082,4.036634835748151,185.03863486479233,28.0,0.696,247.0,38.0,141.0,895.0,28.0,216.0,101.0,293.0,3.4543230067772526,126,6,53,58,232.0,-54.0,67.0,46.0,147.0,18.0,-85.0,5895.0,97.0,-16.0,7.705505088715094,61.80520832772062,
6355,759.50415,244.46869139198844,6.253468064600471,185.91023974286136,29.0,0.73915,255.0,40.0,148.0,926.0,27.0,225.0,104.0,300.0,4.1924017378269305,129,3,57,57,231.0,-58.0,67.0,41.0,142.0,14.0,-89.0,5860.0,92.0,-20.0,7.709914533686991,61.80520832772062,
6356,920.8996,303.810074511898,20.55163226640892,225.74692175542594,28.0,0.8208,280.0,46.0,168.0,1017.0,26.0,249.0,113.0,324.0,17.619541780858334,134,2,53,57,230.0,-68.0,66.0,29.0,131.0,3.0,-99.0,5808.0,81.0,-30.0,7.727552313574571,61.80520832772062,
6357,969.3319,308.20443789820365,15.456212163733342,208.88725673239145,28.0,0.7905,280.0,46.0,168.0,1017.0,26.0,249.0,113.0,324.0,11.611673883526057,141,5,55,55,230.0,-68.0,66.0,29.0,131.0,3.0,-99.0,5808.0,81.0,-30.0,7.731961758546466,61.80520832772062,
6358,1009.6092,303.53233030191564,17.294758604221027,218.68645689045826,28.0,0.7735,298.0,50.0,183.0,1083.0,24.0,267.0,120.0,341.0,14.579631658764558,136,5,54,55,228.0,-74.0,65.0,21.0,123.0,-4.0,-105.0,5773.0,73.0,-36.0,7.73637120351829,61.80520832772062,
6359,950.7412,47.73507667456355,28.318083058125975,137.36615179432036,28.0,0.7967,287.0,45.0,161.0,1016.0,28.0,236.0,117.0,334.0,19.430318102072885,115,3,55,57,226.0,-55.0,65.0,42.0,141.0,15.0,-85.0,5736.0,92.0,-18.0,7.5947538337562355,61.80312499438747,
6360,895.39923,70.94788828994498,13.349590348051624,147.2567200979469,28.0,0.8148,287.0,45.0,161.0,1016.0,28.0,236.0,117.0,334.0,11.649769330108063,113,5,54,57,226.0,-55.0,65.0,42.0,141.0,15.0,-85.0,5736.0,92.0,-18.0,7.599162979668239,61.80312499438747,
6361,856.1014,91.79793489833892,6.942145922740054,156.41195147109804,28.0,0.757,284.0,45.0,159.0,1003.0,28.0,233.0,116.0,330.0,8.054775250182058,118,3,55,58,226.0,-54.0,65.0,42.0,141.0,15.0,-85.0,5724.0,92.0,-17.0,7.603572125580244,61.80312499438747,
6362,862.5747,206.905996442103,19.59245040005272,199.86788657065776,28.0,0.74655,297.0,48.0,171.0,1055.0,26.0,249.0,121.0,342.0,12.442891238548956,112,5,55,58,225.0,-61.0,65.0,34.0,133.0,8.0,-92.0,5669.0,83.0,-24.0,7.616799563316255,61.80312499438747,
6363,895.3011,205.7853322186077,28.471199484155623,205.0521236465732,28.0,0.75665,297.0,48.0,171.0,1055.0,26.0,249.0,121.0,342.0,18.09247979194207,121,4,52,57,225.0,-61.0,65.0,34.0,133.0,8.0,-92.0,5669.0,83.0,-24.0,7.62120870922819,61.80312499438747,
6364,931.90173,205.91616525910862,32.61964655474206,206.81112740085288,28.0,0.80485,310.0,51.0,181.0,1102.0,26.0,261.0,125.0,354.0,19.706267132889106,115,5,55,57,225.0,-66.0,65.0,28.0,128.0,2.0,-97.0,5678.0,78.0,-29.0,7.625617855140195,61.80312499438747,
6365,967.58905,202.00803480640232,39.2202440698235,206.84622513015555,28.0,0.8381,310.0,51.0,181.0,1102.0,26.0,261.0,125.0,354.0,22.59970694635661,113,7,55,56,225.0,-66.0,65.0,28.0,128.0,2.0,-97.0,5678.0,78.0,-29.0,7.6300270010522,61.80312499438747,
6366,1005.3849,196.4389957289518,48.18450447956353,204.0056504413603,29.0,0.8312,315.0,53.0,187.0,1125.0,25.0,268.0,127.0,360.0,27.78834175986817,115,6,55,53,224.0,-69.0,65.0,24.0,124.0,-1.0,-100.0,5631.0,74.0,-32.0,7.6344361469642035,61.80312499438747,
6367,1041.2278,202.63507816266969,49.09461200603329,213.55813068088207,29.0,0.8141,315.0,53.0,187.0,1125.0,25.0,268.0,127.0,360.0,28.452852512766476,122,7,54,57,224.0,-69.0,65.0,24.0,124.0,-1.0,-100.0,5631.0,74.0,-32.0,7.6388452928762085,61.80312499438747,
6368,924.8967,108.9934384617996,31.212459001965815,102.49363013293733,29.0,0.7972,258.0,40.0,147.0,927.0,28.0,221.0,105.0,303.0,27.651681883351092,120,3,57,54,230.0,-54.0,67.0,45.0,145.0,17.0,-85.0,5852.0,95.0,-16.0,7.678527606084178,61.80312499438747,
6369,851.1409,125.17043386368606,18.206247531561722,142.83932681999437,29.0,0.7921,258.0,40.0,147.0,927.0,28.0,221.0,105.0,303.0,15.271076769097734,122,2,55,56,230.0,-54.0,67.0,45.0,145.0,17.0,-85.0,5852.0,95.0,-16.0,7.682936751996183,61.80312499438747,
6370,811.6174,116.14610261511822,9.42116721553612,161.02400019093628,29.0,0.76075,249.0,38.0,141.0,897.0,28.0,214.0,102.0,294.0,8.043003257012979,116,4,56,58,231.0,-53.0,67.0,47.0,148.0,19.0,-83.0,5871.0,97.0,-14.0,7.687345897908187,61.80312499438747,
6371,787.1289,80.99208229629008,7.897903246540753,159.4320475400961,29.0,0.7428,247.0,37.0,140.0,892.0,28.0,214.0,101.0,293.0,7.836188829613239,106,4,55,56,231.0,-52.0,67.0,48.0,148.0,20.0,-83.0,5889.0,98.0,-15.0,7.691755043820192,61.80312499438747,
6372,766.4034,63.10845152843753,4.424502203936239,168.4095744241839,29.0,0.7222,247.0,37.0,140.0,892.0,28.0,214.0,101.0,293.0,4.600578376174818,119,2,57,58,231.0,-52.0,67.0,48.0,148.0,20.0,-83.0,5889.0,98.0,-15.0,7.696164189732126,61.80312499438747,
6373,755.5091,169.5330883173316,2.3053760387729056,177.7386024130367,28.0,0.6853,247.0,38.0,141.0,895.0,28.0,216.0,101.0,293.0,1.7508948413082612,127,4,56,59,232.0,-54.0,67.0,46.0,147.0,18.0,-85.0,5895.0,97.0,-16.0,7.700573335644131,61.80312499438747,
6374,773.3328,309.01415957913986,9.766217443960189,194.05105625573592,29.0,0.7723,255.0,40.0,148.0,926.0,27.0,225.0,104.0,300.0,6.784808699507453,125,3,55,56,231.0,-58.0,67.0,41.0,142.0,14.0,-89.0,5860.0,92.0,-20.0,7.709391627468141,61.80312499438747,
6375,803.4094,315.09204747703177,16.903931220711023,208.857037570827,29.0,0.7879,255.0,40.0,148.0,926.0,27.0,225.0,104.0,300.0,12.966848484975294,129,2,52,56,231.0,-58.0,67.0,41.0,142.0,14.0,-89.0,5860.0,92.0,-20.0,7.713800773380144,61.80312499438747,
6376,898.5547,309.4507616325772,21.37213274349239,220.15994230618097,28.0,0.79905,267.0,43.0,158.0,971.0,26.0,237.0,108.0,312.0,16.6707625261381,134,3,54,56,231.0,-63.0,66.0,35.0,137.0,8.0,-94.0,5839.0,86.0,-25.0,7.722619065204152,61.80312499438747,
6377,953.1816,306.84725389515256,19.488197777577177,218.44711911638692,28.0,0.8162,280.0,46.0,168.0,1017.0,26.0,249.0,113.0,324.0,15.312699420271345,125,2,52,57,230.0,-68.0,66.0,29.0,131.0,3.0,-99.0,5808.0,81.0,-30.0,7.727028211116157,61.80312499438747,
6378,993.93774,310.33297173608526,14.863219823741598,208.1007398700723,28.0,0.8087,280.0,46.0,168.0,1017.0,26.0,249.0,113.0,324.0,11.55541031179619,130,2,54,56,230.0,-68.0,66.0,29.0,131.0,3.0,-99.0,5808.0,81.0,-30.0,7.7314373570281605,61.80312499438747,
6379,872.78296,52.22671465632981,16.10918870987788,152.47975991228049,28.0,0.8023,284.0,45.0,159.0,1003.0,28.0,233.0,116.0,330.0,11.80309983640607,112,4,54,56,226.0,-54.0,65.0,42.0,141.0,15.0,-85.0,5724.0,92.0,-17.0,7.603056476801632,61.80104166105433,
6380,845.36816,189.91234622420018,4.50980715189561,179.0389119360865,28.0,0.6925,290.0,46.0,164.0,1029.0,27.0,241.0,118.0,336.0,1.9885467281355735,108,14,54,58,226.0,-58.0,65.0,38.0,137.0,11.0,-89.0,5710.0,88.0,-21.0,7.611874170598644,61.80104166105433,
6381,889.26855,196.74398026405726,27.673961559579613,194.8179470557454,28.0,0.8217,310.0,51.0,181.0,1102.0,26.0,261.0,125.0,354.0,16.419281528956837,115,4,57,60,225.0,-66.0,65.0,28.0,128.0,2.0,-97.0,5678.0,78.0,-29.0,7.629509558192598,61.80104166105433,
6382,903.36304,190.06237634272782,35.3648243551579,191.30756790191512,29.0,0.8349,315.0,53.0,187.0,1125.0,25.0,268.0,127.0,360.0,19.7455427693575,122,5,54,57,224.0,-69.0,65.0,24.0,124.0,-1.0,-100.0,5631.0,74.0,-32.0,7.633918405091102,61.80104166105433,
6383,924.7374,198.09612481120837,42.31220783726764,202.93319288557421,29.0,0.8616,315.0,53.0,187.0,1125.0,25.0,268.0,127.0,360.0,23.198492252086744,128,6,55,57,224.0,-69.0,65.0,24.0,124.0,-1.0,-100.0,5631.0,74.0,-32.0,7.638327251989609,61.80104166105433,
6384,962.1783,202.2311509887391,49.167950173229315,213.0463689182912,28.0,0.8458,319.0,54.0,191.0,1141.0,25.0,273.0,128.0,363.0,28.525556808587936,121,6,57,57,224.0,-71.0,64.0,21.0,122.0,-3.0,-102.0,5625.0,72.0,-34.0,7.642736098888114,61.80104166105433,
6385,1000.78546,190.81277872241972,50.392249385390954,196.19838897493605,28.0,0.81755,319.0,54.0,191.0,1141.0,25.0,273.0,128.0,363.0,27.865979129216626,123,5,54,60,224.0,-71.0,64.0,21.0,122.0,-3.0,-102.0,5625.0,72.0,-34.0,7.6471449457866205,61.80104166105433,
6386,1022.8872,188.7895100727241,50.54501608198702,192.85936803854054,29.0,0.80865,319.0,54.0,191.0,1142.0,25.0,274.0,128.0,363.0,27.14877417147291,122,5,54,60,224.0,-72.0,65.0,21.0,121.0,-4.0,-103.0,5625.0,71.0,-35.0,7.651553792685127,61.80104166105433,
6387,1070.1156,180.5440019586577,48.03044350408005,181.7107581592658,28.0,0.80595,305.0,50.0,180.0,1089.0,25.0,261.0,123.0,348.0,25.90172224396441,123,10,54,58,226.0,-68.0,65.0,26.0,127.0,1.0,-99.0,5700.0,77.0,-31.0,7.664780333380572,61.80104166105433,
6388,1047.7013,157.54026732111132,48.78995709931542,146.6058509304122,28.0,0.7725,275.0,44.0,159.0,988.0,27.0,237.0,112.0,320.0,28.76753852786179,117,4,56,57,229.0,-59.0,66.0,38.0,139.0,11.0,-90.0,5802.0,89.0,-22.0,7.669189180279077,61.80104166105433,
6389,870.11523,132.57669573440552,36.03455745213679,121.54923316679158,29.0,0.8088,258.0,40.0,147.0,927.0,28.0,221.0,105.0,303.0,26.850899044061727,116,1,56,58,230.0,-54.0,67.0,45.0,145.0,17.0,-85.0,5852.0,95.0,-16.0,7.6780068740760905,61.80104166105433,
6390,813.5564,140.15798142077298,20.199784397193113,153.62902382058792,29.0,0.79205,258.0,40.0,147.0,927.0,28.0,221.0,105.0,303.0,13.285420156265765,118,16,54,58,230.0,-54.0,67.0,45.0,145.0,17.0,-85.0,5852.0,95.0,-16.0,7.682415720974595,61.80104166105433,
6391,792.65857,156.99884800005503,13.4272666017344,169.62804904227627,29.0,0.76715,249.0,38.0,141.0,897.0,28.0,214.0,102.0,294.0,8.462909484795444,117,6,55,59,231.0,-53.0,67.0,47.0,148.0,19.0,-83.0,5871.0,97.0,-14.0,7.686824567873102,61.80104166105433,
6392,773.3643,148.7545451483711,10.671656431085397,169.2074240165381,29.0,0.74125,249.0,38.0,141.0,897.0,28.0,214.0,102.0,294.0,8.428290468671445,114,2,55,57,231.0,-53.0,67.0,47.0,148.0,19.0,-83.0,5871.0,97.0,-14.0,7.691233414771607,61.80104166105433,
6393,762.76843,153.97209859821243,5.393042601219862,175.13713905966787,29.0,0.66045,247.0,37.0,140.0,892.0,28.0,214.0,101.0,293.0,4.531571122727983,115,2,56,58,231.0,-52.0,67.0,48.0,148.0,20.0,-83.0,5889.0,98.0,-15.0,7.6956422616700415,61.80104166105433,
6394,758.6805,132.723396156731,1.7725893101440158,179.07633246441694,28.0,0.62355,247.0,38.0,141.0,895.0,28.0,216.0,101.0,293.0,0.9771504596212152,130,4,54,60,232.0,-54.0,67.0,46.0,147.0,18.0,-85.0,5895.0,97.0,-16.0,7.700051108568546,61.80104166105433,
6395,765.0817,281.1490153625949,7.190618860803955,194.79058960840072,28.0,0.74895,247.0,38.0,141.0,895.0,28.0,216.0,101.0,293.0,5.717513196559566,128,3,52,58,232.0,-54.0,67.0,46.0,147.0,18.0,-85.0,5895.0,97.0,-16.0,7.704459955467053,61.80104166105433,
6396,793.4768,309.48022078999406,13.88328129986606,206.94371624243118,29.0,0.78845,255.0,40.0,148.0,926.0,27.0,225.0,104.0,300.0,10.933212626252583,132,3,52,56,231.0,-58.0,67.0,41.0,142.0,14.0,-89.0,5860.0,92.0,-20.0,7.70886880236556,61.80104166105433,
6397,838.36615,312.99186618368964,19.867471813546313,214.97797985466553,29.0,0.79625,255.0,40.0,148.0,926.0,27.0,225.0,104.0,300.0,15.184906081342303,135,2,53,57,231.0,-58.0,67.0,41.0,142.0,14.0,-89.0,5860.0,92.0,-20.0,7.713277649264065,61.80104166105433,
6398,883.5011,313.2980798734787,22.047285809212354,216.0257986346285,28.0,0.8017,267.0,43.0,158.0,971.0,26.0,237.0,108.0,312.0,15.715608136295215,132,3,53,56,231.0,-63.0,66.0,35.0,137.0,8.0,-94.0,5839.0,86.0,-25.0,7.717686496162571,61.80104166105433,
6399,936.83105,312.68700654965295,22.12611975132667,218.75428995352988,28.0,0.782,267.0,43.0,158.0,971.0,26.0,237.0,108.0,312.0,16.98797287671708,138,0,54,57,231.0,-63.0,66.0,35.0,137.0,8.0,-94.0,5839.0,86.0,-25.0,7.722095343061077,61.80104166105433,
6400,985.24774,310.45984850510564,17.53239138120377,213.34401010035896,28.0,0.7895,280.0,46.0,168.0,1017.0,26.0,249.0,113.0,324.0,13.864660273751019,129,4,54,57,230.0,-68.0,66.0,29.0,131.0,3.0,-99.0,5808.0,81.0,-30.0,7.726504189959582,61.80104166105433,
6401,1020.1529,315.45782232082774,15.603893911698659,205.17918684109145,28.0,0.7931,280.0,46.0,168.0,1017.0,26.0,249.0,113.0,324.0,11.125587957759857,129,0,55,57,230.0,-68.0,66.0,29.0,131.0,3.0,-99.0,5808.0,81.0,-30.0,7.730913036858088,61.80104166105433,
6402,898.104,27.461733821304872,24.570461768665172,162.01236182043,28.0,0.8081,288.0,46.0,162.0,1021.0,27.0,238.0,117.0,334.0,15.172572844089062,112,4,52,58,226.0,-56.0,65.0,40.0,139.0,13.0,-87.0,5710.0,90.0,-19.0,7.606949455939634,61.79895832772119,
6403,871.8672,29.53683975391651,19.37163045432909,162.63770355496834,29.0,0.80025,279.0,44.0,156.0,990.0,28.0,231.0,114.0,326.0,12.237351047340365,111,3,53,57,227.0,-54.0,66.0,43.0,142.0,16.0,-85.0,5754.0,93.0,-17.0,7.611358003871023,61.79895832772119,
6404,851.47534,73.16110852127719,9.393563305141667,168.22391909404317,29.0,0.74195,279.0,44.0,156.0,990.0,28.0,231.0,114.0,326.0,6.215095592750899,112,16,55,56,227.0,-54.0,66.0,43.0,142.0,16.0,-85.0,5754.0,93.0,-17.0,7.615766551802412,61.79895832772119,
6405,840.05615,180.4368709239219,13.777563428517224,185.16624372671868,28.0,0.7348,270.0,42.0,151.0,962.0,28.0,225.0,110.0,316.0,8.078226927000175,121,14,56,60,229.0,-53.0,66.0,46.0,146.0,18.0,-83.0,5821.0,96.0,-15.0,7.628992195596507,61.79895832772119,
6406,842.09784,174.45695331707861,17.59329441416951,180.10829393407238,28.0,0.7594,266.0,41.0,149.0,948.0,28.0,223.0,109.0,313.0,10.138846180267365,119,2,56,59,228.0,-52.0,66.0,46.0,146.0,19.0,-82.0,5812.0,96.0,-15.0,7.633400743527896,61.79895832772119,
6407,845.3701,189.42571641102464,25.042067028726585,189.88990391866744,28.0,0.8216,266.0,41.0,149.0,948.0,28.0,223.0,109.0,313.0,14.187235271299347,111,2,56,59,228.0,-52.0,66.0,46.0,146.0,19.0,-82.0,5812.0,96.0,-15.0,7.637809291459284,61.79895832772119,
6408,860.741,194.642808714246,34.059475999884306,197.92266750634656,28.0,0.848,264.0,41.0,148.0,943.0,28.0,222.0,108.0,310.0,19.388622252187794,114,3,54,59,230.0,-53.0,66.0,46.0,146.0,18.0,-84.0,5837.0,96.0,-15.0,7.642217839390673,61.79895832772119,
6409,890.2901,199.44900267089903,39.17957636353513,202.40964343873574,28.0,0.8557,264.0,41.0,148.0,943.0,28.0,222.0,108.0,310.0,21.982748908728308,97,2,55,60,230.0,-53.0,66.0,46.0,146.0,18.0,-84.0,5837.0,96.0,-15.0,7.646626387322063,61.79895832772119,
6410,914.1666,189.76752474940557,38.716239232902026,191.0467015420909,28.0,0.8381,262.0,41.0,149.0,942.0,28.0,223.0,107.0,309.0,20.959252984889417,100,1,55,59,230.0,-54.0,66.0,45.0,146.0,18.0,-84.0,5843.0,95.0,-16.0,7.651034935253452,61.79895832772119,
6411,930.48895,185.69923750032385,41.42962629574798,187.37863837900176,28.0,0.8198,262.0,41.0,149.0,942.0,28.0,223.0,107.0,309.0,22.151952460942972,102,3,56,58,230.0,-54.0,66.0,45.0,146.0,18.0,-84.0,5843.0,95.0,-16.0,7.655443483184769,61.79895832772119,
6412,939.6933,183.3937600191117,48.80134681975385,186.14151504734798,28.0,0.8041,260.0,40.0,147.0,934.0,28.0,222.0,106.0,306.0,25.945148908742762,109,4,57,58,231.0,-54.0,66.0,45.0,146.0,17.0,-85.0,5853.0,95.0,-16.0,7.6598520311161575,61.79895832772119,
6413,944.2676,179.49212506837296,54.5760053143514,179.59934189606767,28.0,0.8254,260.0,40.0,147.0,934.0,28.0,222.0,106.0,306.0,27.881448041232225,102,3,55,61,231.0,-54.0,66.0,45.0,146.0,17.0,-85.0,5853.0,95.0,-16.0,7.664260579047546,61.79895832772119,
6414,922.568,164.54510529277368,54.202198691211024,155.9094574522335,28.0,0.8303,255.0,39.0,144.0,919.0,28.0,219.0,104.0,301.0,30.23001185103714,110,4,57,58,231.0,-53.0,66.0,46.0,147.0,19.0,-84.0,5857.0,96.0,-15.0,7.668669126978934,61.79895832772119,
6415,872.442,149.35287834158325,42.85077060677202,141.79407526600784,28.0,0.82245,255.0,39.0,144.0,919.0,28.0,219.0,104.0,301.0,24.90886573495881,120,2,56,56,231.0,-53.0,66.0,46.0,147.0,19.0,-84.0,5857.0,96.0,-15.0,7.673077674910323,61.79895832772119,
6416,815.5194,138.22431842233627,27.619319755037203,140.54321755174286,28.0,0.80255,252.0,39.0,144.0,912.0,28.0,218.0,103.0,299.0,19.569572884090245,118,4,56,59,231.0,-53.0,66.0,46.0,147.0,19.0,-84.0,5851.0,96.0,-15.0,7.677486222841713,61.79895832772119,
6417,776.8027,148.1856822682803,15.478653541862066,163.41184991572356,28.0,0.7309,252.0,39.0,144.0,912.0,28.0,218.0,103.0,299.0,10.748426408925983,120,5,54,59,231.0,-53.0,66.0,46.0,147.0,19.0,-84.0,5851.0,96.0,-15.0,7.6818947707731,61.79895832772119,
6418,764.2938,154.53653822459415,9.071796211315686,173.85852404534833,29.0,0.706,250.0,38.0,143.0,904.0,28.0,217.0,102.0,296.0,5.655319281964045,124,3,53,57,231.0,-53.0,67.0,47.0,147.0,19.0,-84.0,5870.0,97.0,-15.0,7.686303318704489,61.79895832772119,
6419,759.2464,145.35169151838957,3.662163773208198,178.90402380798642,29.0,0.6791,250.0,38.0,143.0,904.0,28.0,217.0,102.0,296.0,1.38404340969808,116,3,54,59,231.0,-53.0,67.0,47.0,147.0,19.0,-84.0,5870.0,97.0,-15.0,7.690711866635878,61.79895832772119,
6420,757.6007,160.13414839150107,1.8340109723062605,179.9197025344185,28.0,0.6433,256.0,40.0,148.0,927.0,27.0,223.0,104.0,302.0,0.7342703040205184,129,2,54,58,232.0,-57.0,67.0,43.0,144.0,15.0,-88.0,5873.0,93.0,-19.0,7.695120414567197,61.79895832772119,
6421,758.6396,272.28013419003895,3.4137581053244017,183.44360279090918,28.0,0.6823,256.0,40.0,148.0,927.0,27.0,223.0,104.0,302.0,1.8198676550310786,125,1,57,59,232.0,-57.0,67.0,43.0,144.0,15.0,-88.0,5873.0,93.0,-19.0,7.699528962498585,61.79895832772119,
6422,778.5718,301.2264309798008,11.955110916381477,208.34529489396002,28.0,0.7723,272.0,43.0,160.0,982.0,26.0,238.0,110.0,316.0,10.55311100032113,127,3,52,57,231.0,-63.0,66.0,35.0,137.0,8.0,-94.0,5851.0,87.0,-24.0,7.703937510429972,61.79895832772119,
6423,820.61255,309.29716809630025,18.395144945522055,215.39225293060966,28.0,0.7946,282.0,46.0,168.0,1020.0,25.0,249.0,114.0,326.0,14.692208918603253,133,3,53,55,230.0,-67.0,66.0,30.0,132.0,4.0,-98.0,5813.0,82.0,-28.0,7.7083460583613626,61.79895832772119,
6424,871.80554,307.1819421533173,21.207050979317017,220.75856649079807,28.0,0.7861,282.0,46.0,168.0,1020.0,25.0,249.0,114.0,326.0,16.34781583050274,130,2,55,56,230.0,-67.0,66.0,30.0,132.0,4.0,-98.0,5813.0,82.0,-28.0,7.712754606292751,61.79895832772119,
6425,925.9305,313.80836347523905,24.25324340443999,220.19776400611966,28.0,0.7923,290.0,48.0,175.0,1052.0,25.0,258.0,117.0,334.0,17.801247954222152,140,2,54,57,229.0,-70.0,66.0,26.0,128.0,0.0,-101.0,5772.0,77.0,-32.0,7.7171631542241395,61.79895832772119,
6426,974.67145,316.02652720671006,20.412845257846815,210.60009272464737,28.0,0.7776,290.0,48.0,175.0,1052.0,25.0,258.0,117.0,334.0,14.008513051873669,130,2,52,55,229.0,-70.0,66.0,26.0,128.0,0.0,-101.0,5772.0,77.0,-32.0,7.721571702155528,61.79895832772119,
6427,1012.26385,310.2397005805295,15.486067666951792,208.05190623368287,28.0,0.76205,312.0,53.0,192.0,1130.0,24.0,278.0,125.0,354.0,11.62157047833715,128,1,53,54,227.0,-77.0,65.0,17.0,119.0,-8.0,-108.0,5724.0,69.0,-40.0,7.725980250086916,61.79895832772119,
6428,960.3841,38.85583604827393,26.146555570633655,147.7513418295207,28.0,0.813,288.0,46.0,162.0,1021.0,27.0,238.0,117.0,334.0,18.30844559789633,114,4,53,58,226.0,-56.0,65.0,40.0,139.0,13.0,-87.0,5710.0,90.0,-19.0,7.6064336681930875,61.796874994388034,
6429,919.26746,47.024859372078424,17.56703035021492,151.40160371365351,29.0,0.8179,279.0,44.0,156.0,990.0,28.0,231.0,114.0,326.0,12.757926447259663,111,13,53,58,227.0,-54.0,66.0,43.0,142.0,16.0,-85.0,5754.0,93.0,-17.0,7.6108419172037305,61.796874994388034,
6430,880.4164,54.0429816059316,13.293198109622406,153.7870683239973,29.0,0.8011,279.0,44.0,156.0,990.0,28.0,231.0,114.0,326.0,10.883300234318705,111,13,56,56,227.0,-54.0,66.0,43.0,142.0,16.0,-85.0,5754.0,93.0,-17.0,7.6152501662143735,61.796874994388034,
6431,855.49866,67.49890305382006,6.695882709486489,166.1551441918494,28.0,0.7706,275.0,43.0,154.0,977.0,28.0,228.0,112.0,321.0,5.766330442857921,113,16,55,60,228.0,-54.0,66.0,44.0,143.0,17.0,-85.0,5784.0,94.0,-16.0,7.619658415224945,61.796874994388034,
6432,839.53,66.23891571532086,3.9608696948636095,170.1150336968218,28.0,0.74305,275.0,43.0,154.0,977.0,28.0,228.0,112.0,321.0,4.055529621448182,113,16,56,61,228.0,-54.0,66.0,44.0,143.0,17.0,-85.0,5784.0,94.0,-16.0,7.62406666423559,61.796874994388034,
6433,828.8671,107.8905604526801,3.8205195583478773,173.73463320124011,28.0,0.716,270.0,42.0,151.0,962.0,28.0,225.0,110.0,316.0,2.6745794208293945,114,16,54,61,229.0,-53.0,66.0,46.0,146.0,18.0,-83.0,5821.0,96.0,-15.0,7.628474913246233,61.796874994388034,
6434,821.28125,143.33295268652353,6.381816785877419,176.14668813332992,28.0,0.7148,270.0,42.0,151.0,962.0,28.0,225.0,110.0,316.0,4.8163271396169325,124,5,55,60,229.0,-53.0,66.0,46.0,146.0,18.0,-83.0,5821.0,96.0,-15.0,7.632883162256876,61.796874994388034,
6435,810.7156,147.61053895321848,11.117341307166875,171.05816092044813,28.0,0.702,266.0,41.0,149.0,948.0,28.0,223.0,109.0,313.0,7.151401799839541,123,4,53,57,228.0,-52.0,66.0,46.0,146.0,19.0,-82.0,5812.0,96.0,-15.0,7.637291411267519,61.796874994388034,
6436,807.6086,178.90882665645628,15.89186853302214,181.48608532595517,28.0,0.7533,264.0,41.0,148.0,943.0,28.0,222.0,108.0,310.0,8.136199182929165,123,4,54,58,230.0,-53.0,66.0,46.0,146.0,18.0,-84.0,5837.0,96.0,-15.0,7.641699660278161,61.796874994388034,
6437,817.06006,198.11585138449072,24.93385489976346,195.32192658624686,28.0,0.8142,264.0,41.0,148.0,943.0,28.0,222.0,108.0,310.0,14.69454427885838,127,2,55,59,230.0,-53.0,66.0,46.0,146.0,18.0,-84.0,5837.0,96.0,-15.0,7.646107909288806,61.796874994388034,
6438,838.3668,193.04729154081753,30.50351334903163,194.29336690198508,28.0,0.844,262.0,41.0,149.0,942.0,28.0,223.0,107.0,309.0,17.8170309994254,124,2,55,56,230.0,-54.0,66.0,45.0,146.0,18.0,-84.0,5843.0,95.0,-16.0,7.650516158299449,61.796874994388034,
6439,850.80237,180.88721367894564,33.76880251583802,180.94413308496516,28.0,0.8177,262.0,41.0,149.0,942.0,28.0,223.0,107.0,309.0,19.059938607268265,125,2,55,56,230.0,-54.0,66.0,45.0,146.0,18.0,-84.0,5843.0,95.0,-16.0,7.654924407310021,61.796874994388034,
6440,845.2876,172.24411133124815,36.933304093514145,171.89902891715943,28.0,0.8092,260.0,40.0,147.0,934.0,28.0,222.0,106.0,306.0,20.141375534857044,125,3,56,57,231.0,-54.0,66.0,45.0,146.0,17.0,-85.0,5853.0,95.0,-16.0,7.659332656320664,61.796874994388034,
6441,835.9148,177.84803371562828,38.5478377220942,177.5434579189465,28.0,0.82,260.0,40.0,147.0,934.0,28.0,222.0,106.0,306.0,21.210713859263812,125,3,56,55,231.0,-54.0,66.0,45.0,146.0,17.0,-85.0,5853.0,95.0,-16.0,7.663740905331307,61.796874994388034,
6442,822.50665,168.4282734278866,35.28674284696819,167.40416521474387,28.0,0.8227,255.0,39.0,144.0,919.0,28.0,219.0,104.0,301.0,20.81135377155624,126,2,54,56,231.0,-53.0,66.0,46.0,147.0,19.0,-84.0,5857.0,96.0,-15.0,7.6681491543419495,61.796874994388034,
6443,797.3019,158.61154226089013,27.92836669408916,160.78117729236595,28.0,0.7938,255.0,39.0,144.0,919.0,28.0,219.0,104.0,301.0,17.325754261042576,126,3,57,59,231.0,-53.0,66.0,46.0,147.0,19.0,-84.0,5857.0,96.0,-15.0,7.6725574033525925,61.796874994388034,
6444,773.2844,148.84871566731024,14.22307347948924,165.33982505956288,28.0,0.75395,252.0,39.0,144.0,912.0,28.0,218.0,103.0,299.0,8.853292780969001,131,1,55,58,231.0,-53.0,66.0,46.0,147.0,19.0,-84.0,5851.0,96.0,-15.0,7.676965652363237,61.796874994388034,
6445,763.6008,280.223246874911,5.9309029602275665,184.52034171620667,28.0,0.70805,256.0,40.0,148.0,927.0,27.0,223.0,104.0,302.0,3.5396696968245793,129,0,51,56,232.0,-57.0,67.0,43.0,144.0,15.0,-88.0,5873.0,93.0,-19.0,7.694598648405737,61.796874994388034,
6446,770.90234,290.4771286777522,11.153654085819827,192.14832999783266,28.0,0.7454,256.0,40.0,148.0,927.0,27.0,223.0,104.0,302.0,7.204372121631871,131,0,53,56,232.0,-57.0,67.0,43.0,144.0,15.0,-88.0,5873.0,93.0,-19.0,7.69900689741638,61.796874994388034,
6447,801.13,305.21515895495526,18.99676950162399,214.72416606863575,28.0,0.7844,272.0,43.0,160.0,982.0,26.0,238.0,110.0,316.0,14.466770912361731,133,2,51,56,231.0,-63.0,66.0,35.0,137.0,8.0,-94.0,5851.0,87.0,-24.0,7.703415146427023,61.796874994388034,
6448,856.421,311.3213674742268,23.286511671431455,221.7797095872892,28.0,0.7914,272.0,43.0,160.0,982.0,26.0,238.0,110.0,316.0,17.779593160007487,132,2,52,54,231.0,-63.0,66.0,35.0,137.0,8.0,-94.0,5851.0,87.0,-24.0,7.707823395437668,61.796874994388034,
6449,910.31366,310.0411473157269,25.33734593810518,226.8862865285622,28.0,0.8027,282.0,46.0,168.0,1020.0,25.0,249.0,114.0,326.0,19.846352936648945,135,1,52,55,230.0,-67.0,66.0,30.0,132.0,4.0,-98.0,5813.0,82.0,-28.0,7.712231644448311,61.796874994388034,
6450,970.2057,315.79787572351495,24.036846510762086,217.17276303772212,28.0,0.79205,282.0,46.0,168.0,1020.0,25.0,249.0,114.0,326.0,16.990594641677262,135,1,56,56,230.0,-67.0,66.0,30.0,132.0,4.0,-98.0,5813.0,82.0,-28.0,7.716639893458955,61.796874994388034,
6451,937.4735,108.47150006044973,17.10750576168946,143.13656390269716,29.0,0.8134,279.0,44.0,156.0,990.0,28.0,231.0,114.0,326.0,16.39746382233613,121,15,54,56,227.0,-54.0,66.0,43.0,142.0,16.0,-85.0,5754.0,93.0,-17.0,7.6103259105791246,61.794791661054894,
6452,893.3886,111.21896235272752,13.917380731115728,151.26925148990807,29.0,0.7999,279.0,44.0,156.0,990.0,28.0,231.0,114.0,326.0,13.768570484541188,116,4,56,58,227.0,-54.0,66.0,43.0,142.0,16.0,-85.0,5754.0,93.0,-17.0,7.614733860715384,61.794791661054894,
6453,860.6324,114.32809912603074,8.96369458693382,157.9082001974552,28.0,0.7804,275.0,43.0,154.0,977.0,28.0,228.0,112.0,321.0,9.321937247968682,128,15,55,60,228.0,-54.0,66.0,44.0,143.0,17.0,-85.0,5784.0,94.0,-16.0,7.619141810851572,61.794791661054894,
6454,840.3427,131.5049143407151,5.4925720504129725,169.55089729169183,28.0,0.76395,275.0,43.0,154.0,977.0,28.0,228.0,112.0,321.0,5.615487774831202,129,16,56,60,228.0,-54.0,66.0,44.0,143.0,17.0,-85.0,5784.0,94.0,-16.0,7.6235497609878315,61.794791661054894,
6455,823.3786,136.7311021012809,6.1390528361206105,169.667307589504,28.0,0.7549,270.0,42.0,151.0,962.0,28.0,225.0,110.0,316.0,4.8944057041922635,132,16,58,60,229.0,-53.0,66.0,46.0,146.0,18.0,-83.0,5821.0,96.0,-15.0,7.62795771112409,61.794791661054894,
6456,810.5487,138.04370884585032,7.024169654515752,169.35197723270807,28.0,0.7439,270.0,42.0,151.0,962.0,28.0,225.0,110.0,316.0,5.6498532792118725,124,4,55,61,229.0,-53.0,66.0,46.0,146.0,18.0,-83.0,5821.0,96.0,-15.0,7.632365661260349,61.794791661054894,
6457,791.38257,129.87488889296236,9.224501970028411,163.0153498077016,28.0,0.7003,266.0,41.0,149.0,948.0,28.0,223.0,109.0,313.0,7.91666728083526,138,3,55,59,228.0,-52.0,66.0,46.0,146.0,19.0,-82.0,5812.0,96.0,-15.0,7.636773611396608,61.794791661054894,
6458,780.7919,167.75817480502343,9.618252828055036,176.44645771692123,28.0,0.6971,266.0,41.0,149.0,948.0,28.0,223.0,109.0,313.0,7.09606653313865,135,3,54,58,228.0,-52.0,66.0,46.0,146.0,19.0,-82.0,5812.0,96.0,-15.0,7.641181561532865,61.794791661054894,
6459,777.23364,182.69932977403505,10.274947089461131,180.36414989237178,28.0,0.7283,264.0,41.0,148.0,943.0,28.0,222.0,108.0,310.0,5.813807738973294,136,4,54,57,230.0,-53.0,66.0,46.0,146.0,18.0,-84.0,5837.0,96.0,-15.0,7.645589511669125,61.794791661054894,
6460,779.5587,172.9487176181902,15.785164574866213,182.36406599994618,28.0,0.74525,264.0,41.0,148.0,943.0,28.0,222.0,108.0,310.0,9.074245408101122,135,2,53,58,230.0,-53.0,66.0,46.0,146.0,18.0,-84.0,5837.0,96.0,-15.0,7.649997461805384,61.794791661054894,
6461,781.4462,172.95184848547646,19.128970694187966,179.9505237008239,28.0,0.75205,262.0,41.0,149.0,942.0,28.0,223.0,107.0,309.0,11.016151486061986,142,3,53,59,230.0,-54.0,66.0,45.0,146.0,18.0,-84.0,5843.0,95.0,-16.0,7.654405411941572,61.794791661054894,
6462,777.77057,149.7986429211836,17.680148089216278,178.96489818062346,28.0,0.71635,260.0,40.0,147.0,934.0,28.0,222.0,106.0,306.0,8.302183430618646,138,3,51,57,231.0,-54.0,66.0,45.0,146.0,17.0,-85.0,5853.0,95.0,-16.0,7.658813362077831,61.794791661054894,
6463,775.47974,162.8576440027904,14.052619868029018,179.21375963207464,28.0,0.72695,260.0,40.0,147.0,934.0,28.0,222.0,106.0,306.0,7.012104822279231,135,3,49,56,231.0,-54.0,66.0,45.0,146.0,17.0,-85.0,5853.0,95.0,-16.0,7.663221312214088,61.794791661054894,
6464,773.9564,173.52309506226652,12.305743138840127,177.10701662710218,28.0,0.708,255.0,39.0,144.0,919.0,28.0,219.0,104.0,301.0,7.493195325456136,137,3,55,57,231.0,-53.0,66.0,46.0,147.0,19.0,-84.0,5857.0,96.0,-15.0,7.6676292623503475,61.794791661054894,
6465,770.74243,191.30814851975055,9.966393483319738,182.43719393547627,28.0,0.7211,255.0,39.0,144.0,919.0,28.0,219.0,104.0,301.0,6.532718455468315,138,0,53,56,231.0,-53.0,66.0,46.0,147.0,19.0,-84.0,5857.0,96.0,-15.0,7.6720372124866065,61.794791661054894,
6466,776.9908,205.0115592808202,11.131327355882826,185.59909452234987,28.0,0.75035,252.0,39.0,144.0,912.0,28.0,218.0,103.0,299.0,6.957575853825135,130,2,52,58,231.0,-53.0,66.0,46.0,147.0,19.0,-84.0,5851.0,96.0,-15.0,7.676445162622866,61.794791661054894,
6467,777.8787,129.5598348956393,13.798983656703177,176.71774600085303,28.0,0.7638,252.0,39.0,144.0,912.0,28.0,218.0,103.0,299.0,7.890386937458968,133,1,51,57,231.0,-53.0,66.0,46.0,147.0,19.0,-84.0,5851.0,96.0,-15.0,7.680853112759125,61.794791661054894,
6468,779.5646,267.0373357587407,15.308895744705213,186.24239200499196,29.0,0.7779,250.0,38.0,143.0,904.0,28.0,217.0,102.0,296.0,9.073286319792865,132,1,51,57,231.0,-53.0,67.0,47.0,147.0,19.0,-84.0,5870.0,97.0,-15.0,7.685261062895384,61.794791661054894,
6469,782.1319,184.54511843799705,14.73687447395791,180.34405500938914,29.0,0.78325,250.0,38.0,143.0,904.0,28.0,217.0,102.0,296.0,8.894402311273241,135,4,53,57,231.0,-53.0,67.0,47.0,147.0,19.0,-84.0,5870.0,97.0,-15.0,7.689669013031641,61.794791661054894,
6470,783.40607,225.03255610578074,15.599066027297113,186.3094204653281,28.0,0.7657,256.0,40.0,148.0,927.0,27.0,223.0,104.0,302.0,9.450983392939168,126,2,52,56,232.0,-57.0,67.0,43.0,144.0,15.0,-88.0,5873.0,93.0,-19.0,7.694076963167828,61.794791661054894,
6471,803.9875,280.159174246111,21.544616071523865,200.02361392031625,28.0,0.7478,256.0,40.0,148.0,927.0,27.0,223.0,104.0,302.0,13.70164502634195,127,0,51,56,232.0,-57.0,67.0,43.0,144.0,15.0,-88.0,5873.0,93.0,-19.0,7.698484913304087,61.794791661054894,
6472,843.3187,319.39808433239585,27.534091227363366,218.0538573278935,28.0,0.78425,272.0,43.0,160.0,982.0,26.0,238.0,110.0,316.0,18.65260407155992,130,0,51,55,231.0,-63.0,66.0,35.0,137.0,8.0,-94.0,5851.0,87.0,-24.0,7.702892863440346,61.794791661054894,
6473,901.8502,314.3367469145296,28.236778545650907,223.67181082960474,28.0,0.79415,272.0,43.0,160.0,982.0,26.0,238.0,110.0,316.0,19.70071997568822,131,1,50,55,231.0,-63.0,66.0,35.0,137.0,8.0,-94.0,5851.0,87.0,-24.0,7.707300813576607,61.794791661054894,
6474,957.5995,316.36766207138805,27.877779562875237,222.2000056070358,28.0,0.79195,282.0,46.0,168.0,1020.0,25.0,249.0,114.0,326.0,19.739473769467587,133,1,52,54,230.0,-67.0,66.0,30.0,132.0,4.0,-98.0,5813.0,82.0,-28.0,7.711708763712864,61.794791661054894,
6475,1008.1825,128.6206690514166,24.950825432795693,138.26454831854372,28.0,0.80785,288.0,46.0,162.0,1021.0,27.0,238.0,117.0,334.0,17.640157517783724,118,7,53,52,226.0,-56.0,65.0,40.0,139.0,13.0,-87.0,5710.0,90.0,-19.0,7.600994681363106,61.79270832772174,
6476,952.35034,124.63557830856918,19.93210886452153,141.21789128901693,28.0,0.8032,288.0,46.0,162.0,1021.0,27.0,238.0,117.0,334.0,15.4226145823376,124,6,53,52,226.0,-56.0,65.0,40.0,139.0,13.0,-87.0,5710.0,90.0,-19.0,7.605402332671332,61.79270832772174,
6477,902.0747,124.99895295268134,16.920266680826735,144.22077218758972,29.0,0.8075,279.0,44.0,156.0,990.0,28.0,231.0,114.0,326.0,14.417584447515017,126,6,55,58,227.0,-54.0,66.0,43.0,142.0,16.0,-85.0,5754.0,93.0,-17.0,7.609809983979557,61.79270832772174,
6478,862.8282,123.12145430955496,13.514042016709148,154.6848966143039,29.0,0.7923,279.0,44.0,156.0,990.0,28.0,231.0,114.0,326.0,10.720912546400307,125,3,54,60,227.0,-54.0,66.0,43.0,142.0,16.0,-85.0,5754.0,93.0,-17.0,7.614217635287782,61.79270832772174,
6479,841.2845,141.733106253357,9.318231631398247,167.91789920467795,28.0,0.77035,275.0,43.0,154.0,977.0,28.0,228.0,112.0,321.0,6.5648149284200805,141,3,55,62,228.0,-54.0,66.0,44.0,143.0,17.0,-85.0,5784.0,94.0,-16.0,7.618625286595936,61.79270832772174,
6480,826.7,148.21446977841308,6.627092911900283,173.10176276524265,28.0,0.7556,275.0,43.0,154.0,977.0,28.0,228.0,112.0,321.0,4.9731490075384714,140,4,55,61,228.0,-54.0,66.0,44.0,143.0,17.0,-85.0,5784.0,94.0,-16.0,7.623032937904163,61.79270832772174,
6481,814.839,103.7565073939013,4.9332911143484495,170.93332345956296,28.0,0.7387,270.0,42.0,151.0,962.0,28.0,225.0,110.0,316.0,3.805153151047039,138,2,57,61,229.0,-53.0,66.0,46.0,146.0,18.0,-83.0,5821.0,96.0,-15.0,7.627440589212387,61.79270832772174,
6482,805.9147,133.03579720532264,4.099177927301328,173.8700510267377,28.0,0.7264,270.0,42.0,151.0,962.0,28.0,225.0,110.0,316.0,4.209643244849232,133,3,59,61,229.0,-53.0,66.0,46.0,146.0,18.0,-83.0,5821.0,96.0,-15.0,7.631848240520613,61.79270832772174,
6483,788.855,69.40945887710517,6.951073000895889,162.65968234364107,28.0,0.7137,266.0,41.0,149.0,948.0,28.0,223.0,109.0,313.0,7.291312297541262,138,2,58,57,228.0,-52.0,66.0,46.0,146.0,19.0,-82.0,5812.0,96.0,-15.0,7.636255891828838,61.79270832772174,
6484,772.34894,59.81622306619223,6.4325280562248235,172.97524238428505,28.0,0.7068,266.0,41.0,149.0,948.0,28.0,223.0,109.0,313.0,4.508199988821291,132,2,57,56,228.0,-52.0,66.0,46.0,146.0,19.0,-82.0,5812.0,96.0,-15.0,7.640663543137064,61.79270832772174,
6485,798.20184,239.27893711604523,19.60177516082999,189.7428861262356,28.0,0.76095,255.0,39.0,144.0,919.0,28.0,219.0,104.0,301.0,11.719932058489597,130,0,50,56,231.0,-53.0,66.0,46.0,147.0,19.0,-84.0,5857.0,96.0,-15.0,7.671517102294571,61.79270832772174,
6486,808.7303,198.7749259497251,20.562325587930484,183.49479066662582,28.0,0.80845,252.0,39.0,144.0,912.0,28.0,218.0,103.0,299.0,11.229638117941374,125,0,53,57,231.0,-53.0,66.0,46.0,147.0,19.0,-84.0,5851.0,96.0,-15.0,7.675924753602797,61.79270832772174,
6487,818.8489,270.47869363964713,22.21626378147757,186.66842273442032,28.0,0.8119,252.0,39.0,144.0,912.0,28.0,218.0,103.0,299.0,12.649258770622799,125,0,51,56,231.0,-53.0,66.0,46.0,147.0,19.0,-84.0,5851.0,96.0,-15.0,7.680332404911022,61.79270832772174,
6488,826.83527,267.51221865348316,23.913514314670604,188.34002003484446,29.0,0.797,250.0,38.0,143.0,904.0,28.0,217.0,102.0,296.0,13.243588029602249,130,0,52,55,231.0,-53.0,67.0,47.0,147.0,19.0,-84.0,5870.0,97.0,-15.0,7.684740056219248,61.79270832772174,
6489,828.7207,156.15012982819692,25.923407670418882,181.7278812261619,29.0,0.82505,250.0,38.0,143.0,904.0,28.0,217.0,102.0,296.0,14.86429066084787,130,6,54,55,231.0,-53.0,67.0,47.0,147.0,19.0,-84.0,5870.0,97.0,-15.0,7.689147707527472,61.79270832772174,
6490,832.3874,236.17881247412524,28.169872375808303,186.60343247918146,28.0,0.8069,256.0,40.0,148.0,927.0,27.0,223.0,104.0,302.0,15.955084270427378,129,11,55,52,232.0,-57.0,67.0,43.0,144.0,15.0,-88.0,5873.0,93.0,-19.0,7.693555358835628,61.79270832772174,
6491,856.8842,308.7464125169427,29.97771876627323,208.704263938727,28.0,0.75455,256.0,40.0,148.0,927.0,27.0,223.0,104.0,302.0,19.064124705544693,129,1,51,56,232.0,-57.0,67.0,43.0,144.0,15.0,-88.0,5873.0,93.0,-19.0,7.6979630101438525,61.79270832772174,
6492,903.26245,326.84997261928453,32.87142355020564,215.16523555046842,28.0,0.79475,272.0,43.0,160.0,982.0,26.0,238.0,110.0,316.0,20.689764862712686,133,0,52,57,231.0,-63.0,66.0,35.0,137.0,8.0,-94.0,5851.0,87.0,-24.0,7.702370661452078,61.79270832772174,
6493,957.7533,319.0642762764929,30.87003021621654,222.69484323465485,28.0,0.8087,272.0,43.0,160.0,982.0,26.0,238.0,110.0,316.0,21.02235140290301,138,0,52,54,231.0,-63.0,66.0,35.0,137.0,8.0,-94.0,5851.0,87.0,-24.0,7.706778312760305,61.79270832772174,
6494,1027.4098,128.43757676271423,25.236004408603105,134.13603736202757,28.0,0.78915,294.0,47.0,166.0,1042.0,27.0,243.0,120.0,341.0,19.18597147593954,111,10,53,53,225.0,-58.0,65.0,38.0,137.0,12.0,-88.0,5707.0,88.0,-21.0,7.596072079807794,61.7906249943886,
6495,976.77277,130.20232880698242,17.533987065878947,148.7152840439542,28.0,0.7993,287.0,45.0,161.0,1016.0,28.0,237.0,117.0,334.0,13.297768798803622,112,11,54,52,227.0,-56.0,65.0,40.0,140.0,14.0,-87.0,5733.0,90.0,-18.0,7.600479432334327,61.7906249943886,
6496,931.1113,114.27505548151966,12.853045087503524,146.68849514693812,28.0,0.7995,287.0,45.0,161.0,1016.0,28.0,237.0,117.0,334.0,12.00273648337424,113,8,54,55,227.0,-56.0,65.0,40.0,140.0,14.0,-87.0,5733.0,90.0,-18.0,7.6048867848608594,61.7906249943886,
6497,890.1277,104.89488127335198,9.1219333300603,149.07170805642372,29.0,0.7888,285.0,45.0,161.0,1012.0,27.0,237.0,116.0,331.0,10.545275313810345,123,1,54,57,227.0,-56.0,66.0,40.0,140.0,14.0,-87.0,5745.0,91.0,-18.0,7.609294137387392,61.7906249943886,
6498,856.5536,86.69213539382346,6.324632587779903,158.41261637106032,29.0,0.777,285.0,45.0,161.0,1012.0,27.0,237.0,116.0,331.0,7.295609799688825,145,3,54,59,227.0,-56.0,66.0,40.0,140.0,14.0,-87.0,5745.0,91.0,-18.0,7.613701489913924,61.7906249943886,
6499,836.9492,74.6954821648285,4.867431806615931,171.20870674221155,28.0,0.7396,285.0,45.0,162.0,1014.0,27.0,239.0,116.0,331.0,3.9379335848109056,140,4,55,62,227.0,-57.0,65.0,39.0,139.0,13.0,-88.0,5757.0,90.0,-20.0,7.618108842440386,61.7906249943886,
6500,831.2174,179.38392328989553,10.243483168271197,180.5014576804559,28.0,0.7417,285.0,45.0,162.0,1014.0,27.0,239.0,116.0,331.0,6.731725302853992,135,4,55,62,227.0,-57.0,65.0,39.0,139.0,13.0,-88.0,5757.0,90.0,-20.0,7.622516194966922,61.7906249943886,
6501,828.23065,81.03776397300383,12.129997291757258,174.03228050837672,29.0,0.725,283.0,45.0,161.0,1009.0,27.0,238.0,115.0,329.0,6.735840281557285,137,3,55,55,227.0,-57.0,66.0,39.0,139.0,12.0,-88.0,5755.0,89.0,-20.0,7.626923547493454,61.7906249943886,
6502,820.13556,118.25917389390658,14.688547296107874,172.6188800936241,29.0,0.7418,283.0,45.0,161.0,1009.0,27.0,238.0,115.0,329.0,10.064431080990714,136,5,55,56,227.0,-57.0,66.0,39.0,139.0,12.0,-88.0,5755.0,89.0,-20.0,7.631330900019987,61.7906249943886,
6503,808.827,149.77734668689658,17.084395649044993,174.21426964802478,28.0,0.7654,281.0,44.0,160.0,1003.0,27.0,237.0,114.0,327.0,9.970448675550697,138,4,51,55,229.0,-58.0,66.0,39.0,139.0,12.0,-90.0,5795.0,90.0,-20.0,7.635738252546519,61.7906249943886,
6504,799.6248,67.39402967354232,21.041530287311485,171.11200090425803,28.0,0.7876,281.0,44.0,160.0,1003.0,27.0,237.0,114.0,327.0,13.050592371397986,134,3,51,56,229.0,-58.0,66.0,39.0,139.0,12.0,-90.0,5795.0,90.0,-20.0,7.6401456050730525,61.7906249943886,
6505,787.9468,95.5138528819942,19.10029442256079,173.26889352448973,28.0,0.7627,284.0,45.0,163.0,1015.0,27.0,241.0,115.0,329.0,11.756660388385052,125,3,52,56,228.0,-60.0,66.0,37.0,136.0,10.0,-92.0,5776.0,87.0,-22.0,7.644552957599586,61.7906249943886,
6506,787.10803,154.33239303239387,18.40279685509934,177.59250586576908,28.0,0.76725,284.0,45.0,163.0,1015.0,27.0,241.0,115.0,329.0,11.110440013298353,118,5,54,55,228.0,-60.0,66.0,37.0,136.0,10.0,-92.0,5776.0,87.0,-22.0,7.648960310126119,61.7906249943886,
6507,797.7887,244.3501621794538,24.930132079598984,189.73616431764538,28.0,0.8042,287.0,46.0,167.0,1029.0,26.0,246.0,116.0,332.0,14.32935531562849,137,4,53,58,227.0,-62.0,65.0,34.0,134.0,8.0,-93.0,5772.0,85.0,-25.0,7.657775015179113,61.7906249943886,
6508,815.9069,322.1490829046176,30.988202287755414,199.0563471318979,28.0,0.82295,292.0,47.0,171.0,1048.0,26.0,252.0,118.0,337.0,17.818069311000087,132,6,54,57,228.0,-65.0,66.0,31.0,132.0,5.0,-96.0,5748.0,82.0,-27.0,7.662182367705647,61.7906249943886,
6509,838.5829,289.02763318427554,35.48044904968665,194.20979850305307,28.0,0.8294,292.0,47.0,171.0,1048.0,26.0,252.0,118.0,337.0,21.020140787004927,128,6,53,57,228.0,-65.0,66.0,31.0,132.0,5.0,-96.0,5748.0,82.0,-27.0,7.666589720232179,61.7906249943886,
6510,856.86804,293.07850127509874,36.52974708425332,193.16524864807326,28.0,0.83615,292.0,47.0,171.0,1048.0,26.0,252.0,118.0,337.0,21.08591528962094,123,4,52,57,229.0,-66.0,66.0,31.0,132.0,4.0,-97.0,5781.0,82.0,-27.0,7.670997072758713,61.7906249943886,
6511,873.47064,228.9586876882016,38.16271512500094,187.6012079523899,28.0,0.82165,289.0,47.0,171.0,1041.0,26.0,252.0,117.0,334.0,21.789598259949017,125,6,50,56,229.0,-66.0,66.0,31.0,132.0,4.0,-97.0,5790.0,82.0,-28.0,7.675404425285246,61.7906249943886,
6512,883.4712,143.7043560599294,39.85535443346497,181.42739358934188,28.0,0.8327,289.0,47.0,171.0,1041.0,26.0,252.0,117.0,334.0,23.1279239367406,128,3,52,58,229.0,-66.0,66.0,31.0,132.0,4.0,-97.0,5790.0,82.0,-28.0,7.679811777811779,61.7906249943886,
6513,890.96814,284.55979232705096,40.797258732869395,192.48464147562606,28.0,0.8174,289.0,47.0,171.0,1041.0,26.0,252.0,117.0,334.0,23.795682143939217,134,3,50,56,228.0,-66.0,66.0,30.0,131.0,4.0,-97.0,5778.0,81.0,-29.0,7.684219130338311,61.7906249943886,
6514,899.4023,213.17017739482733,36.90285545043469,184.78415730994783,28.0,0.8301,289.0,47.0,171.0,1041.0,26.0,252.0,117.0,334.0,20.844859446554572,134,4,52,53,228.0,-66.0,66.0,30.0,131.0,4.0,-97.0,5778.0,81.0,-29.0,7.688626482864843,61.7906249943886,
6515,906.32764,255.48296699845687,36.920758860729684,189.8865270508977,28.0,0.8281,293.0,48.0,175.0,1059.0,25.0,258.0,118.0,337.0,21.37611478512702,132,3,53,53,228.0,-68.0,65.0,27.0,129.0,1.0,-99.0,5756.0,78.0,-31.0,7.693033835391305,61.7906249943886,
6516,927.8154,292.08722858276866,36.49123148805167,203.44739459392162,28.0,0.77235,293.0,48.0,175.0,1059.0,25.0,258.0,118.0,337.0,22.48226292502102,125,2,54,54,228.0,-68.0,65.0,27.0,129.0,1.0,-99.0,5756.0,78.0,-31.0,7.697441187917838,61.7906249943886,
6517,973.12396,328.2619276275106,33.50376793774731,214.78559888047388,28.0,0.78855,304.0,51.0,184.0,1097.0,25.0,267.0,122.0,347.0,21.263815814918203,124,0,51,55,227.0,-72.0,65.0,22.0,124.0,-3.0,-103.0,5723.0,74.0,-35.0,7.70184854044437,61.7906249943886,
6518,986.7032,137.3578119212383,20.11862578143939,149.2312401041537,28.0,0.7994,294.0,47.0,166.0,1042.0,27.0,243.0,120.0,341.0,15.267933723823452,110,7,53,49,225.0,-58.0,65.0,38.0,137.0,12.0,-88.0,5707.0,88.0,-21.0,7.595557209411481,61.78854166105545,
6519,949.1275,130.56093573806893,13.271368532945367,155.91326061348863,28.0,0.7981,294.0,47.0,166.0,1042.0,27.0,243.0,120.0,341.0,10.285344807358493,118,9,53,52,225.0,-58.0,65.0,38.0,137.0,12.0,-88.0,5707.0,88.0,-21.0,7.5999642632026525,61.78854166105545,
6520,920.95074,110.91301767698373,7.817860137993376,158.48924241632076,28.0,0.7821,287.0,45.0,161.0,1016.0,28.0,237.0,117.0,334.0,7.803200092191775,117,9,55,55,227.0,-56.0,65.0,40.0,140.0,14.0,-87.0,5733.0,90.0,-18.0,7.604371316993822,61.78854166105545,
6521,890.43536,78.5119874593564,6.926330452590042,158.38073208416205,29.0,0.7811,285.0,45.0,161.0,1012.0,27.0,237.0,116.0,331.0,7.303634815020316,131,2,56,56,227.0,-56.0,66.0,40.0,140.0,14.0,-87.0,5745.0,91.0,-18.0,7.608778370784994,61.78854166105545,
6522,863.462,83.73356556469496,6.522033387124861,162.8913166628023,29.0,0.7615,285.0,45.0,161.0,1012.0,27.0,237.0,116.0,331.0,6.198814355448544,148,3,55,56,227.0,-56.0,66.0,40.0,140.0,14.0,-87.0,5745.0,91.0,-18.0,7.613185424576163,61.78854166105545,
6523,852.2065,180.7822291796549,10.393813592519907,181.41922666526844,28.0,0.7518,285.0,45.0,162.0,1014.0,27.0,239.0,116.0,331.0,5.950583283380189,135,4,55,56,227.0,-57.0,65.0,39.0,139.0,13.0,-88.0,5757.0,90.0,-20.0,7.617592478367263,61.78854166105545,
6524,864.38885,269.53071269425965,16.72472978203736,190.92585751577994,28.0,0.7631,285.0,45.0,162.0,1014.0,27.0,239.0,116.0,331.0,10.808027326940872,128,3,55,59,227.0,-57.0,65.0,39.0,139.0,13.0,-88.0,5757.0,90.0,-20.0,7.621999532158436,61.78854166105545,
6525,868.7076,120.90004259040923,20.743803847736036,177.6736278286923,29.0,0.7876,283.0,45.0,161.0,1009.0,27.0,238.0,115.0,329.0,11.881911368237523,138,3,54,56,227.0,-57.0,66.0,39.0,139.0,12.0,-88.0,5755.0,89.0,-20.0,7.626406585949608,61.78854166105545,
6526,870.92114,209.8924538630057,27.91044416472966,184.25410221537857,29.0,0.8,283.0,45.0,161.0,1009.0,27.0,238.0,115.0,329.0,14.631287492550735,134,4,51,55,227.0,-57.0,66.0,39.0,139.0,12.0,-88.0,5755.0,89.0,-20.0,7.6308136397407775,61.78854166105545,
6527,869.94727,187.262521568763,33.575855260815196,181.5581375101646,28.0,0.8264,281.0,44.0,160.0,1003.0,27.0,237.0,114.0,327.0,18.714481666167462,138,2,49,54,229.0,-58.0,66.0,39.0,139.0,12.0,-90.0,5795.0,90.0,-20.0,7.6352206935319495,61.78854166105545,
6528,870.6685,93.8975544127592,38.47453607960259,174.62602305308178,28.0,0.8431,281.0,44.0,160.0,1003.0,27.0,237.0,114.0,327.0,20.745351831759045,135,5,50,54,229.0,-58.0,66.0,39.0,139.0,12.0,-90.0,5795.0,90.0,-20.0,7.639627747323119,61.78854166105545,
6529,856.6451,101.44748415478597,40.65159635690095,172.57195749656876,28.0,0.83785,284.0,45.0,163.0,1015.0,27.0,241.0,115.0,329.0,22.09154161711223,130,4,52,55,228.0,-60.0,66.0,37.0,136.0,10.0,-92.0,5776.0,87.0,-22.0,7.644034801114292,61.78854166105545,
6530,851.77844,165.76303656266595,39.71922377962542,178.89914311402242,28.0,0.8593,284.0,45.0,163.0,1015.0,27.0,241.0,115.0,329.0,21.569222502577492,117,7,54,55,228.0,-60.0,66.0,37.0,136.0,10.0,-92.0,5776.0,87.0,-22.0,7.648441854905462,61.78854166105545,
6531,862.5218,316.41033294223405,45.541109769888045,191.7600628214102,28.0,0.8518,287.0,46.0,167.0,1029.0,26.0,246.0,116.0,332.0,24.99719220587299,127,0,50,57,227.0,-62.0,65.0,34.0,134.0,8.0,-93.0,5772.0,85.0,-25.0,7.652848908696562,61.78854166105545,
6532,885.62494,341.0665430706429,50.9528407443387,199.75453813855896,28.0,0.86015,287.0,46.0,167.0,1029.0,26.0,246.0,116.0,332.0,28.304351186536717,128,4,50,58,227.0,-62.0,65.0,34.0,134.0,8.0,-93.0,5772.0,85.0,-25.0,7.657255962487733,61.78854166105545,
6533,911.7808,258.5968638043095,51.313154030391345,198.45906353199837,28.0,0.84835,292.0,47.0,171.0,1048.0,26.0,252.0,118.0,337.0,28.29274143743501,130,4,53,56,228.0,-65.0,66.0,31.0,132.0,5.0,-96.0,5748.0,82.0,-27.0,7.661663016278904,61.78854166105545,
6534,939.86816,300.114147468672,51.17335189697776,198.84915773791676,28.0,0.8455,292.0,47.0,171.0,1048.0,26.0,252.0,118.0,337.0,27.507379936165208,135,5,53,56,228.0,-65.0,66.0,31.0,132.0,5.0,-96.0,5748.0,82.0,-27.0,7.666070070070075,61.78854166105545,
6535,960.5438,301.61635553484604,52.880282102366955,199.91764817134552,28.0,0.8084,292.0,47.0,171.0,1048.0,26.0,252.0,118.0,337.0,28.98069372462318,126,4,52,56,229.0,-66.0,66.0,31.0,132.0,4.0,-97.0,5781.0,82.0,-27.0,7.670477123861246,61.78854166105545,
6536,977.06244,136.40353868124762,48.675194950753365,181.29188592159113,28.0,0.8135,292.0,47.0,171.0,1048.0,26.0,252.0,118.0,337.0,26.471542180550422,132,4,50,58,229.0,-66.0,66.0,31.0,132.0,4.0,-97.0,5781.0,82.0,-27.0,7.674884177652417,61.78854166105545,
6537,989.45917,260.9901295253168,45.50046394343028,193.8295291882951,28.0,0.8268,289.0,47.0,171.0,1041.0,26.0,252.0,117.0,334.0,24.352974212084217,129,2,52,56,229.0,-66.0,66.0,31.0,132.0,4.0,-97.0,5790.0,82.0,-28.0,7.679291231443589,61.78854166105545,
6538,1003.2705,191.4122538947624,45.88148172858271,180.67323871740203,28.0,0.8059,289.0,47.0,171.0,1041.0,26.0,252.0,117.0,334.0,23.936074764902955,133,2,52,55,228.0,-66.0,66.0,30.0,131.0,4.0,-97.0,5778.0,81.0,-29.0,7.683698285234758,61.78854166105545,
6539,995.24243,167.24516494632854,42.80629495255311,179.00807669209817,28.0,0.80245,289.0,47.0,171.0,1041.0,26.0,252.0,117.0,334.0,22.92781405088193,124,2,55,55,228.0,-66.0,66.0,30.0,131.0,4.0,-97.0,5778.0,81.0,-29.0,7.68810533902593,61.78854166105545,
6540,998.4811,243.9204534179218,40.84124731006805,186.80902562564978,28.0,0.8167,293.0,48.0,175.0,1059.0,25.0,258.0,118.0,337.0,22.884624247772724,154,2,46,53,228.0,-68.0,65.0,27.0,129.0,1.0,-99.0,5756.0,78.0,-31.0,7.69251239281703,61.78854166105545,
6541,1011.3007,272.2013182633866,34.65907472927153,192.0293055064864,28.0,0.78095,293.0,48.0,175.0,1059.0,25.0,258.0,118.0,337.0,19.978347794529558,140,4,51,55,228.0,-68.0,65.0,27.0,129.0,1.0,-99.0,5756.0,78.0,-31.0,7.696919446608201,61.78854166105545,
6542,1071.9465,127.09073624327434,32.99544722033746,121.82063053595004,28.0,0.6907,302.0,49.0,172.0,1068.0,27.0,249.0,123.0,348.0,24.168312390139217,115,6,54,54,225.0,-60.0,65.0,35.0,135.0,9.0,-90.0,5699.0,86.0,-22.0,7.58622890864409,61.78645832772231,
6543,964.4985,108.46659913578395,10.060429531022674,153.81186901827616,28.0,0.76565,294.0,47.0,166.0,1042.0,27.0,243.0,120.0,341.0,9.031790756592462,118,7,54,53,225.0,-58.0,65.0,38.0,137.0,12.0,-88.0,5707.0,88.0,-21.0,7.59504241884835,61.78645832772231,
6544,935.3394,106.25731635461986,6.667816072388042,161.86498647988074,28.0,0.77745,294.0,47.0,166.0,1042.0,27.0,243.0,120.0,341.0,6.233604911257292,116,5,52,56,225.0,-58.0,65.0,38.0,137.0,12.0,-88.0,5707.0,88.0,-21.0,7.59944917395048,61.78645832772231,
6545,900.3325,88.98701268459821,5.786993999477415,163.5655100244866,28.0,0.758,287.0,45.0,161.0,1016.0,28.0,237.0,117.0,334.0,5.795457779457172,129,4,54,56,227.0,-56.0,65.0,40.0,140.0,14.0,-87.0,5733.0,90.0,-18.0,7.608262684154738,61.78645832772231,
6546,883.0504,103.10132390898416,11.779841345124966,172.78613214789058,29.0,0.7192,285.0,45.0,161.0,1012.0,27.0,237.0,116.0,331.0,7.875789914703115,137,4,56,57,227.0,-56.0,66.0,40.0,140.0,14.0,-87.0,5745.0,91.0,-18.0,7.612669439256868,61.78645832772231,
6547,884.2984,306.76841611605425,19.34344966367031,192.2269317663735,28.0,0.7711,285.0,45.0,162.0,1014.0,27.0,239.0,116.0,331.0,11.721145275225352,135,3,53,56,227.0,-57.0,65.0,39.0,139.0,13.0,-88.0,5757.0,90.0,-20.0,7.617076194358925,61.78645832772231,
6548,907.396,329.06178041467143,26.809631753405586,199.31461229685289,28.0,0.81225,285.0,45.0,162.0,1014.0,27.0,239.0,116.0,331.0,15.593563138150241,143,3,52,57,227.0,-57.0,65.0,39.0,139.0,13.0,-88.0,5757.0,90.0,-20.0,7.621482949461057,61.78645832772231,
6549,928.3562,308.1532655412205,36.34532323778277,193.3456430932075,29.0,0.8013,283.0,45.0,161.0,1009.0,27.0,238.0,115.0,329.0,19.762839958988188,139,0,53,54,227.0,-57.0,66.0,39.0,139.0,12.0,-88.0,5755.0,89.0,-20.0,7.6258897045631855,61.78645832772231,
6550,951.6041,291.3554550111357,45.554215814783625,192.26088280300604,29.0,0.8048,283.0,45.0,161.0,1009.0,27.0,238.0,115.0,329.0,24.461869762191967,142,0,52,53,227.0,-57.0,66.0,39.0,139.0,12.0,-88.0,5755.0,89.0,-20.0,7.630296459665315,61.78645832772231,
6551,984.81055,277.9710083056949,59.59798695883442,196.68465258981337,28.0,0.81,281.0,44.0,160.0,1003.0,27.0,237.0,114.0,327.0,32.353465249846984,138,0,51,54,229.0,-58.0,66.0,39.0,139.0,12.0,-90.0,5795.0,90.0,-20.0,7.6391099698695735,61.78645832772231,
6552,971.6016,255.56932078917288,60.422140384664004,186.43959731987178,28.0,0.8085,284.0,45.0,163.0,1015.0,27.0,241.0,115.0,329.0,32.05795687219901,132,5,52,54,228.0,-60.0,66.0,37.0,136.0,10.0,-92.0,5776.0,87.0,-22.0,7.647923480073833,61.78645832772231,
6553,988.1652,285.0923936323195,61.09244876077602,194.68870514497414,28.0,0.814,287.0,46.0,167.0,1029.0,26.0,246.0,116.0,332.0,32.55261036300896,142,4,52,54,227.0,-62.0,65.0,34.0,134.0,8.0,-93.0,5772.0,85.0,-25.0,7.652330235175892,61.78645832772231,
6554,1018.4671,313.7921538857872,61.35516402733295,195.14454626513782,28.0,0.8135,287.0,46.0,167.0,1029.0,26.0,246.0,116.0,332.0,31.76193037931293,144,3,53,55,227.0,-62.0,65.0,34.0,134.0,8.0,-93.0,5772.0,85.0,-25.0,7.656736990278022,61.78645832772231,
6555,930.2601,122.36582876434716,6.137281841299777,166.11979564545624,28.0,0.76295,294.0,47.0,166.0,1042.0,27.0,243.0,120.0,341.0,5.448238012859657,122,15,56,57,225.0,-58.0,65.0,38.0,137.0,12.0,-88.0,5707.0,88.0,-21.0,7.598934164560203,61.784374994389154,
6556,919.54736,130.15853220444987,1.8834189902938692,176.5890351775941,28.0,0.7695,287.0,45.0,161.0,1016.0,28.0,237.0,117.0,334.0,1.2969141235923718,124,5,56,55,227.0,-56.0,65.0,40.0,140.0,14.0,-87.0,5733.0,90.0,-18.0,7.6033406210196,61.784374994389154,
6557,931.96967,330.17666286128156,23.884779140878766,203.43937370408912,29.0,0.7974,285.0,45.0,161.0,1012.0,27.0,237.0,116.0,331.0,14.934518151166952,139,4,50,57,227.0,-56.0,66.0,40.0,140.0,14.0,-87.0,5745.0,91.0,-18.0,7.616559990397723,61.784374994389154,
6558,974.0448,325.89589116670635,34.930997516822224,218.30021299287645,28.0,0.8076,285.0,45.0,162.0,1014.0,27.0,239.0,116.0,331.0,22.237794851164907,137,3,53,54,227.0,-57.0,65.0,39.0,139.0,13.0,-88.0,5757.0,90.0,-20.0,7.620966446857122,61.784374994389154,
6559,1053.227,165.81756741271394,49.22515647623368,160.20291107239345,28.0,0.8008,305.0,49.0,172.0,1072.0,27.0,248.0,124.0,351.0,27.420216886652614,125,0,58,56,225.0,-58.0,65.0,37.0,136.0,11.0,-89.0,5690.0,87.0,-21.0,7.571982287836498,61.782291661056014,
6560,1031.451,169.79283519061153,45.072782444767725,166.7654046221753,28.0,0.7969,302.0,48.0,170.0,1065.0,27.0,247.0,123.0,348.0,25.072873484933478,130,21,58,55,225.0,-59.0,65.0,37.0,136.0,11.0,-89.0,5695.0,87.0,-21.0,7.5763884456993935,61.782291661056014,
6561,960.416,136.28171977784814,14.111084718803204,158.45314602815313,28.0,0.76225,297.0,47.0,167.0,1049.0,27.0,244.0,121.0,344.0,10.349013251376258,130,1,54,50,225.0,-58.0,65.0,38.0,137.0,12.0,-88.0,5707.0,88.0,-21.0,7.589606919288295,61.782291661056014,
6562,932.6588,133.9054229490856,9.898469628282605,163.1383488762434,28.0,0.7652,297.0,47.0,168.0,1051.0,27.0,246.0,121.0,344.0,7.604440676808458,124,3,54,56,226.0,-59.0,65.0,37.0,136.0,10.0,-90.0,5713.0,87.0,-22.0,7.594013077151262,61.782291661056014,
6563,919.6724,154.60591692136265,4.504939409618609,175.57990448063273,28.0,0.7084,297.0,47.0,168.0,1051.0,27.0,246.0,121.0,344.0,2.8526688212791127,130,5,53,57,226.0,-59.0,65.0,37.0,136.0,10.0,-90.0,5713.0,87.0,-22.0,7.5984192350142274,61.782291661056014,
6564,942.76263,323.07456963047207,21.06767251853024,206.4614019705924,28.0,0.7498,334.0,57.0,199.0,1188.0,24.0,283.0,134.0,378.0,13.767434006732545,137,4,49,57,223.0,-73.0,64.0,18.0,119.0,-6.0,-104.0,5599.0,69.0,-36.0,7.611637708603127,61.782291661056014,
6565,986.92596,325.89398726605145,34.682584318291504,217.9662049480584,28.0,0.7887,334.0,57.0,199.0,1188.0,24.0,283.0,134.0,378.0,21.983627265599203,141,2,51,57,223.0,-73.0,64.0,18.0,119.0,-6.0,-104.0,5599.0,69.0,-36.0,7.616043866466023,61.782291661056014,
6566,1046.5481,155.4813287930087,41.34771506617544,152.72619637638587,28.0,0.78135,312.0,50.0,175.0,1094.0,27.0,253.0,127.0,358.0,22.686391981621725,125,0,55,53,225.0,-59.0,64.0,35.0,135.0,10.0,-90.0,5699.0,86.0,-22.0,7.558251651479603,61.78020832772286,
6567,1010.20013,155.77740718764832,37.45695095932085,156.77037682101795,28.0,0.8079,306.0,49.0,172.0,1079.0,27.0,250.0,125.0,354.0,20.176348210072064,123,0,53,55,225.0,-59.0,65.0,37.0,136.0,11.0,-89.0,5707.0,87.0,-21.0,7.562657510792429,61.78020832772286,
6568,984.45953,164.10046685825972,33.695546581026775,166.86879882794904,28.0,0.8282,305.0,49.0,172.0,1072.0,27.0,248.0,124.0,351.0,17.68495812818604,119,0,55,53,225.0,-58.0,65.0,37.0,136.0,11.0,-89.0,5690.0,87.0,-21.0,7.567063370105254,61.78020832772286,
6569,964.98346,165.8981103316875,28.563954882917592,168.7140022436559,28.0,0.80465,305.0,49.0,172.0,1072.0,27.0,248.0,124.0,351.0,15.968368702716628,128,0,56,53,225.0,-58.0,65.0,37.0,136.0,11.0,-89.0,5690.0,87.0,-21.0,7.571469229418079,61.78020832772286,
6570,945.0414,171.8496545768941,15.06325944698053,175.96458665963252,28.0,0.7858,297.0,47.0,167.0,1049.0,27.0,244.0,121.0,344.0,8.77195340380257,131,4,52,53,225.0,-58.0,65.0,38.0,137.0,12.0,-88.0,5707.0,88.0,-21.0,7.584686807356483,61.78020832772286,
6571,936.42786,157.13283732006613,9.097757278096557,173.3542714036444,28.0,0.76295,297.0,47.0,167.0,1049.0,27.0,244.0,121.0,344.0,5.578435635734767,127,5,54,54,225.0,-58.0,65.0,38.0,137.0,12.0,-88.0,5707.0,88.0,-21.0,7.589092666669309,61.78020832772286,
6572,922.88794,135.87517962418082,4.621619562929202,169.01398631593872,28.0,0.72725,297.0,47.0,168.0,1051.0,27.0,246.0,121.0,344.0,4.582488541591915,136,4,56,54,226.0,-59.0,65.0,37.0,136.0,10.0,-90.0,5713.0,87.0,-22.0,7.593498525982134,61.78020832772286,
6573,933.8271,306.59934962144655,16.610999711954825,205.8776811214942,28.0,0.7814,314.0,52.0,183.0,1116.0,26.0,264.0,127.0,360.0,11.86866346749168,135,2,50,55,225.0,-66.0,65.0,28.0,128.0,3.0,-97.0,5667.0,78.0,-29.0,7.606716103920608,61.78020832772286,
6574,990.6158,312.2351590694786,31.9462740444342,229.5479755771303,28.0,0.8106,334.0,57.0,199.0,1188.0,24.0,283.0,134.0,378.0,21.739860660324073,138,3,49,53,223.0,-73.0,64.0,18.0,119.0,-6.0,-104.0,5599.0,69.0,-36.0,7.611121963233432,61.78020832772286,
6575,851.4024,94.27784207823947,44.92878270251112,75.62353256504768,28.0,0.77815,113.0,17.0,68.0,533.0,35.0,172.0,64.0,190.0,38.09319161377888,111,4,60,57,274.0,-63.0,77.0,-25.0,175.0,25.0,-99.0,6980.0,117.0,106.0,8.417394217478856,61.78020832772286,
6576,936.3769,142.59103947653273,13.166104278764584,172.94713162800295,28.0,0.7953,306.0,49.0,172.0,1079.0,27.0,250.0,125.0,354.0,7.098822890959786,121,6,54,52,225.0,-59.0,65.0,37.0,136.0,11.0,-89.0,5707.0,87.0,-21.0,7.566550689722144,61.77812499438972,
6577,920.6696,89.62618116215414,6.7443455503248675,174.42121802806778,28.0,0.697,297.0,47.0,168.0,1051.0,27.0,246.0,121.0,344.0,2.8820347121339824,122,6,57,52,226.0,-59.0,65.0,37.0,136.0,10.0,-90.0,5713.0,87.0,-22.0,7.592984054575851,61.77812499438972,
6578,935.306,315.3902155117426,15.20054907358502,197.5866677917029,28.0,0.763,314.0,52.0,183.0,1116.0,26.0,264.0,127.0,360.0,9.815855612999913,128,2,57,53,225.0,-66.0,65.0,28.0,128.0,3.0,-97.0,5667.0,78.0,-29.0,7.601795176193776,61.77812499438972,
6579,975.2476,315.4175917646449,30.871904744843004,223.04299241039539,28.0,0.7979,314.0,52.0,183.0,1116.0,26.0,264.0,127.0,360.0,20.063603956360534,139,3,53,55,225.0,-66.0,65.0,28.0,128.0,3.0,-97.0,5667.0,78.0,-29.0,7.606200737002738,61.77812499438972,
6580,907.96277,73.13055209333609,39.47058935291775,81.7551415616895,28.0,0.76965,113.0,17.0,68.0,533.0,35.0,172.0,64.0,190.0,36.28511274159955,109,4,58,58,274.0,-63.0,77.0,-25.0,175.0,25.0,-99.0,6980.0,117.0,106.0,8.416823925850368,61.77812499438972,
6581,937.8812,326.55853977684154,12.533394912664413,190.11419505837554,28.0,0.69235,297.0,47.0,167.0,1049.0,27.0,244.0,121.0,344.0,6.816402222899544,121,5,57,61,225.0,-58.0,65.0,38.0,137.0,12.0,-88.0,5707.0,88.0,-21.0,7.583659138212093,61.77604166105657,
6582,947.82135,305.82972242334324,17.37356582242412,186.60697777389416,28.0,0.6285,297.0,47.0,167.0,1049.0,27.0,244.0,121.0,344.0,9.159937910056792,129,11,57,60,225.0,-58.0,65.0,38.0,137.0,12.0,-88.0,5707.0,88.0,-21.0,7.588064400563466,61.77604166105657,
6583,880.47943,132.86286039162545,74.46521440674226,105.73209577706022,28.0,0.69585,131.0,21.0,83.0,598.0,32.0,189.0,70.0,207.0,45.70563754806615,120,3,61,59,270.0,-71.0,76.0,-36.0,163.0,15.0,-107.0,6868.0,105.0,95.0,8.41625372261952,61.77604166105657,
6584,938.763,139.93173347904005,17.9373754499614,183.8484578016736,28.0,0.7708,339.0,57.0,198.0,1196.0,25.0,280.0,137.0,385.0,9.001166251271634,125,19,54,52,221.0,-69.0,64.0,22.0,121.0,-2.0,-100.0,5586.0,73.0,-33.0,7.565525567341377,61.77395832772343,
6585,1039.3295,143.49245657028126,46.62017063028808,175.29899727078754,28.0,0.7107,181.0,31.0,120.0,766.0,27.0,230.0,84.0,249.0,34.63649885995868,120,1,53,60,259.0,-84.0,73.0,-54.0,140.0,-3.0,-119.0,6554.0,84.0,74.0,8.362824040486547,61.77395832772343,
6586,1075.9291,188.1510997387262,54.92593124342802,192.90912214997226,28.0,0.76525,135.0,21.0,85.0,611.0,32.0,192.0,71.0,211.0,29.250504762031365,104,5,53,57,268.0,-72.0,76.0,-37.0,160.0,13.0,-108.0,6821.0,103.0,93.0,8.398063752006774,61.77395832772343,
6587,973.2876,134.8963423698966,47.85220164123656,167.45044577809142,28.0,0.7597,166.0,28.0,109.0,717.0,28.0,218.0,80.0,237.0,37.7966264538704,109,4,53,58,263.0,-81.0,74.0,-49.0,147.0,2.0,-116.0,6671.0,90.0,80.0,8.371066925523499,61.771874994390274,
6588,951.55023,160.32050988913258,58.11563307811542,173.49453538591027,28.0,0.79315,162.0,27.0,106.0,704.0,29.0,215.0,79.0,234.0,33.90629149234975,117,5,51,59,264.0,-80.0,74.0,-48.0,149.0,3.0,-115.0,6695.0,92.0,82.0,8.37547159109845,61.771874994390274,
6589,966.9913,195.80944739301395,62.44684366879998,208.86504944860417,28.0,0.8076,162.0,27.0,106.0,704.0,29.0,215.0,79.0,234.0,34.41507069548478,124,4,52,60,264.0,-80.0,74.0,-48.0,149.0,3.0,-115.0,6695.0,92.0,82.0,8.379876256673333,61.771874994390274,
6590,1007.215,186.49097893785682,36.31021638377676,187.6976609900541,28.0,0.8154,153.0,25.0,99.0,673.0,29.0,207.0,76.0,226.0,17.970221528152642,108,5,48,59,265.0,-78.0,75.0,-45.0,152.0,6.0,-113.0,6727.0,95.0,85.0,8.384280922248283,61.771874994390274,
6591,997.3379,155.32547251682084,33.59644758031782,158.04240190254248,28.0,0.8076,153.0,25.0,99.0,673.0,29.0,207.0,76.0,226.0,18.069658476277898,106,9,50,57,265.0,-78.0,75.0,-45.0,152.0,6.0,-113.0,6727.0,95.0,85.0,8.388685587823236,61.771874994390274,
6592,973.34204,33.852114247788606,52.193759312350714,128.6120006653245,28.0,0.7732,166.0,28.0,109.0,717.0,28.0,218.0,80.0,237.0,33.6847522848552,107,4,55,58,263.0,-81.0,74.0,-49.0,147.0,2.0,-116.0,6671.0,90.0,80.0,8.37490433781334,61.769791661057134,
6593,877.02295,102.13708732804983,47.36483294866213,125.41562966775206,28.0,0.7725,162.0,27.0,106.0,704.0,29.0,215.0,79.0,234.0,37.59324124558929,105,6,55,61,264.0,-80.0,74.0,-48.0,149.0,3.0,-115.0,6695.0,92.0,82.0,8.379308705069377,61.769791661057134,
6594,882.06165,187.25364408423317,65.81453280313045,197.7865071805199,28.0,0.7891,153.0,25.0,99.0,673.0,29.0,207.0,76.0,226.0,38.61376582217038,104,4,55,59,265.0,-78.0,75.0,-45.0,152.0,6.0,-113.0,6727.0,95.0,85.0,8.383713072325483,61.769791661057134,
6595,729.52795,200.30777226230097,53.452787997650645,210.10593285758733,28.0,0.7045,361.0,57.0,185.0,1216.0,30.0,256.0,148.0,413.0,28.3322574060002,107,8,52,52,215.0,-43.0,62.0,47.0,143.0,23.0,-72.0,5450.0,96.0,-7.0,7.309986468397939,61.7552083277251,
6596,675.8325,138.93659069800944,27.538740669240884,140.8720538174177,28.0,0.46965,352.0,55.0,180.0,1188.0,30.0,250.0,145.0,405.0,21.22120817212685,128,7,54,55,215.0,-42.0,62.0,50.0,145.0,25.0,-70.0,5498.0,98.0,-6.0,7.331501635426265,61.75312499439196,
6597,783.2574,240.67670888413178,52.664829614683306,249.59284672288763,29.0,0.7555,391.0,65.0,214.0,1335.0,27.0,293.0,159.0,441.0,37.8623458712617,103,0,54,52,213.0,-61.0,62.0,26.0,123.0,4.0,-90.0,5368.0,76.0,-25.0,7.340305600163627,61.75312499439196,
6598,625.2633,181.9980584839722,28.665227387102487,182.42731012399585,28.0,0.79885,352.0,55.0,180.0,1188.0,30.0,250.0,145.0,405.0,15.741124288534104,122,6,54,57,215.0,-42.0,62.0,50.0,145.0,25.0,-70.0,5498.0,98.0,-6.0,7.326603793257211,61.75104166105881,
6599,620.38513,162.98688017810755,22.44147656523931,170.21631463739712,28.0,0.77075,352.0,55.0,180.0,1188.0,30.0,250.0,145.0,405.0,12.297426823761487,124,2,55,57,215.0,-42.0,62.0,50.0,145.0,25.0,-70.0,5498.0,98.0,-6.0,7.331005477722772,61.75104166105881,
6600,681.48035,227.84535367562177,41.40679659874911,240.4264004240579,29.0,0.7586,391.0,65.0,214.0,1335.0,27.0,293.0,159.0,441.0,27.781400724417246,95,0,53,52,213.0,-61.0,62.0,26.0,123.0,4.0,-90.0,5368.0,76.0,-25.0,7.339808846653826,61.75104166105881,
6601,577.84485,189.94624456563045,13.784082290351952,180.84178972434665,29.0,0.7255,336.0,51.0,166.0,1127.0,31.0,233.0,139.0,390.0,8.83608083435531,100,0,54,53,216.0,-32.0,63.0,61.0,156.0,35.0,-60.0,5547.0,109.0,3.0,7.330509396860642,61.74895832772565,
6602,578.2831,175.58531683807996,13.987807214446052,179.38587960125997,28.0,0.70115,336.0,52.0,169.0,1134.0,31.0,236.0,139.0,391.0,11.632180678234626,80,0,53,53,218.0,-34.0,63.0,59.0,154.0,33.0,-64.0,5543.0,107.0,2.0,7.334910783469187,61.74895832772565,
6603,598.82117,218.3924874762035,28.958052136414857,221.90938016889925,28.0,0.7883,336.0,52.0,169.0,1134.0,31.0,236.0,139.0,391.0,20.3510078033871,84,2,54,56,218.0,-34.0,63.0,59.0,154.0,33.0,-64.0,5543.0,107.0,2.0,7.339312170077662,61.74895832772565,
6604,684.1173,228.66273238364698,44.646796614366785,246.08727459288644,29.0,0.8128,351.0,55.0,181.0,1187.0,30.0,252.0,144.0,403.0,29.82009892428388,112,6,51,51,217.0,-44.0,63.0,47.0,143.0,22.0,-74.0,5507.0,96.0,-8.0,7.3437135566862075,61.74895832772565,
6605,587.954,217.88069508174289,34.50131068981832,224.69241915217862,29.0,0.82625,351.0,55.0,181.0,1187.0,30.0,252.0,144.0,403.0,23.083795142901707,117,0,54,51,217.0,-44.0,63.0,47.0,143.0,22.0,-74.0,5507.0,96.0,-8.0,7.343216659215862,61.74687499439251,
6606,673.83325,226.41024310910595,48.395030475219116,246.9667067129821,29.0,0.72485,351.0,55.0,181.0,1187.0,30.0,252.0,144.0,403.0,31.201418995694564,121,6,51,53,217.0,-44.0,63.0,47.0,143.0,22.0,-74.0,5507.0,96.0,-8.0,7.347617748013518,61.74687499439251,
6607,650.9906,223.87966752194734,47.48036675841334,242.2179992479015,28.0,0.85495,390.0,65.0,216.0,1338.0,27.0,296.0,158.0,440.0,30.621424578746577,137,7,50,51,214.0,-63.0,62.0,24.0,121.0,1.0,-93.0,5391.0,74.0,-27.0,7.351521420757181,61.744791661059374,
6608,782.508,231.84126873581562,76.31786940204039,254.19939264821565,28.0,0.76885,390.0,65.0,216.0,1338.0,27.0,296.0,158.0,440.0,44.14387139288022,140,3,52,53,214.0,-63.0,62.0,24.0,121.0,1.0,-93.0,5391.0,74.0,-27.0,7.355922211790063,61.744791661059374,
6609,565.1933,225.42895107470952,28.080391541248833,224.55009996287356,28.0,0.8913,390.0,65.0,216.0,1338.0,27.0,296.0,158.0,440.0,19.786796918739928,111,5,51,58,214.0,-63.0,62.0,24.0,121.0,1.0,-93.0,5391.0,74.0,-27.0,7.351024081724366,61.74270832772622,
6610,654.1156,229.53896061248707,47.86470759404147,248.84322688446557,28.0,0.8986,390.0,65.0,216.0,1338.0,27.0,296.0,158.0,440.0,32.56650293630125,94,1,51,54,214.0,-63.0,62.0,24.0,121.0,1.0,-93.0,5391.0,74.0,-27.0,7.355424575038581,61.74270832772622,
6611,695.99207,51.516942043280075,48.86961460569446,100.38602052143833,28.0,0.7987,350.0,55.0,179.0,1182.0,30.0,249.0,144.0,403.0,35.18097075912748,121,6,57,52,216.0,-41.0,62.0,51.0,147.0,26.0,-69.0,5509.0,100.0,-5.0,7.332926037129281,61.740624994393066,
6612,548.78705,68.65549909388828,12.86919895898365,146.492570008755,29.0,0.6695,328.0,50.0,164.0,1107.0,31.0,230.0,136.0,383.0,12.333973671297759,133,11,55,54,219.0,-32.0,64.0,62.0,158.0,36.0,-61.0,5581.0,110.0,3.0,7.341726428412499,61.740624994393066,
6613,563.0513,230.91625496581293,31.200568918290507,233.50481325311,28.0,0.8042,334.0,52.0,169.0,1130.0,31.0,237.0,138.0,388.0,22.885220925673863,103,3,53,58,220.0,-37.0,63.0,56.0,153.0,30.0,-67.0,5578.0,105.0,-1.0,7.354927015337434,61.740624994393066,
6614,668.33765,231.85950076641856,47.56790666880248,252.04504830994475,28.0,0.8299,338.0,53.0,174.0,1148.0,30.0,243.0,139.0,391.0,32.56389666290673,104,3,50,57,219.0,-41.0,63.0,52.0,148.0,27.0,-71.0,5566.0,101.0,-4.0,7.359327210979078,61.740624994393066,
6615,586.4726,238.0308760383255,30.69823153087836,244.0763858155425,28.0,0.8254,338.0,53.0,174.0,1148.0,30.0,243.0,139.0,391.0,24.87824126102053,120,8,56,60,219.0,-41.0,63.0,52.0,148.0,27.0,-71.0,5566.0,101.0,-4.0,7.358829430684831,61.73854166105993,
6616,639.0225,62.79872528208087,52.76934652795756,83.55280799762623,28.0,0.80655,332.0,51.0,166.0,1119.0,31.0,232.0,137.0,387.0,37.935783286131716,122,6,55,50,218.0,-32.0,63.0,62.0,156.0,35.0,-62.0,5563.0,109.0,4.0,7.340733325714081,61.73645832772677,
6617,596.4199,226.5966945156153,31.259107212049656,230.55624410795156,28.0,0.83445,338.0,53.0,174.0,1148.0,30.0,243.0,139.0,391.0,22.637943913969217,110,13,54,63,219.0,-41.0,63.0,52.0,148.0,27.0,-71.0,5566.0,101.0,-4.0,7.362731327887847,61.73645832772677,
6618,540.4272,231.87051151584012,18.304727380865526,214.57534403639676,28.0,0.7999,338.0,53.0,174.0,1148.0,30.0,243.0,139.0,391.0,13.853728939690235,103,3,58,59,219.0,-41.0,63.0,52.0,148.0,27.0,-71.0,5566.0,101.0,-4.0,7.3622334041673305,61.73437499439363,
6619,490.6805,111.17984808627799,3.1445728947375793,173.06719424048904,29.0,0.7915,324.0,49.0,162.0,1098.0,31.0,229.0,134.0,380.0,3.0162489921833977,117,2,58,60,219.0,-33.0,64.0,62.0,157.0,36.0,-62.0,5590.0,110.0,3.0,7.3548499611580365,61.721874994394746,
6620,492.30576,279.8446982259157,1.7643670376842644,185.8061608340201,29.0,0.7001,326.0,50.0,165.0,1108.0,31.0,234.0,135.0,381.0,1.8368675793885527,119,4,54,58,220.0,-35.0,64.0,59.0,155.0,32.0,-65.0,5580.0,107.0,0.0,7.35924747981922,61.721874994394746,
6621,521.4804,274.70984484846485,11.94571470708367,222.89405806969336,28.0,0.8329,368.0,60.0,200.0,1262.0,27.0,278.0,150.0,419.0,14.046311244030875,119,3,52,61,217.0,-57.0,62.0,33.0,130.0,9.0,-87.0,5482.0,82.0,-21.0,7.368042517141588,61.721874994394746,
6622,558.7643,85.95273400432882,22.576630573196987,104.39116913394383,28.0,0.8145,326.0,50.0,164.0,1105.0,31.0,230.0,135.0,382.0,25.181176914075184,101,0,56,61,218.0,-32.0,63.0,63.0,157.0,36.0,-61.0,5584.0,110.0,4.0,7.349955652367567,61.7197916610616,
6623,500.57953,303.75789968635445,1.929552901453352,184.3531605844952,29.0,0.7311,326.0,50.0,165.0,1108.0,31.0,234.0,135.0,381.0,1.6948677849174862,130,0,55,63,220.0,-35.0,64.0,59.0,155.0,32.0,-65.0,5580.0,107.0,0.0,7.363147316714632,61.7197916610616,
6624,516.4765,272.91699649035894,9.758692972678942,212.54888612564,28.0,0.8395,368.0,60.0,200.0,1262.0,27.0,278.0,150.0,419.0,10.608925640809206,124,4,51,63,217.0,-57.0,62.0,33.0,130.0,9.0,-87.0,5482.0,82.0,-21.0,7.367544538163653,61.7197916610616,
6625,661.4473,115.24222220273283,32.030818721950226,107.1929392492121,28.0,0.8203,326.0,50.0,164.0,1105.0,31.0,230.0,135.0,382.0,26.86187656949891,119,9,53,59,218.0,-32.0,63.0,63.0,157.0,36.0,-61.0,5584.0,110.0,4.0,7.345062014819586,61.71770832772846,
6626,566.50146,100.1024902356158,20.02063443797122,119.07107889728923,28.0,0.8496,326.0,50.0,164.0,1105.0,31.0,230.0,135.0,382.0,20.716082522295146,104,16,54,60,218.0,-32.0,63.0,63.0,157.0,36.0,-61.0,5584.0,110.0,4.0,7.349458939102431,61.71770832772846,
6627,508.90674,106.56262187025673,6.618382139034,163.07951280700127,29.0,0.8496,324.0,49.0,162.0,1098.0,31.0,229.0,134.0,380.0,6.684359667072975,113,0,55,59,219.0,-33.0,64.0,62.0,157.0,36.0,-62.0,5590.0,110.0,3.0,7.3538558633852755,61.71770832772846,
6628,503.7263,241.62542771164786,2.3343089941859096,180.91957931710812,29.0,0.76215,326.0,50.0,165.0,1108.0,31.0,234.0,135.0,381.0,0.8370007841564081,134,0,53,62,220.0,-35.0,64.0,59.0,155.0,32.0,-65.0,5580.0,107.0,0.0,7.362649711950963,61.71770832772846,
6629,514.1462,235.10780855832337,8.51904449351639,208.89146729751317,28.0,0.817,368.0,60.0,200.0,1262.0,27.0,278.0,150.0,419.0,9.524137646492905,123,3,52,61,217.0,-57.0,62.0,33.0,130.0,9.0,-87.0,5482.0,82.0,-21.0,7.367046636233807,61.71770832772846,
6630,830.5577,198.98748887383624,60.76561561712042,207.20577031996746,28.0,0.7919,343.0,53.0,174.0,1160.0,30.0,243.0,141.0,397.0,34.825374349373824,131,4,51,51,218.0,-38.0,63.0,55.0,151.0,30.0,-67.0,5549.0,104.0,-1.0,7.3269791668714035,61.71562499439531,
6631,627.885,114.46895569058302,23.875106729829593,122.80044604814044,28.0,0.8268,326.0,50.0,163.0,1103.0,31.0,230.0,135.0,381.0,20.608254308998852,125,19,55,57,220.0,-32.0,63.0,63.0,159.0,36.0,-61.0,5611.0,111.0,4.0,7.344565675521902,61.71562499439531,
6632,559.74243,96.51878172766506,13.809928638196554,136.3205698858866,28.0,0.8354,326.0,50.0,163.0,1103.0,31.0,230.0,135.0,381.0,14.890857553231978,101,11,55,61,220.0,-32.0,63.0,63.0,159.0,36.0,-61.0,5611.0,111.0,4.0,7.348962302684545,61.71562499439531,
6633,513.23517,151.8861314451127,6.612509406570905,163.74131927164865,29.0,0.81865,326.0,50.0,165.0,1106.0,31.0,232.0,135.0,381.0,8.1295198151751,123,3,56,60,220.0,-34.0,64.0,61.0,157.0,34.0,-63.0,5612.0,109.0,2.0,7.353358929847186,61.71562499439531,
6634,521.06586,214.495084032079,7.963350710074408,185.26001364936167,29.0,0.8094,326.0,50.0,165.0,1106.0,31.0,232.0,135.0,381.0,9.790430591001561,137,0,54,60,220.0,-34.0,64.0,61.0,157.0,34.0,-63.0,5612.0,109.0,2.0,7.357755557009829,61.71562499439531,
6635,507.96732,145.55275619794836,5.6275543972382085,174.75289968655227,28.0,0.80385,341.0,53.0,177.0,1162.0,30.0,249.0,140.0,394.0,4.344244563968872,126,1,52,58,219.0,-44.0,63.0,49.0,146.0,24.0,-73.0,5585.0,98.0,-8.0,7.362152184172472,61.71562499439531,
6636,691.7732,187.6158382750912,56.52365229505484,194.8413788494957,28.0,0.7083,343.0,53.0,174.0,1160.0,30.0,243.0,141.0,397.0,31.520806995478075,114,5,53,49,218.0,-38.0,63.0,55.0,151.0,30.0,-67.0,5549.0,104.0,-1.0,7.326484092655066,61.71354166106216,
6637,752.96423,192.56026489348136,64.68601632443405,203.23919300027083,28.0,0.8094,343.0,53.0,174.0,1160.0,30.0,243.0,141.0,397.0,35.042692782168324,99,3,52,57,218.0,-38.0,63.0,55.0,151.0,30.0,-67.0,5549.0,104.0,-1.0,7.330880422743401,61.71354166106216,
6638,733.2096,149.80264015194788,52.00452790273639,135.99060197491434,28.0,0.7999,330.0,51.0,166.0,1119.0,31.0,233.0,137.0,387.0,30.217782606748152,122,7,53,59,219.0,-33.0,63.0,62.0,157.0,35.0,-62.0,5591.0,110.0,4.0,7.335276752831805,61.71354166106216,
6639,662.28296,138.8549756838292,38.907860970637756,129.1282988908892,28.0,0.8304,330.0,51.0,166.0,1119.0,31.0,233.0,137.0,387.0,26.143144855493038,111,5,57,58,219.0,-33.0,63.0,62.0,157.0,35.0,-62.0,5591.0,110.0,4.0,7.339673082920211,61.71354166106216,
6640,591.4668,140.05310605349246,25.152624208715938,142.72521180992703,28.0,0.8153,326.0,50.0,163.0,1103.0,31.0,230.0,135.0,381.0,19.26820579152866,125,0,54,60,220.0,-32.0,63.0,63.0,159.0,36.0,-61.0,5611.0,111.0,4.0,7.344069413008616,61.71354166106216,
6641,507.11124,208.90456182453576,4.061138021559074,182.2580153662042,29.0,0.7632,326.0,50.0,165.0,1106.0,31.0,232.0,135.0,381.0,2.369989587542624,124,1,54,55,220.0,-34.0,64.0,61.0,157.0,34.0,-63.0,5612.0,109.0,2.0,7.357258403273831,61.71354166106216,
6642,919.8852,146.88891972885153,22.361686899340476,148.16190796784832,28.0,0.7843,154.0,24.0,96.0,664.0,30.0,198.0,75.0,221.0,24.076776460876,119,6,56,57,258.0,-70.0,74.0,-39.0,154.0,11.0,-104.0,6567.0,98.0,58.0,8.188164789980839,61.71354166106216,
6643,847.5658,107.55982622829093,21.726035448147528,130.51049887104094,28.0,0.7852,145.0,22.0,89.0,630.0,31.0,190.0,72.0,212.0,21.009938815080414,126,4,57,58,260.0,-67.0,74.0,-35.0,158.0,15.0,-102.0,6596.0,102.0,92.0,8.192561120069245,61.71354166106216,
6644,609.93036,201.6034441903285,46.389968518975245,209.47652385594265,28.0,0.7099,343.0,53.0,174.0,1160.0,30.0,243.0,141.0,397.0,25.85786159583307,116,10,53,56,218.0,-38.0,63.0,55.0,151.0,30.0,-67.0,5549.0,104.0,-1.0,7.330385128082486,61.71145832772902,
6645,637.2062,173.08203613727585,40.28067183207469,173.66657363271736,28.0,0.81105,330.0,51.0,166.0,1119.0,31.0,233.0,137.0,387.0,22.610895104942024,105,4,52,58,219.0,-33.0,63.0,62.0,157.0,35.0,-62.0,5591.0,110.0,4.0,7.334781161142608,61.71145832772902,
6646,599.72394,135.21704428256683,30.371394056253106,139.99511087494744,28.0,0.8032,330.0,51.0,166.0,1119.0,31.0,233.0,137.0,387.0,18.641471626614273,113,3,56,60,219.0,-33.0,63.0,62.0,157.0,35.0,-62.0,5591.0,110.0,4.0,7.3391771942027315,61.71145832772902,
6647,977.2917,222.3004337412002,18.62775659316547,176.12196449169798,28.0,0.7961,179.0,29.0,115.0,745.0,28.0,216.0,82.0,242.0,15.828714088457152,112,7,56,61,255.0,-76.0,73.0,-47.0,145.0,4.0,-110.0,6481.0,90.0,51.0,8.183215541744735,61.71145832772902,
6648,926.5339,125.6216268835362,25.282145125202824,138.82114480178808,28.0,0.8122,154.0,24.0,96.0,664.0,30.0,198.0,75.0,221.0,20.74852329553827,120,5,55,57,258.0,-70.0,74.0,-39.0,154.0,11.0,-104.0,6567.0,98.0,58.0,8.187611574804858,61.71145832772902,
6649,878.81744,67.56728067858646,35.20938325008453,129.26825468187076,28.0,0.8378,145.0,22.0,89.0,630.0,31.0,190.0,72.0,212.0,26.169678544128125,124,7,53,57,260.0,-67.0,74.0,-35.0,158.0,15.0,-102.0,6596.0,102.0,92.0,8.19200760786498,61.71145832772902,
6650,811.28705,68.59274404092649,61.34814994381354,70.88378505481931,28.0,0.71315,345.0,54.0,176.0,1167.0,30.0,245.0,142.0,400.0,45.87002023031404,119,7,58,52,219.0,-37.0,63.0,55.0,152.0,30.0,-67.0,5548.0,104.0,-1.0,7.316702701801102,61.709374994395866,
6651,553.4703,188.01705698123442,29.091174623594622,187.8919685151211,28.0,0.6646,330.0,51.0,166.0,1119.0,31.0,233.0,137.0,387.0,17.493421526186513,109,7,58,61,219.0,-33.0,63.0,62.0,157.0,35.0,-62.0,5591.0,110.0,4.0,7.334285646112172,61.709374994395866,
6652,1000.51337,225.60779882723008,24.62373818037566,179.10711539491925,28.0,0.76515,179.0,29.0,115.0,745.0,28.0,216.0,82.0,242.0,19.385377587591908,112,7,56,59,255.0,-76.0,73.0,-47.0,145.0,4.0,-110.0,6481.0,90.0,51.0,8.178266973045341,61.709374994395866,
6653,978.6032,133.2580548638258,15.377002025395308,157.09047548020843,28.0,0.7978,179.0,29.0,115.0,745.0,28.0,216.0,82.0,242.0,14.090600255263892,121,6,55,59,255.0,-76.0,73.0,-47.0,145.0,4.0,-110.0,6481.0,90.0,51.0,8.182662709123127,61.709374994395866,
6654,985.29486,263.2605139401756,30.79589004222129,204.0862477636105,28.0,0.81785,154.0,24.0,96.0,664.0,30.0,198.0,75.0,221.0,25.70290052452522,121,4,56,58,258.0,-70.0,74.0,-39.0,154.0,11.0,-104.0,6567.0,98.0,58.0,8.187058445200911,61.709374994395866,
6655,803.7671,119.37085930506844,52.47392103123001,81.87304002705487,29.0,0.7274,344.0,53.0,173.0,1160.0,31.0,242.0,142.0,400.0,39.88693033892154,119,7,59,52,217.0,-35.0,63.0,58.0,153.0,32.0,-64.0,5540.0,106.0,1.0,7.316208451158197,61.707291661062726,
6656,633.2122,101.38765350278433,33.56117557131296,90.29087760705252,28.0,0.7483,330.0,50.0,164.0,1114.0,32.0,230.0,137.0,387.0,31.39308021051637,119,9,55,52,219.0,-29.0,63.0,65.0,161.0,39.0,-58.0,5586.0,113.0,6.0,7.320603890299578,61.707291661062726,
6657,612.9072,99.26418357176709,26.668332180827676,102.40119786268833,28.0,0.7929,330.0,50.0,164.0,1114.0,32.0,230.0,137.0,387.0,26.757660046018522,117,8,57,53,219.0,-29.0,63.0,65.0,161.0,39.0,-58.0,5586.0,113.0,6.0,7.320109419207569,61.70520832772957,
6658,527.1795,108.25228280426383,16.173038577106038,132.33278898503548,28.0,0.74325,330.0,50.0,164.0,1114.0,32.0,230.0,137.0,387.0,16.516004653926508,106,4,59,57,219.0,-29.0,63.0,65.0,161.0,39.0,-58.0,5586.0,113.0,6.0,7.324504561458471,61.70520832772957,
6659,1062.4479,146.3516052070145,50.69595194103679,120.41847557585716,28.0,0.814,174.0,28.0,111.0,727.0,28.0,212.0,80.0,236.0,33.26647554199359,121,5,57,55,257.0,-74.0,73.0,-44.0,148.0,6.0,-109.0,6491.0,92.0,53.0,8.161220639976419,61.69479166106383,
6660,947.61346,124.76741868058713,33.21274138573053,120.57995491868435,28.0,0.85985,153.0,23.0,94.0,655.0,31.0,194.0,75.0,219.0,24.495617056927887,108,7,58,56,258.0,-67.0,73.0,-36.0,156.0,14.0,-102.0,6555.0,101.0,61.0,8.146389701256203,61.6885416610644,
6661,994.3456,122.43463278538485,40.93781032810845,99.42986978504267,28.0,0.8446,174.0,28.0,111.0,727.0,28.0,210.0,80.0,237.0,32.71513569426815,132,6,59,57,255.0,-73.0,73.0,-43.0,148.0,7.0,-107.0,6461.0,93.0,54.0,8.141447411224165,61.68645832773126,
6662,1038.1404,130.13580021384027,39.362891261021524,112.44608614131876,28.0,0.8115,174.0,28.0,111.0,727.0,28.0,210.0,80.0,237.0,30.430755452984673,123,6,58,57,255.0,-73.0,73.0,-43.0,148.0,7.0,-107.0,6461.0,93.0,54.0,8.136505799035858,61.684374994398105,
6663,920.7467,127.27875180430154,41.58636936898788,109.18817434827305,28.0,0.86995,174.0,28.0,111.0,727.0,28.0,210.0,80.0,237.0,30.010800177254154,126,5,60,57,255.0,-73.0,73.0,-43.0,148.0,7.0,-107.0,6461.0,93.0,54.0,8.140897974905608,61.684374994398105,
6664,943.8907,123.4301529192765,34.430947859698634,113.85535977286858,28.0,0.8467,154.0,23.0,95.0,659.0,31.0,194.0,75.0,220.0,26.818836889571607,117,7,57,57,258.0,-67.0,73.0,-36.0,156.0,14.0,-102.0,6555.0,101.0,61.0,8.134858888520299,61.67812499439867,
6665,873.0136,195.20759735802147,79.21269566059566,211.84919635759036,28.0,0.7424,445.0,78.0,254.0,1529.0,25.0,339.0,179.0,496.0,41.365152518747834,121,5,51,51,207.0,-73.0,60.0,9.0,105.0,-11.0,-102.0,5201.0,59.0,-38.0,7.251720977275378,61.67604166106552,
6666,959.5948,135.74044019162523,38.33640395112473,120.43132239535151,28.0,0.857,171.0,27.0,108.0,716.0,29.0,207.0,80.0,235.0,28.6647549736541,124,9,57,57,256.0,-72.0,73.0,-42.0,150.0,8.0,-106.0,6495.0,94.0,55.0,8.129919097400636,61.67604166106552,
6667,873.171,134.5112721386883,37.60093531516588,118.05308699283505,28.0,0.8657,154.0,23.0,95.0,659.0,31.0,194.0,75.0,220.0,29.461002484500035,125,8,60,56,258.0,-67.0,73.0,-36.0,156.0,14.0,-102.0,6555.0,101.0,61.0,8.134310088001271,61.67604166106552,
6668,469.0436,230.18003188799966,55.96641475460099,250.39110126588054,28.0,0.7972,367.0,57.0,184.0,1232.0,31.0,254.0,152.0,426.0,36.84184526720658,100,3,53,58,215.0,-36.0,62.0,57.0,151.0,31.0,-64.0,5509.0,104.0,0.0,7.242450409522879,61.67395832773238,
6669,603.13696,213.68635397768395,73.92911271703511,241.43073359976898,28.0,0.8064,367.0,57.0,184.0,1232.0,31.0,254.0,152.0,426.0,39.689834108259014,107,8,51,52,215.0,-36.0,62.0,57.0,151.0,31.0,-64.0,5509.0,104.0,0.0,7.246841103920695,61.67395832773238,
6670,901.8873,146.15519775825567,27.571375563472703,135.74981343097167,28.0,0.8588,164.0,25.0,103.0,693.0,30.0,202.0,78.0,229.0,24.404143101417922,124,8,55,56,257.0,-70.0,73.0,-39.0,153.0,10.0,-104.0,6510.0,97.0,57.0,8.129370677879814,61.67395832773238,
6671,798.83417,250.62697279622853,79.75376945198533,254.5160609303041,29.0,0.68015,399.0,65.0,214.0,1357.0,28.0,292.0,163.0,455.0,46.38291598800892,84,8,52,53,213.0,-54.0,62.0,34.0,130.0,11.0,-83.0,5401.0,83.0,-18.0,7.255133093180718,61.671874994399225,
6672,318.83676,207.64171723274032,28.83713531641085,204.3134403626535,28.0,0.74355,367.0,57.0,184.0,1232.0,31.0,254.0,152.0,426.0,16.559359203906084,100,4,52,53,215.0,-36.0,62.0,57.0,151.0,31.0,-64.0,5509.0,104.0,0.0,7.245863564993694,61.669791661066085,
6673,384.59134,221.2024024948074,60.851735352287925,243.42465634515378,29.0,0.77445,399.0,65.0,214.0,1357.0,28.0,292.0,163.0,455.0,33.764055672194374,90,7,53,55,213.0,-54.0,62.0,34.0,130.0,11.0,-83.0,5401.0,83.0,-18.0,7.25025366712315,61.669791661066085,
6674,551.33453,229.6841328153608,97.95981859063745,254.95005123047142,29.0,0.7127,399.0,65.0,214.0,1357.0,28.0,292.0,163.0,455.0,51.781702355167816,110,8,55,57,213.0,-54.0,62.0,34.0,130.0,11.0,-83.0,5401.0,83.0,-18.0,7.254643769252606,61.669791661066085,
6675,811.6802,162.59239827926658,77.82754189883836,147.51791699599843,28.0,0.69405,375.0,59.0,194.0,1266.0,30.0,267.0,154.0,431.0,37.357540928861006,78,8,43,51,215.0,-44.0,62.0,47.0,142.0,22.0,-73.0,5482.0,95.0,-9.0,7.267323939107076,61.66770832773293,
6676,1142.7156,186.48384728997007,51.68431309423881,189.8919505959905,28.0,0.81965,255.0,45.0,168.0,990.0,23.0,269.0,103.0,302.0,27.738736051287624,122,3,47,48,242.0,-87.0,69.0,-27.0,122.0,-13.0,-120.0,6107.0,69.0,32.0,8.039929806351328,61.66770832773293,
6677,1004.52765,170.40105996279038,65.22859035314373,164.55912419273488,28.0,0.837,195.0,32.0,127.0,798.0,27.0,228.0,86.0,255.0,34.563844796822345,133,9,61,50,252.0,-78.0,72.0,-49.0,141.0,1.0,-111.0,6380.0,85.0,47.0,8.11016670337352,61.66770832773293,
6678,970.5767,159.98135716732565,56.83908745193929,147.66658052447883,28.0,0.8439,195.0,32.0,127.0,798.0,27.0,228.0,86.0,255.0,30.789942684803968,143,6,61,51,252.0,-78.0,72.0,-49.0,141.0,1.0,-111.0,6380.0,85.0,47.0,8.114556509437415,61.66770832773293,
6679,934.90265,175.06730850358682,36.06969783336017,167.9629706039815,28.0,0.8354,177.0,28.0,112.0,733.0,28.0,212.0,81.0,238.0,19.3596653668137,144,5,58,51,255.0,-73.0,73.0,-43.0,148.0,7.0,-107.0,6477.0,93.0,54.0,8.11894631550124,61.66770832773293,
6680,348.30988,214.1728951322319,55.220203999530185,230.25216869008293,29.0,0.73505,329.0,50.0,160.0,1116.0,33.0,224.0,138.0,396.0,30.04217865238715,95,5,53,57,216.0,-18.0,63.0,77.0,171.0,50.0,-45.0,5537.0,124.0,18.0,7.258054858196557,61.66562499439979,
6681,456.25745,211.479074962999,107.52553252859636,240.4355664767207,29.0,0.71775,336.0,51.0,165.0,1136.0,33.0,230.0,140.0,400.0,48.14909238025225,84,13,54,59,217.0,-23.0,63.0,72.0,166.0,45.0,-51.0,5538.0,118.0,13.0,7.262444368240628,61.66562499439979,
6682,1069.7267,167.30396735910875,60.73714657937865,159.41858127471068,28.0,0.8166,192.0,30.0,120.0,773.0,28.0,216.0,85.0,249.0,32.09841922858823,142,4,51,52,251.0,-71.0,72.0,-3.0,146.0,7.0,-105.0,6357.0,91.0,54.0,8.026219115907319,61.66562499439979,
6683,1044.702,169.40351637017366,52.9460825019715,164.55763087008532,28.0,0.8378,192.0,30.0,120.0,773.0,28.0,216.0,85.0,249.0,28.747535024596303,138,6,48,53,251.0,-71.0,72.0,-3.0,146.0,7.0,-105.0,6357.0,91.0,54.0,8.03060862595139,61.66562499439979,
6684,1034.8528,179.17785854200844,47.95909481178145,179.365031255118,28.0,0.8307,189.0,30.0,120.0,770.0,28.0,216.0,85.0,249.0,25.543737440221342,108,3,52,56,251.0,-72.0,72.0,-3.0,146.0,7.0,-105.0,6366.0,91.0,54.0,8.034998135995458,61.66562499439979,
6685,1041.164,183.1573517091923,41.84980727313939,184.65427913947087,28.0,0.8446,189.0,30.0,120.0,770.0,28.0,216.0,85.0,249.0,21.855941019578097,113,3,53,56,251.0,-72.0,72.0,-3.0,146.0,7.0,-105.0,6366.0,91.0,54.0,8.039387646039527,61.66562499439979,
6686,1054.8575,195.27263812413378,40.609024655498565,197.89906627851803,28.0,0.85025,204.0,33.0,130.0,819.0,27.0,228.0,89.0,261.0,21.702502179036763,102,0,52,54,249.0,-76.0,71.0,-9.0,140.0,2.0,-109.0,6311.0,86.0,48.0,8.043777156083527,61.66562499439979,
6687,1077.2004,192.66640328095855,42.20562169340449,196.04690630592665,28.0,0.8432,204.0,33.0,130.0,819.0,27.0,228.0,89.0,261.0,23.356405439179458,108,0,52,52,249.0,-76.0,71.0,-9.0,140.0,2.0,-109.0,6311.0,86.0,48.0,8.048166666127598,61.66562499439979,
6688,1031.0311,147.5865642004279,60.82294954769287,123.47422775442517,28.0,0.8571,178.0,28.0,113.0,739.0,29.0,213.0,82.0,241.0,36.28551450632826,135,0,58,51,254.0,-73.0,72.0,-42.0,148.0,7.0,-106.0,6461.0,93.0,54.0,8.100840786656361,61.66562499439979,
6689,942.6578,143.23232772842417,39.3790911008434,137.31682110258438,28.0,0.8747,178.0,28.0,113.0,739.0,29.0,213.0,82.0,241.0,24.398860357084555,124,0,57,51,254.0,-73.0,72.0,-42.0,148.0,7.0,-106.0,6461.0,93.0,54.0,8.105230296700432,61.66562499439979,
6690,989.3641,158.8157467240322,47.05104581508494,156.6318799267226,28.0,0.8249,180.0,29.0,116.0,749.0,28.0,216.0,82.0,243.0,28.99399501491648,146,4,57,53,256.0,-75.0,73.0,-45.0,147.0,5.0,-109.0,6481.0,91.0,52.0,8.131567356964776,61.66562499439979,
6691,370.1491,54.408009265368676,38.99361259983553,114.54693984188226,29.0,0.7376,337.0,51.0,163.0,1137.0,33.0,227.0,141.0,403.0,28.010164126549196,106,5,55,59,216.0,-19.0,63.0,76.0,170.0,49.0,-46.0,5555.0,123.0,17.0,7.240008608737416,61.66354166106664,
6692,280.74445,193.27604792648594,2.9402397923993027,182.5872508900177,29.0,0.7214,329.0,50.0,160.0,1116.0,33.0,224.0,138.0,396.0,1.3450552879201372,100,2,54,61,216.0,-18.0,63.0,77.0,171.0,50.0,-45.0,5537.0,124.0,18.0,7.253176250947315,61.66354166106664,
6693,306.8922,214.517932916514,35.06364897537869,215.36334530845772,29.0,0.70905,336.0,51.0,165.0,1136.0,33.0,230.0,140.0,400.0,19.25911055957395,85,10,52,60,217.0,-23.0,63.0,72.0,166.0,45.0,-51.0,5538.0,118.0,13.0,7.261954679087249,61.66354166106664,
6694,386.7764,211.19898777163792,68.03092854081878,231.1579150467906,29.0,0.7377,336.0,51.0,165.0,1136.0,33.0,230.0,140.0,400.0,35.87729202148387,77,9,55,59,217.0,-23.0,63.0,72.0,166.0,45.0,-51.0,5538.0,118.0,13.0,7.266343893157215,61.66354166106664,
6695,949.59515,165.84542487844882,38.210409032635525,165.4134700685591,28.0,0.81065,192.0,30.0,120.0,773.0,28.0,216.0,85.0,249.0,21.271199269886267,122,4,57,52,251.0,-71.0,72.0,-3.0,146.0,7.0,-105.0,6357.0,91.0,54.0,8.025677927260025,61.66354166106664,
6696,936.2992,171.34591357847333,34.02505730754362,171.77445387962933,28.0,0.79295,192.0,30.0,120.0,773.0,28.0,216.0,85.0,249.0,18.69051428864922,111,4,51,54,251.0,-71.0,72.0,-3.0,146.0,7.0,-105.0,6357.0,91.0,54.0,8.030067141329992,61.66354166106664,
6697,930.81885,177.68302460150124,32.73198283391231,179.68112331164758,28.0,0.797,189.0,30.0,120.0,770.0,28.0,216.0,85.0,249.0,16.437621760539326,101,4,52,56,251.0,-72.0,72.0,-3.0,146.0,7.0,-105.0,6366.0,91.0,54.0,8.034456355399959,61.66354166106664,
6698,992.84985,215.5700752260938,32.959045997908724,213.5861293654537,28.0,0.8696,204.0,33.0,130.0,819.0,27.0,228.0,89.0,261.0,21.210759037321576,108,0,55,57,249.0,-76.0,71.0,-9.0,140.0,2.0,-109.0,6311.0,86.0,48.0,8.047623997609788,61.66354166106664,
6699,1058.3287,226.78166436455783,35.29884191487756,227.3385003350387,28.0,0.82595,205.0,33.0,131.0,823.0,27.0,230.0,89.0,262.0,24.46090451374119,113,0,54,57,250.0,-76.0,71.0,-10.0,140.0,1.0,-110.0,6308.0,85.0,47.0,8.052013211679755,61.66354166106664,
6700,954.556,318.8352975758955,47.07834435652206,227.82372770489306,28.0,0.81705,198.0,33.0,129.0,808.0,27.0,230.0,87.0,258.0,27.685542825407534,138,2,55,51,252.0,-79.0,72.0,-12.0,139.0,-1.0,-113.0,6386.0,84.0,46.0,8.122240636799079,61.66354166106664,
6701,972.56445,78.67987241774817,32.80892906145045,95.28424589570714,28.0,0.83655,183.0,29.0,117.0,757.0,28.0,219.0,83.0,245.0,31.93705885870664,146,2,57,54,255.0,-76.0,73.0,-46.0,145.0,4.0,-110.0,6458.0,90.0,51.0,8.13540827900898,61.66354166106664,
6702,474.9841,58.1848680354741,55.601780811521465,83.32461553575013,29.0,0.7087,337.0,51.0,163.0,1137.0,33.0,227.0,141.0,403.0,39.74513713167861,106,5,58,57,216.0,-19.0,63.0,76.0,170.0,49.0,-46.0,5555.0,123.0,17.0,7.239520474858572,61.6614583277335,
6703,349.6776,56.83270935557415,31.696351502346566,116.97791185498919,29.0,0.7632,332.0,50.0,160.0,1122.0,34.0,224.0,139.0,398.0,25.294184328502002,105,5,55,60,216.0,-18.0,63.0,77.0,171.0,50.0,-45.0,5542.0,124.0,18.0,7.243909393000148,61.6614583277335,
6704,276.6675,146.67060326624784,2.996656596702002,174.98688333773515,29.0,0.6736,329.0,50.0,160.0,1116.0,33.0,224.0,138.0,396.0,2.787189790128893,109,2,56,63,216.0,-18.0,63.0,77.0,171.0,50.0,-45.0,5537.0,124.0,18.0,7.2526872292833025,61.6614583277335,
6705,294.555,222.25739175908754,21.10309311053923,207.6382979093878,29.0,0.7161,336.0,51.0,165.0,1136.0,33.0,230.0,140.0,400.0,13.395363394130515,92,8,49,58,217.0,-23.0,63.0,72.0,166.0,45.0,-51.0,5538.0,118.0,13.0,7.265853983708033,61.6614583277335,
6706,341.74225,211.15537223567415,29.902787713842653,208.59108008550723,28.0,0.7875,334.0,50.0,163.0,1128.0,33.0,228.0,139.0,397.0,17.94959459127638,69,14,51,58,218.0,-23.0,63.0,72.0,166.0,45.0,-52.0,5586.0,119.0,13.0,7.270242901849611,61.6614583277335,
6707,923.94476,185.8516163089676,21.695789894917635,205.38769769833013,28.0,0.79165,204.0,33.0,130.0,819.0,27.0,228.0,89.0,261.0,14.082111835681044,134,7,53,57,249.0,-76.0,71.0,-9.0,140.0,2.0,-109.0,6311.0,86.0,48.0,8.04708141290724,61.6614583277335,
6708,953.2032,191.14891950537168,42.37216888176494,195.88602494671792,28.0,0.7757,205.0,33.0,131.0,823.0,27.0,230.0,89.0,262.0,26.07114119964332,126,5,56,56,250.0,-76.0,71.0,-10.0,140.0,1.0,-110.0,6308.0,85.0,47.0,8.051470331048815,61.6614583277335,
6709,919.22723,213.28702565182903,36.069120246501086,204.2621013484683,28.0,0.7717,195.0,32.0,127.0,799.0,27.0,228.0,87.0,256.0,15.166013353280801,132,0,54,52,253.0,-78.0,72.0,-49.0,141.0,1.0,-112.0,6382.0,85.0,47.0,8.11291518503082,61.6614583277335,
6710,1059.9695,127.33900870543869,32.2058063715162,120.52768635113144,28.0,0.80145,180.0,29.0,116.0,749.0,28.0,216.0,82.0,243.0,25.663095342103208,132,4,57,53,256.0,-75.0,73.0,-45.0,147.0,5.0,-109.0,6481.0,91.0,52.0,8.130470857597057,61.6614583277335,
6711,982.7129,109.76237326741617,22.778255610295663,137.5740495505492,28.0,0.834,183.0,29.0,117.0,757.0,28.0,219.0,83.0,245.0,16.770177581499695,133,3,58,55,255.0,-76.0,73.0,-46.0,145.0,4.0,-110.0,6458.0,90.0,51.0,8.134859775738637,61.6614583277335,
6712,432.02728,57.548914861496655,48.55474049562067,91.90486436027932,29.0,0.8101,332.0,50.0,160.0,1122.0,34.0,224.0,139.0,398.0,36.20614977874181,110,10,54,55,216.0,-18.0,63.0,77.0,171.0,50.0,-45.0,5542.0,124.0,18.0,7.2434210386260895,61.659374994400345,
6713,321.0079,56.48795389081068,26.950947263837417,127.5305204030557,29.0,0.78225,332.0,50.0,160.0,1122.0,34.0,224.0,139.0,398.0,21.062326886105296,103,1,54,60,216.0,-18.0,63.0,77.0,171.0,50.0,-45.0,5542.0,124.0,18.0,7.247809660884981,61.659374994400345,
6714,271.2677,213.01495411830447,5.712740548146267,187.3653972052017,29.0,0.6533,336.0,51.0,165.0,1136.0,33.0,230.0,140.0,400.0,3.535346409825009,89,4,55,61,217.0,-23.0,63.0,72.0,166.0,45.0,-51.0,5538.0,118.0,13.0,7.2653641499205435,61.659374994400345,
6715,292.3721,218.45374692780294,15.910995120106024,200.85889897356466,28.0,0.7202,334.0,50.0,163.0,1128.0,33.0,228.0,139.0,397.0,11.10940290428733,99,3,49,58,218.0,-23.0,63.0,72.0,166.0,45.0,-52.0,5586.0,119.0,13.0,7.269752772179433,61.659374994400345,
6716,1070.0598,172.04343809884477,23.991724414445937,177.32652555981332,28.0,0.70825,241.0,40.0,153.0,932.0,25.0,251.0,100.0,289.0,15.409075604871903,131,7,55,54,243.0,-80.0,69.0,-18.0,130.0,-6.0,-113.0,6153.0,77.0,40.0,7.980709578118338,61.659374994400345,
6717,1072.8134,179.85978510540872,36.938421823806934,180.56670232226728,28.0,0.77935,244.0,42.0,159.0,948.0,24.0,255.0,101.0,293.0,20.652452342029722,128,7,55,52,244.0,-83.0,69.0,-20.0,128.0,-8.0,-116.0,6153.0,75.0,38.0,7.985098200377229,61.659374994400345,
6718,1061.952,171.9605514054365,47.03942835139672,170.5901838017508,28.0,0.8023,244.0,42.0,159.0,948.0,24.0,255.0,101.0,293.0,25.7035405675354,128,7,54,54,244.0,-83.0,69.0,-20.0,128.0,-8.0,-116.0,6153.0,75.0,38.0,7.98948682263612,61.659374994400345,
6719,1044.7776,174.39930686842126,50.6138548336946,173.21274515744986,28.0,0.7857,238.0,40.0,153.0,927.0,25.0,251.0,99.0,288.0,27.023519423471217,119,7,54,54,244.0,-81.0,70.0,-18.0,130.0,-6.0,-114.0,6164.0,77.0,40.0,7.993875444895011,61.659374994400345,
6720,1020.5659,167.5971492282122,53.02916745153531,162.595210031876,28.0,0.7856,238.0,40.0,153.0,927.0,25.0,251.0,99.0,288.0,27.715747306832835,121,6,52,55,244.0,-81.0,70.0,-18.0,130.0,-6.0,-114.0,6164.0,77.0,40.0,7.9982640671539,61.659374994400345,
6721,995.0378,166.79917964314308,47.32435475537731,163.96210716773996,28.0,0.75675,209.0,34.0,132.0,829.0,26.0,228.0,90.0,263.0,23.57996342820377,118,7,55,57,248.0,-74.0,71.0,-8.0,141.0,3.0,-107.0,6274.0,86.0,49.0,8.002652689412722,61.659374994400345,
6722,959.3693,152.52186122775564,36.66645461677067,153.76218767305807,28.0,0.7539,209.0,34.0,132.0,829.0,26.0,228.0,90.0,263.0,20.221838778200734,116,7,54,56,248.0,-74.0,71.0,-8.0,141.0,3.0,-107.0,6274.0,86.0,49.0,8.00704131167161,61.659374994400345,
6723,922.73895,149.2418755175059,37.39432970647636,192.60598837233852,28.0,0.8002,204.0,34.0,132.0,824.0,26.0,231.0,89.0,262.0,17.38997666669282,122,0,53,55,251.0,-78.0,72.0,-11.0,139.0,0.0,-112.0,6333.0,84.0,46.0,8.081647890072608,61.659374994400345,
6724,945.07104,303.7801375255307,55.19129023702087,217.98571312511325,28.0,0.81525,178.0,28.0,113.0,739.0,29.0,213.0,82.0,241.0,27.769730600157168,137,0,52,52,254.0,-73.0,72.0,-42.0,148.0,7.0,-106.0,6461.0,93.0,54.0,8.10797962362595,61.659374994400345,
6725,1076.2888,142.01671469319155,40.51323807615723,128.59250174035185,28.0,0.8068,180.0,29.0,116.0,749.0,28.0,216.0,82.0,243.0,27.658855667172126,135,5,56,53,256.0,-75.0,73.0,-45.0,147.0,5.0,-109.0,6481.0,91.0,52.0,8.125534112661441,61.659374994400345,
6726,993.9724,136.78177096647698,34.34144822740399,130.61889526474195,28.0,0.8343,180.0,29.0,116.0,749.0,28.0,216.0,82.0,243.0,23.404730505553218,146,5,58,52,256.0,-75.0,73.0,-45.0,147.0,5.0,-109.0,6481.0,91.0,52.0,8.12992273492033,61.659374994400345,
6727,950.4545,162.49615069728748,18.4539355818451,161.5270223763672,28.0,0.7928,183.0,29.0,117.0,757.0,28.0,219.0,83.0,245.0,15.546902789887758,127,3,59,48,255.0,-76.0,73.0,-46.0,145.0,4.0,-110.0,6458.0,90.0,51.0,8.134311357179223,61.659374994400345,
6728,556.48895,53.946007898207455,56.33893156922389,87.48639931870616,29.0,0.793,346.0,53.0,170.0,1166.0,32.0,236.0,144.0,409.0,40.41633450339179,106,2,58,56,217.0,-25.0,63.0,69.0,163.0,43.0,-54.0,5531.0,116.0,11.0,7.242932759668663,61.65729166106719,
6729,405.31396,48.18634166775738,50.86107740339642,107.79154322950191,29.0,0.80175,346.0,53.0,170.0,1166.0,32.0,236.0,144.0,409.0,32.97928798553462,102,4,53,57,217.0,-25.0,63.0,69.0,163.0,43.0,-54.0,5531.0,116.0,11.0,7.247321086090562,61.65729166106719,
6730,265.412,109.98586294596193,1.80066413126,177.93412446684206,29.0,0.6141,324.0,49.0,158.0,1102.0,34.0,222.0,136.0,391.0,1.4105058873403264,96,4,60,61,216.0,-17.0,63.0,79.0,172.0,52.0,-44.0,5548.0,125.0,19.0,7.264874391778148,61.65729166106719,
6731,266.21063,181.98984981201383,6.875933029930372,182.09043248769447,28.0,0.6887,322.0,48.0,156.0,1095.0,33.0,221.0,135.0,389.0,4.00748928011827,90,2,54,60,218.0,-17.0,63.0,79.0,174.0,52.0,-44.0,5583.0,126.0,19.0,7.2692627182000455,61.65729166106719,
6732,266.62607,170.13135597939316,10.945435428121538,176.05963463770848,28.0,0.7541,322.0,48.0,156.0,1095.0,33.0,221.0,135.0,389.0,6.3506268931397365,96,5,56,60,218.0,-17.0,63.0,79.0,174.0,52.0,-44.0,5583.0,126.0,19.0,7.273651044621944,61.65729166106719,
6733,1011.55994,130.06476472144175,15.547940671777143,163.49563377660533,28.0,0.7004,212.0,34.0,134.0,838.0,27.0,229.0,91.0,266.0,9.50477293520258,130,18,56,51,248.0,-73.0,71.0,-8.0,141.0,3.0,-107.0,6249.0,86.0,49.0,7.984559924967938,61.65729166106719,
6734,991.9501,147.984369241289,17.46463787432523,168.50045610601788,28.0,0.7382,212.0,34.0,134.0,838.0,27.0,229.0,91.0,266.0,9.562796085459697,137,7,56,56,248.0,-73.0,71.0,-8.0,141.0,3.0,-107.0,6249.0,86.0,49.0,7.988948251389837,61.65729166106719,
6735,976.7419,150.32784686271071,17.032163335666077,168.25003851546697,28.0,0.743,207.0,33.0,130.0,822.0,27.0,226.0,90.0,262.0,8.640095740694404,132,19,56,55,248.0,-73.0,71.0,-7.0,142.0,4.0,-106.0,6283.0,88.0,50.0,7.993336577811733,61.65729166106719,
6736,954.4202,136.61607962424173,16.445882136753127,162.53425269159862,28.0,0.7226,207.0,33.0,130.0,822.0,27.0,226.0,90.0,262.0,10.24462765611105,113,21,54,55,248.0,-73.0,71.0,-7.0,142.0,4.0,-106.0,6283.0,88.0,50.0,7.99772490423363,61.65729166106719,
6737,938.0454,140.75679626965086,13.460560091962547,171.50856438253274,28.0,0.7246,209.0,34.0,133.0,831.0,26.0,228.0,91.0,264.0,7.455060151445018,109,20,56,57,249.0,-75.0,71.0,-8.0,141.0,3.0,-108.0,6305.0,87.0,49.0,8.002113230655457,61.65729166106719,
6738,961.41144,333.72841970668793,40.76181216044154,208.4608098671072,28.0,0.78075,229.0,39.0,148.0,902.0,25.0,247.0,96.0,282.0,25.827487951581055,141,3,55,54,246.0,-80.0,70.0,-17.0,132.0,-5.0,-114.0,6188.0,78.0,41.0,8.024054862764942,61.65729166106719,
6739,1002.1681,303.7518275240049,49.25325682830614,209.07270800437817,28.0,0.7671,226.0,38.0,147.0,894.0,25.0,245.0,96.0,280.0,30.1762724132384,137,2,56,53,246.0,-81.0,70.0,-17.0,132.0,-5.0,-114.0,6215.0,78.0,41.0,8.02844318918684,61.65729166106719,
6740,948.1366,101.9600385544063,37.165419330639374,160.82847046746375,28.0,0.7885,229.0,39.0,148.0,902.0,25.0,248.0,96.0,281.0,22.792155656670833,131,5,57,51,246.0,-82.0,70.0,-18.0,131.0,-6.0,-115.0,6208.0,77.0,40.0,8.04160816845246,61.65729166106719,
6741,933.9426,109.79901160185523,40.47341941560882,177.21067476389717,28.0,0.8263,230.0,39.0,150.0,910.0,25.0,251.0,97.0,284.0,20.28757878549921,142,5,52,53,246.0,-82.0,71.0,-19.0,130.0,-7.0,-116.0,6192.0,76.0,39.0,8.045996494874357,61.65729166106719,
6742,916.374,85.03815904935813,25.039447329849008,178.40609063079992,28.0,0.77365,220.0,37.0,143.0,874.0,25.0,242.0,93.0,274.0,10.444061709177557,144,3,52,50,247.0,-80.0,71.0,-16.0,133.0,-4.0,-114.0,6258.0,79.0,42.0,8.059161474140048,61.65729166106719,
6743,923.29297,301.24995538753177,28.22243371058706,204.07027175748752,28.0,0.85065,210.0,35.0,137.0,847.0,26.0,238.0,91.0,269.0,14.483661636719308,136,0,53,54,250.0,-81.0,72.0,-15.0,136.0,-3.0,-114.0,6332.0,81.0,43.0,8.098656411937052,61.65729166106719,
6744,1124.816,139.51646578782427,42.33945997553582,126.30928396522187,28.0,0.76035,183.0,29.0,117.0,753.0,28.0,216.0,83.0,244.0,28.240023572615442,132,3,56,51,255.0,-75.0,72.0,-45.0,147.0,5.0,-108.0,6475.0,91.0,52.0,8.11620971762457,61.65729166106719,
6745,1054.3226,154.78254792385516,51.591182098471435,140.57122900991365,28.0,0.7884,184.0,30.0,119.0,763.0,28.0,219.0,84.0,247.0,31.166006592352367,147,4,56,51,254.0,-76.0,72.0,-46.0,145.0,4.0,-109.0,6464.0,90.0,51.0,8.120598044046467,61.65729166106719,
6746,985.20905,150.72871650758722,41.44802309471858,141.60142914779647,28.0,0.8081,184.0,30.0,119.0,763.0,28.0,219.0,84.0,247.0,25.795969747789133,145,2,56,53,254.0,-76.0,72.0,-46.0,145.0,4.0,-109.0,6464.0,90.0,51.0,8.124986370468363,61.65729166106719,
6747,938.95544,151.0718352949052,20.905952767402358,160.91330355178698,28.0,0.746,214.0,36.0,141.0,861.0,25.0,243.0,91.0,270.0,12.982672420595584,139,4,60,50,250.0,-84.0,71.0,-17.0,133.0,-6.0,-117.0,6319.0,78.0,40.0,8.129374696890261,61.65729166106719,
6748,666.3441,52.814467685156444,42.04445725372541,109.99389596608121,29.0,0.7654,346.0,53.0,170.0,1166.0,32.0,236.0,144.0,409.0,29.779535283119202,111,1,59,54,217.0,-25.0,63.0,69.0,163.0,43.0,-54.0,5531.0,116.0,11.0,7.242444556111331,61.65520832773405,
6749,551.0416,41.50075489754334,61.982458503671786,106.54724019890783,29.0,0.7639,346.0,53.0,170.0,1166.0,32.0,236.0,144.0,409.0,38.49750194064071,111,4,58,56,217.0,-25.0,63.0,69.0,163.0,43.0,-54.0,5531.0,116.0,11.0,7.246832586741918,61.65520832773405,
6750,261.66125,92.5883739269395,3.036710630371849,173.76827079060178,28.0,0.6201,322.0,48.0,156.0,1095.0,33.0,221.0,135.0,389.0,2.548304811781025,96,1,59,60,218.0,-17.0,63.0,79.0,174.0,52.0,-44.0,5583.0,126.0,19.0,7.268772739894851,61.65520832773405,
6751,992.20447,46.89461243222796,14.304257844319462,165.95484365193937,28.0,0.7229,212.0,34.0,134.0,838.0,27.0,229.0,91.0,266.0,9.059360685678628,132,6,56,53,248.0,-73.0,71.0,-8.0,141.0,3.0,-107.0,6249.0,86.0,49.0,7.988409763309788,61.65520832773405,
6752,970.43805,69.69931994823054,12.708087587450766,161.22766025332012,28.0,0.6979,207.0,33.0,130.0,822.0,27.0,226.0,90.0,262.0,9.244158456075162,127,7,57,54,248.0,-73.0,71.0,-7.0,142.0,4.0,-106.0,6283.0,88.0,50.0,7.992797793940374,61.65520832773405,
6753,954.733,57.96854696872886,15.475485167474348,172.75814960293857,28.0,0.6825,207.0,33.0,130.0,822.0,27.0,226.0,90.0,262.0,9.24376853862524,118,7,57,56,248.0,-73.0,71.0,-7.0,142.0,4.0,-106.0,6283.0,88.0,50.0,7.997185824570961,61.65520832773405,
6754,973.3298,341.62731512691295,27.420481443443872,196.506937744632,28.0,0.7245,224.0,37.0,144.0,884.0,25.0,242.0,95.0,277.0,16.440776143496038,143,4,57,55,246.0,-79.0,70.0,-14.0,134.0,-3.0,-112.0,6190.0,80.0,43.0,8.014737947093238,61.65520832773405,
6755,969.3636,62.85008836554866,35.57458044144348,101.22351935674655,28.0,0.8906,185.0,29.0,118.0,759.0,28.0,216.0,84.0,246.0,33.24849029889066,146,0,58,52,253.0,-74.0,72.0,-44.0,146.0,6.0,-107.0,6413.0,91.0,52.0,8.076170375921386,61.65520832773405,
6756,936.7131,330.3510507270329,30.02465323097821,207.96190555929536,28.0,0.8635,210.0,35.0,137.0,847.0,26.0,238.0,91.0,269.0,18.13948717017038,133,5,55,53,250.0,-81.0,72.0,-15.0,136.0,-3.0,-114.0,6332.0,81.0,43.0,8.093722498443665,61.65520832773405,
6757,1017.3697,320.19692696734995,65.64185986766373,244.05618026917227,28.0,0.8119,210.0,35.0,137.0,847.0,26.0,238.0,91.0,269.0,39.462348191028866,140,2,51,57,250.0,-81.0,72.0,-15.0,136.0,-3.0,-114.0,6332.0,81.0,43.0,8.098110529074251,61.65520832773405,
6758,1112.0352,152.9548445277552,47.239228400293676,140.24680161618366,28.0,0.7813,183.0,29.0,117.0,753.0,28.0,216.0,83.0,244.0,28.94550530854325,138,3,55,50,255.0,-75.0,72.0,-45.0,147.0,5.0,-108.0,6475.0,91.0,52.0,8.111274620966011,61.65520832773405,
6759,1022.576,142.27517059057175,55.51591814058965,117.04578819486125,28.0,0.77085,183.0,29.0,117.0,753.0,28.0,216.0,83.0,244.0,34.79466117250533,142,3,58,51,255.0,-75.0,72.0,-45.0,147.0,5.0,-108.0,6475.0,91.0,52.0,8.115662651596528,61.65520832773405,
6760,953.22766,157.81424309561658,33.72814753471959,157.25263072279446,28.0,0.7805,184.0,30.0,119.0,763.0,28.0,219.0,84.0,247.0,19.713564773417225,142,2,55,52,254.0,-76.0,72.0,-46.0,145.0,4.0,-109.0,6464.0,90.0,51.0,8.120050682227115,61.65520832773405,
6761,306.20703,57.11932758150653,19.427980980385712,141.07389166023472,29.0,0.77685,324.0,49.0,158.0,1102.0,34.0,222.0,136.0,391.0,15.511784560015407,102,1,54,63,216.0,-17.0,63.0,79.0,172.0,52.0,-44.0,5548.0,125.0,19.0,7.2638951023623015,61.65312499440091,
6762,269.4949,85.04979821730957,9.42255052659352,162.18562479505152,28.0,0.739,322.0,48.0,156.0,1095.0,33.0,221.0,135.0,389.0,8.002346507269875,104,1,56,63,218.0,-17.0,63.0,79.0,174.0,52.0,-44.0,5583.0,126.0,19.0,7.26828283724725,61.65312499440091,
6763,1016.53973,63.00673368035555,25.059295061588447,167.36084410176218,28.0,0.7228,207.0,33.0,130.0,822.0,27.0,226.0,90.0,262.0,15.02683031975165,133,4,54,53,248.0,-73.0,71.0,-7.0,142.0,4.0,-106.0,6283.0,88.0,50.0,7.992259093262678,61.65312499440091,
6764,1009.2724,112.22600325102263,23.94655181376461,176.1148451912875,28.0,0.6813,207.0,33.0,130.0,822.0,27.0,226.0,90.0,262.0,14.031100075342389,125,5,57,51,248.0,-73.0,71.0,-7.0,142.0,4.0,-106.0,6283.0,88.0,50.0,7.996646828147629,61.65312499440091,
6765,995.2249,65.88457271718318,20.047987000126184,167.32770062210545,28.0,0.6856,209.0,34.0,133.0,831.0,26.0,228.0,91.0,264.0,12.301259476215835,132,3,58,54,249.0,-75.0,71.0,-8.0,141.0,3.0,-108.0,6305.0,87.0,49.0,8.001034563032508,61.65312499440091,
6766,990.9009,244.06541409086017,22.32212813875966,185.87275320611425,28.0,0.71455,209.0,34.0,133.0,831.0,26.0,228.0,91.0,264.0,12.782433223936092,131,3,57,54,249.0,-75.0,71.0,-8.0,141.0,3.0,-108.0,6305.0,87.0,49.0,8.005422297917457,61.65312499440091,
6767,974.01526,334.2554447816147,52.1366976445625,210.01658204027817,28.0,0.8651,206.0,34.0,134.0,831.0,26.0,234.0,89.0,263.0,27.593242546674638,144,3,49,50,251.0,-79.0,72.0,-12.0,138.0,-1.0,-113.0,6334.0,83.0,45.0,8.08878926073137,61.65312499440091,
6768,1086.1626,142.47997552827198,48.4817948916465,123.95004691179604,28.0,0.7883,194.0,32.0,125.0,792.0,27.0,225.0,86.0,254.0,30.986497377177816,141,2,53,55,253.0,-77.0,72.0,-8.0,142.0,2.0,-111.0,6394.0,86.0,48.0,8.10634020027117,61.65312499440091,
6769,1002.53955,146.1574049319499,50.6277772144616,128.35215315347347,28.0,0.7828,183.0,29.0,117.0,753.0,28.0,216.0,83.0,244.0,31.262006598833878,139,1,54,54,255.0,-75.0,72.0,-45.0,147.0,5.0,-108.0,6475.0,91.0,52.0,8.11072793515612,61.65312499440091,
6770,936.6444,132.2252520528635,26.82947818744395,156.87365571645023,28.0,0.7377,183.0,29.0,117.0,753.0,28.0,216.0,83.0,244.0,12.821292794161117,140,4,56,52,255.0,-75.0,72.0,-45.0,147.0,5.0,-108.0,6475.0,91.0,52.0,8.115115670041,61.65312499440091,
6771,983.2021,131.62386994091918,44.08838572333963,122.33239197169196,28.0,0.816,194.0,32.0,125.0,792.0,27.0,225.0,86.0,254.0,27.645620263240076,135,4,54,55,253.0,-77.0,72.0,-8.0,142.0,2.0,-111.0,6394.0,86.0,48.0,8.105793894569572,61.65104166106776,
6772,1112.0375,163.63143022925627,44.95376714535847,157.46830037937372,28.0,0.7888,187.0,30.0,120.0,768.0,27.0,219.0,84.0,248.0,25.811154702412928,125,3,57,50,253.0,-75.0,72.0,-45.0,145.0,5.0,-108.0,6426.0,90.0,51.0,8.096473386150825,61.648958327734604,
6773,1051.9349,160.2952018862194,55.17119431460247,147.860527855631,28.0,0.7971,188.0,30.0,121.0,771.0,27.0,219.0,85.0,249.0,32.810430822670185,128,3,58,52,254.0,-75.0,72.0,-45.0,146.0,5.0,-108.0,6432.0,90.0,51.0,8.08715414449246,61.646874994401465,
6774,1018.47174,163.2262080720028,47.62625075538326,155.58475700357516,28.0,0.8186,188.0,30.0,121.0,771.0,27.0,219.0,85.0,249.0,29.17210837041623,132,3,56,50,254.0,-75.0,72.0,-45.0,146.0,5.0,-108.0,6432.0,90.0,51.0,8.091540992414439,61.646874994401465,
6775,987.7589,165.6785996242924,44.98100800244271,159.75195616110685,28.0,0.8029,187.0,30.0,120.0,768.0,27.0,219.0,84.0,248.0,26.39816458989439,140,4,57,53,253.0,-75.0,72.0,-45.0,145.0,5.0,-108.0,6426.0,90.0,51.0,8.095927840336417,61.646874994401465,
6776,1038.572,138.72423146676786,19.720173275961592,174.7193369480622,27.0,0.7162,151.0,31.0,109.0,725.0,30.0,243.0,88.0,251.0,17.73011595258523,111,4,50,61,288.0,-97.0,80.0,-60.0,152.0,-5.0,-136.0,7287.0,91.0,79.0,8.955750033042507,61.646874994401465,
6777,1011.69745,152.9874392358175,15.930034520186132,165.70104288081674,27.0,0.7578,149.0,31.0,108.0,720.0,30.0,242.0,88.0,251.0,12.037605721519176,111,1,53,57,288.0,-96.0,80.0,-59.0,153.0,-4.0,-135.0,7333.0,92.0,80.0,8.964523728886466,61.646874994401465,
6778,969.85205,159.43796468600334,13.290611492511731,166.90328080295902,27.0,0.76315,146.0,30.0,105.0,709.0,30.0,239.0,87.0,248.0,10.304672602676648,117,2,59,58,291.0,-96.0,80.0,-58.0,156.0,-3.0,-135.0,7373.0,94.0,81.0,8.977684272652398,61.646874994401465,
6779,1037.4062,147.85714540413494,67.1902454053947,121.52882657665086,28.0,0.6836,197.0,32.0,126.0,799.0,27.0,225.0,87.0,256.0,38.173350814905135,129,5,57,52,252.0,-76.0,72.0,-8.0,142.0,2.0,-110.0,6346.0,87.0,49.0,8.069063064584391,61.644791661068325,
6780,962.1608,142.7345107019282,46.06800194922044,151.50732368834718,28.0,0.66355,197.0,32.0,126.0,799.0,27.0,225.0,87.0,256.0,22.197467839378966,136,7,60,54,252.0,-76.0,72.0,-8.0,142.0,2.0,-110.0,6346.0,87.0,49.0,8.073449616943325,61.644791661068325,
6781,1017.4614,99.39674408399692,4.33271551601954,169.42698648082822,27.0,0.72915,149.0,31.0,108.0,720.0,30.0,242.0,88.0,251.0,3.889800715065062,119,1,53,62,288.0,-96.0,80.0,-59.0,153.0,-4.0,-135.0,7333.0,92.0,80.0,8.95953319344624,61.644791661068325,
6782,999.5712,85.51857510347308,5.462077253830394,164.63971895195374,27.0,0.67965,149.0,31.0,108.0,720.0,30.0,242.0,88.0,251.0,6.292363722826056,117,1,55,61,288.0,-96.0,80.0,-59.0,153.0,-4.0,-135.0,7333.0,92.0,80.0,8.963919745805175,61.644791661068325,
6783,980.6035,107.76069741984966,6.196883976442624,168.2276628076374,27.0,0.6658,147.0,31.0,107.0,715.0,30.0,240.0,87.0,249.0,5.401636198852973,118,3,58,60,289.0,-96.0,80.0,-58.0,154.0,-4.0,-135.0,7330.0,93.0,80.0,8.968306298164109,61.644791661068325,
6784,967.6051,129.67288112959739,7.5083007639369015,170.58601597314293,27.0,0.6863,147.0,31.0,107.0,715.0,30.0,240.0,87.0,249.0,5.398110322239312,117,4,58,59,289.0,-96.0,80.0,-58.0,154.0,-4.0,-135.0,7330.0,93.0,80.0,8.972692850523043,61.644791661068325,
6785,953.3435,153.78886058404564,9.19828690677441,169.1755146790589,27.0,0.67255,146.0,30.0,105.0,709.0,30.0,239.0,87.0,248.0,9.260458189499616,126,5,57,58,291.0,-96.0,80.0,-58.0,156.0,-3.0,-135.0,7373.0,94.0,81.0,8.977079402881975,61.644791661068325,
6786,1035.4115,108.83414567565221,10.594856538770143,146.89857821059627,27.0,0.7524,151.0,31.0,109.0,725.0,30.0,243.0,88.0,251.0,11.327375735907497,120,6,56,62,288.0,-97.0,80.0,-60.0,152.0,-5.0,-136.0,7287.0,91.0,79.0,8.95454334227168,61.64270832773517,
6787,979.7353,85.41336376977769,4.434404659295679,171.80250239082605,27.0,0.6361,147.0,31.0,107.0,715.0,30.0,240.0,87.0,249.0,3.5838134827005264,119,5,58,60,289.0,-96.0,80.0,-58.0,154.0,-4.0,-135.0,7330.0,93.0,80.0,8.972088369637731,61.64270832773517,
6788,969.86945,76.17459721469942,5.016763903044441,175.3554045611688,27.0,0.651,146.0,30.0,105.0,709.0,30.0,239.0,87.0,248.0,2.2549672364194993,127,6,57,59,291.0,-96.0,80.0,-58.0,156.0,-3.0,-135.0,7373.0,94.0,81.0,8.976474626479243,61.64270832773517,
6789,1072.8616,102.4304997696216,10.274777101331523,146.32990793086432,27.0,0.7574,153.0,32.0,111.0,733.0,29.0,245.0,89.0,254.0,11.238782600361771,122,3,57,61,285.0,-97.0,79.0,-61.0,149.0,-7.0,-136.0,7254.0,89.0,77.0,8.949554175205586,61.64062499440202,
6790,1028.1913,107.69026055306162,9.769830829453888,149.33611634936838,27.0,0.7593,149.0,31.0,109.0,722.0,30.0,242.0,88.0,251.0,10.468374189712005,119,4,56,61,288.0,-97.0,80.0,-60.0,152.0,-5.0,-136.0,7325.0,91.0,79.0,8.95394013657522,61.64062499440202,
6791,975.0573,165.76090958958116,3.902025692488258,177.43493059689837,27.0,0.6842,143.0,30.0,104.0,702.0,31.0,237.0,86.0,246.0,5.06992678601373,134,4,58,58,291.0,-95.0,80.0,-56.0,157.0,-2.0,-134.0,7389.0,96.0,83.0,8.980255904793443,61.64062499440202,
6792,1025.8777,88.13881129267199,7.835421122437254,152.80406577187767,27.0,0.76005,149.0,31.0,109.0,722.0,30.0,242.0,88.0,251.0,9.067316616264666,123,4,56,60,288.0,-97.0,80.0,-60.0,152.0,-5.0,-136.0,7325.0,91.0,79.0,8.95333702397751,61.63854166106888,
6793,969.3988,141.60211243740918,6.428613656686927,170.86663700905964,27.0,0.6985,143.0,30.0,104.0,702.0,31.0,237.0,86.0,246.0,5.278995505367547,137,3,58,57,291.0,-95.0,80.0,-56.0,157.0,-2.0,-134.0,7389.0,96.0,83.0,8.979651019638503,61.63854166106888,
6794,1008.6752,251.51048942315123,13.464902658790383,185.29491597572925,27.0,0.72865,146.0,30.0,106.0,710.0,30.0,239.0,87.0,248.0,13.791458559581656,125,3,58,58,290.0,-95.0,80.0,-58.0,155.0,-3.0,-135.0,7333.0,94.0,82.0,8.970275486709692,61.63645832773574,
6795,981.9128,88.29102682512901,7.7961742449110245,153.21519147496144,27.0,0.7363,146.0,30.0,106.0,710.0,30.0,239.0,87.0,248.0,8.868738552341512,140,4,59,58,290.0,-95.0,80.0,-58.0,155.0,-3.0,-135.0,7333.0,94.0,82.0,8.974660857272578,61.63645832773574,
6796,1025.823,223.9537075432476,12.672470040857998,178.62898118779327,27.0,0.7363,146.0,30.0,106.0,710.0,30.0,239.0,87.0,248.0,15.715313990408768,130,3,59,58,290.0,-95.0,80.0,-58.0,155.0,-3.0,-135.0,7333.0,94.0,82.0,8.969671378908151,61.634374994402584,
6797,981.99567,99.24558315178906,11.553939534184112,144.44030117942867,27.0,0.7686,146.0,30.0,106.0,710.0,30.0,239.0,87.0,248.0,11.894218402036131,140,3,58,57,290.0,-95.0,80.0,-58.0,155.0,-3.0,-135.0,7333.0,94.0,82.0,8.97405645413601,61.634374994402584,
6798,945.90607,123.5839105144841,9.605551969922038,157.33135216992858,27.0,0.7492,143.0,30.0,104.0,702.0,31.0,237.0,86.0,246.0,8.738073533225307,133,2,57,57,291.0,-95.0,80.0,-56.0,157.0,-2.0,-134.0,7389.0,96.0,83.0,8.978441529363868,61.634374994402584,
6799,936.47784,98.0510421870914,8.095889413443278,155.572443646039,27.0,0.76835,140.0,29.0,100.0,688.0,31.0,234.0,85.0,243.0,8.06581045997886,132,3,59,57,293.0,-93.0,81.0,-54.0,160.0,1.0,-133.0,7454.0,99.0,86.0,8.977836924203258,61.63229166106943,
6800,806.4876,190.3509811454901,29.8809522444956,190.8272541424414,28.0,0.7079,295.0,47.0,173.0,1064.0,27.0,254.0,120.0,346.0,19.62891853605428,84,4,53,47,230.0,-63.0,66.0,35.0,136.0,8.0,-94.0,5828.0,85.0,-25.0,7.60050421825959,61.63020832773628,
6801,853.0871,220.82412622512967,36.71542650882622,227.9503055712548,28.0,0.734,295.0,47.0,173.0,1064.0,27.0,254.0,120.0,346.0,25.140475830978534,90,5,53,46,230.0,-63.0,66.0,35.0,136.0,8.0,-94.0,5828.0,85.0,-25.0,7.6048887029541,61.63020832773628,
6802,978.94604,102.36869186755443,12.485322964440478,141.2664566576975,27.0,0.7683,142.0,29.0,102.0,695.0,31.0,235.0,85.0,244.0,12.977173201027151,137,4,59,58,292.0,-94.0,81.0,-55.0,158.0,-1.0,-134.0,7394.0,97.0,84.0,8.972847927638679,61.63020832773628,
6803,930.9377,120.4851548560685,10.711273638302643,149.79931078239977,27.0,0.76865,140.0,29.0,100.0,688.0,31.0,234.0,85.0,243.0,11.297498198430743,134,2,59,58,293.0,-93.0,81.0,-54.0,160.0,1.0,-133.0,7454.0,99.0,86.0,8.977232412333189,61.63020832773628,
6804,767.4,134.69019740806846,15.781170723464149,172.46513741156497,28.0,0.6327,273.0,42.0,156.0,987.0,28.0,233.0,113.0,326.0,13.178102627400122,90,2,52,54,234.0,-55.0,67.0,46.0,148.0,18.0,-86.0,5917.0,96.0,-16.0,7.599992491938197,61.62812499440314,
6805,785.762,221.95315051837431,24.666085165589816,214.19985290766726,28.0,0.7243,295.0,47.0,173.0,1064.0,27.0,254.0,120.0,346.0,16.720023226632055,116,4,51,54,230.0,-63.0,66.0,35.0,136.0,8.0,-94.0,5828.0,85.0,-25.0,7.6043766814343705,61.62812499440314,
6806,975.60724,99.04640218464877,15.881223393754825,130.70221440455273,27.0,0.7744,142.0,29.0,102.0,695.0,31.0,235.0,85.0,244.0,16.642243350704018,137,3,58,60,292.0,-94.0,81.0,-55.0,158.0,-1.0,-134.0,7394.0,97.0,84.0,8.972243804237051,61.62812499440314,
6807,920.1696,111.29324139583774,10.834600941571038,148.14678278401337,27.0,0.7629,140.0,29.0,100.0,688.0,31.0,234.0,85.0,243.0,11.016843470141442,133,3,59,60,293.0,-93.0,81.0,-54.0,160.0,1.0,-133.0,7454.0,99.0,86.0,8.976627993733223,61.62812499440314,
6808,733.5614,182.35178882853663,23.307439687227827,181.63336793911907,28.0,0.7168,295.0,47.0,173.0,1064.0,27.0,254.0,120.0,346.0,18.543122429592835,110,6,52,56,230.0,-63.0,66.0,35.0,136.0,8.0,-94.0,5828.0,85.0,-25.0,7.603864738909286,61.62604166107,
6809,765.0646,228.23383925083633,31.287214570089297,224.3372539565157,28.0,0.7253,295.0,47.0,173.0,1064.0,27.0,254.0,120.0,346.0,25.994103052334538,104,6,53,54,230.0,-63.0,66.0,35.0,136.0,8.0,-94.0,5828.0,85.0,-25.0,7.6082486332526615,61.62604166107,
6810,983.1575,99.11187387281831,22.60608771652935,111.29254058688517,27.0,0.7318,142.0,29.0,102.0,695.0,31.0,235.0,85.0,244.0,24.289149219666022,135,2,57,60,292.0,-94.0,81.0,-55.0,158.0,-1.0,-134.0,7394.0,97.0,84.0,8.971639774039545,61.62604166107,
6811,906.07635,132.30166557555307,16.3371922807687,149.23121495305844,27.0,0.7489,140.0,29.0,100.0,688.0,31.0,234.0,85.0,243.0,13.79865164390978,132,2,59,59,293.0,-93.0,81.0,-54.0,160.0,1.0,-133.0,7454.0,99.0,86.0,8.976023668382918,61.62604166107,
6812,711.854,130.2297772359378,16.960628756912897,140.95772945427007,29.0,0.6745,264.0,40.0,150.0,956.0,29.0,227.0,110.0,316.0,18.51073512613008,116,9,55,55,234.0,-52.0,68.0,50.0,151.0,21.0,-83.0,5938.0,100.0,-13.0,7.603352875361541,61.623958327736844,
6813,718.9072,213.64270994564123,27.53279975141824,210.13885068357962,29.0,0.66165,264.0,40.0,150.0,956.0,29.0,227.0,110.0,316.0,24.455065936588884,107,5,52,58,234.0,-52.0,68.0,50.0,151.0,21.0,-83.0,5938.0,100.0,-13.0,7.607736474597652,61.623958327736844,
6814,878.19196,111.6222411520259,15.03279780537786,147.55528780727167,27.0,0.7258,136.0,28.0,98.0,677.0,32.0,231.0,84.0,240.0,12.797692615506579,128,2,56,58,294.0,-92.0,81.0,-52.0,162.0,3.0,-132.0,7485.0,101.0,88.0,8.975419436261845,61.623958327736844,
6815,698.1879,219.75149551612841,28.70189967447691,220.24764500733124,28.0,0.72,287.0,46.0,168.0,1037.0,27.0,248.0,117.0,337.0,23.93914012069138,103,6,50,55,233.0,-62.0,67.0,37.0,139.0,10.0,-94.0,5885.0,88.0,-23.0,7.611607699122507,61.62187499440369,
6816,949.4236,141.0523783588058,29.145767461374444,138.4248734275417,27.0,0.68375,138.0,28.0,99.0,681.0,31.0,231.0,84.0,240.0,24.55575398623345,133,2,59,61,294.0,-93.0,81.0,-53.0,161.0,2.0,-133.0,7495.0,100.0,88.0,8.97043199317521,61.62187499440369,
6817,878.4119,102.87916770042682,12.957186162827405,140.56019530933676,27.0,0.68175,138.0,28.0,99.0,681.0,31.0,231.0,84.0,240.0,13.731734864153085,133,2,58,60,294.0,-93.0,81.0,-53.0,161.0,2.0,-133.0,7495.0,100.0,88.0,8.97481529734958,61.62187499440369,
6818,666.46515,268.8913342444227,22.111136732254394,237.8042050063277,28.0,0.75095,287.0,46.0,168.0,1037.0,27.0,248.0,117.0,337.0,21.693745878770628,102,2,52,54,233.0,-62.0,67.0,37.0,139.0,10.0,-94.0,5885.0,88.0,-23.0,7.611095403445092,61.61979166107055,
6819,774.6876,281.4943075545537,30.79253692289781,253.71294393668452,28.0,0.8064,287.0,46.0,168.0,1037.0,27.0,248.0,117.0,337.0,31.557243719160194,98,6,51,54,233.0,-62.0,67.0,37.0,139.0,10.0,-94.0,5885.0,88.0,-23.0,7.615478412603236,61.61979166107055,
6820,708.6453,71.03192942363236,37.6107509947331,93.75260877832022,29.0,0.7879,264.0,40.0,150.0,956.0,29.0,227.0,110.0,316.0,33.129796103321084,109,13,54,54,234.0,-52.0,68.0,50.0,151.0,21.0,-83.0,5938.0,100.0,-13.0,7.601817758409362,61.61770832773741,
6821,664.57336,274.5488250266071,29.03877529245688,251.88434853010168,28.0,0.7708,287.0,46.0,168.0,1037.0,27.0,248.0,117.0,337.0,30.971860049446832,111,5,53,56,233.0,-62.0,67.0,37.0,139.0,10.0,-94.0,5885.0,88.0,-23.0,7.610583186784134,61.61770832773741,
6822,794.92865,271.0361514685686,29.194262373184273,252.40288644661754,28.0,0.7946,287.0,46.0,168.0,1037.0,27.0,248.0,117.0,337.0,28.66862617943943,109,5,51,55,233.0,-62.0,67.0,37.0,139.0,10.0,-94.0,5885.0,88.0,-23.0,7.614965900971556,61.61770832773741,
6823,765.80115,90.39916504938309,31.65111780535301,96.50065685149517,28.0,0.784,247.0,37.0,138.0,898.0,30.0,211.0,105.0,301.0,28.97351488341608,111,8,56,54,235.0,-44.0,68.0,60.0,161.0,30.0,-74.0,5993.0,109.0,-6.0,7.601306210598014,61.61562499440426,
6824,602.29584,87.13100148251603,32.48708883730664,95.18820601000671,28.0,0.7954,247.0,37.0,138.0,898.0,30.0,211.0,105.0,301.0,31.99513259458119,111,9,54,54,235.0,-44.0,68.0,60.0,161.0,30.0,-74.0,5993.0,109.0,-6.0,7.6056886298602056,61.61562499440426,
6825,738.52594,241.22745166740782,41.57748113610818,252.8407806695488,28.0,0.81595,272.0,42.0,157.0,988.0,28.0,236.0,112.0,324.0,34.208333651577504,118,2,54,57,234.0,-57.0,67.0,43.0,146.0,16.0,-88.0,5920.0,95.0,-18.0,7.614453468384517,61.61562499440426,
6826,811.4178,68.49928310661917,32.90700694712346,101.7069379361888,28.0,0.7736,247.0,37.0,138.0,898.0,30.0,211.0,105.0,301.0,28.74396448062498,116,5,55,52,235.0,-44.0,68.0,60.0,161.0,30.0,-74.0,5993.0,109.0,-6.0,7.600794741677547,61.6135416610711,
6827,659.5882,73.14160294439533,40.88048422614821,87.72487632927013,28.0,0.8053,247.0,37.0,138.0,898.0,30.0,211.0,105.0,301.0,33.8779112520379,115,5,57,54,235.0,-44.0,68.0,60.0,161.0,30.0,-74.0,5993.0,109.0,-6.0,7.605176866059993,61.6135416610711,
6828,551.6524,139.0856980488667,28.132886387821763,165.17987180924877,28.0,0.8072,272.0,42.0,157.0,988.0,28.0,236.0,112.0,324.0,23.77813802860849,121,4,56,56,234.0,-57.0,67.0,43.0,146.0,16.0,-88.0,5920.0,95.0,-18.0,7.609558990442368,61.6135416610711,
6829,640.7519,241.5076439867014,46.38094604437002,252.150012494217,28.0,0.81835,272.0,42.0,157.0,988.0,28.0,236.0,112.0,324.0,37.29908041190749,129,3,56,55,234.0,-57.0,67.0,43.0,146.0,16.0,-88.0,5920.0,95.0,-18.0,7.613941114824813,61.6135416610711,
6830,800.0543,243.91144181292827,40.66078642232878,251.6076327844822,28.0,0.8147,290.0,46.0,170.0,1050.0,27.0,253.0,118.0,340.0,33.03745723319106,110,2,52,57,233.0,-64.0,67.0,35.0,137.0,7.0,-96.0,5883.0,86.0,-25.0,7.618323239207257,61.6135416610711,
6831,736.94214,72.64070328162694,42.34515768316615,85.62861626676295,28.0,0.8014,247.0,37.0,138.0,898.0,30.0,211.0,105.0,301.0,34.87072636649933,116,6,55,52,235.0,-44.0,68.0,60.0,161.0,30.0,-74.0,5993.0,109.0,-6.0,7.604665181178864,61.611458327737964,
6832,582.3955,73.19448977467886,34.947795929454294,101.42140879050717,28.0,0.8119,272.0,42.0,157.0,988.0,28.0,236.0,112.0,324.0,30.091124264797255,126,5,57,55,234.0,-57.0,67.0,43.0,146.0,16.0,-88.0,5920.0,95.0,-18.0,7.609047010726966,61.611458327737964,
6833,698.49677,240.92970651976313,52.353076170323185,254.02350547147427,28.0,0.8154,290.0,46.0,170.0,1050.0,27.0,253.0,118.0,340.0,40.851526632847225,125,2,56,56,233.0,-64.0,67.0,35.0,137.0,7.0,-96.0,5883.0,86.0,-25.0,7.617810669823309,61.611458327737964,
6834,841.8924,237.1177846583329,39.42303068744987,250.56562166978645,28.0,0.7865,290.0,46.0,170.0,1050.0,27.0,253.0,118.0,340.0,31.053091836271374,105,2,52,56,233.0,-64.0,67.0,35.0,137.0,7.0,-96.0,5883.0,86.0,-25.0,7.622192499371481,61.611458327737964,
6835,814.18195,65.27232708121585,34.42501443423497,105.72894376672141,28.0,0.7737,247.0,37.0,138.0,898.0,30.0,211.0,105.0,301.0,28.914443186896087,118,8,57,54,235.0,-44.0,68.0,60.0,161.0,30.0,-74.0,5993.0,109.0,-6.0,7.604153575199535,61.609374994404824,
6836,676.3342,61.95008935516922,46.70809824693181,91.89393361753139,28.0,0.7822,272.0,42.0,157.0,988.0,28.0,236.0,112.0,324.0,34.610807619913686,124,18,58,56,234.0,-57.0,67.0,43.0,146.0,16.0,-88.0,5920.0,95.0,-18.0,7.608535109958828,61.609374994404824,
6837,544.4311,114.98904950217842,29.22191910811831,132.90697255820976,28.0,0.7773,272.0,42.0,157.0,988.0,28.0,236.0,112.0,324.0,23.180367519432536,130,6,58,57,234.0,-57.0,67.0,43.0,146.0,16.0,-88.0,5920.0,95.0,-18.0,7.612916644718189,61.609374994404824,
6838,596.86456,252.54284497214857,39.62818022158948,253.94912168150708,28.0,0.8071,290.0,46.0,170.0,1050.0,27.0,253.0,118.0,340.0,34.57283939672196,130,3,54,56,233.0,-64.0,67.0,35.0,137.0,7.0,-96.0,5883.0,86.0,-25.0,7.617298179477552,61.609374994404824,
6839,748.2831,242.94517496281978,40.13545544959939,253.3992429356908,28.0,0.8264,290.0,46.0,170.0,1050.0,27.0,253.0,118.0,340.0,33.11963904445487,104,3,53,55,233.0,-64.0,67.0,35.0,137.0,7.0,-96.0,5883.0,86.0,-25.0,7.6216797142369135,61.609374994404824,
6840,771.73517,56.46548060906161,46.66509809775792,95.42315621761084,28.0,0.77815,266.0,41.0,152.0,964.0,28.0,229.0,110.0,318.0,35.580858634096806,114,8,58,55,235.0,-53.0,67.0,48.0,151.0,20.0,-84.0,5943.0,99.0,-14.0,7.608023288120663,61.60729166107167,
6841,609.80585,58.2396185759239,49.79123745054134,91.13657411872312,28.0,0.7814,246.0,36.0,137.0,897.0,30.0,212.0,105.0,300.0,37.057623348006345,121,8,56,55,236.0,-45.0,68.0,60.0,160.0,29.0,-76.0,6012.0,109.0,31.0,7.612404528136668,61.60729166107167,
6842,547.09265,200.23197505400125,35.31427163562791,211.45992247700966,28.0,0.8053,260.0,40.0,150.0,948.0,28.0,227.0,109.0,312.0,29.142176427423355,122,5,55,59,235.0,-52.0,68.0,50.0,151.0,20.0,-84.0,5961.0,100.0,-14.0,7.616785768152674,61.60729166107167,
6843,675.2389,238.65448180320143,40.155966176621796,242.47607615980957,28.0,0.7892,260.0,40.0,150.0,948.0,28.0,227.0,109.0,312.0,27.50055624266381,110,2,53,56,235.0,-52.0,68.0,50.0,151.0,20.0,-84.0,5961.0,100.0,-14.0,7.62116700816868,61.60729166107167,
6844,781.3961,244.16558923913027,33.97039198504266,245.89760057812327,28.0,0.72185,269.0,42.0,157.0,980.0,28.0,236.0,111.0,320.0,29.001318697444272,98,6,47,53,235.0,-58.0,67.0,44.0,146.0,15.0,-89.0,5966.0,95.0,-19.0,7.6255482481846855,61.60729166107167,
6845,884.0782,242.05750153519128,39.1861238357981,232.97469020750088,28.0,0.7222,269.0,42.0,157.0,980.0,28.0,236.0,111.0,320.0,33.007885606939546,94,3,45,49,235.0,-58.0,67.0,44.0,146.0,15.0,-89.0,5966.0,95.0,-19.0,7.629929488200693,61.60729166107167,
6846,1041.4116,212.81383394045798,44.196177782274226,216.67942273378424,28.0,0.737,286.0,46.0,170.0,1040.0,27.0,252.0,116.0,336.0,31.207112134820417,106,4,48,53,233.0,-65.0,67.0,34.0,137.0,7.0,-96.0,5902.0,86.0,-26.0,7.634310728216699,61.60729166107167,
6847,739.9301,60.65458162564285,51.49824940700386,90.3679431046809,28.0,0.80645,246.0,36.0,137.0,897.0,30.0,212.0,105.0,300.0,35.95686211641468,127,5,57,55,236.0,-45.0,68.0,60.0,160.0,29.0,-76.0,6012.0,109.0,31.0,7.611892490513286,61.60520832773852,
6848,577.101,67.69605133245514,49.018844734083125,101.98750027496887,28.0,0.72915,246.0,36.0,137.0,897.0,30.0,212.0,105.0,300.0,36.549944100368265,138,2,57,56,236.0,-45.0,68.0,60.0,160.0,29.0,-76.0,6012.0,109.0,31.0,7.616273435831379,61.60520832773852,
6849,801.6889,231.11387697722336,46.062268949505494,239.08486274576347,28.0,0.78375,269.0,42.0,157.0,980.0,28.0,236.0,111.0,320.0,35.029241664747964,97,7,47,54,235.0,-58.0,67.0,44.0,146.0,15.0,-89.0,5966.0,95.0,-19.0,7.62941627178566,61.60520832773852,
6850,914.29254,195.7885376831149,58.95786808986137,201.53695523110608,28.0,0.7875,286.0,46.0,170.0,1040.0,27.0,252.0,116.0,336.0,33.80852182549952,108,2,49,57,233.0,-65.0,67.0,34.0,137.0,7.0,-96.0,5902.0,86.0,-26.0,7.633797217103753,61.60520832773852,
6851,683.3301,71.23800707387352,41.50623562212252,85.88951531199604,28.0,0.7888,246.0,36.0,137.0,897.0,30.0,212.0,105.0,300.0,34.80520745300511,135,0,57,54,236.0,-45.0,68.0,60.0,160.0,29.0,-76.0,6012.0,109.0,31.0,7.615761182496372,61.60312499440537,
6852,540.95483,127.96695162411407,36.132832998980945,137.052768834009,28.0,0.7755,260.0,40.0,150.0,948.0,28.0,227.0,109.0,312.0,33.570099373893385,123,6,54,55,235.0,-52.0,68.0,50.0,151.0,20.0,-84.0,5961.0,100.0,-14.0,7.620141833161984,61.60312499440537,
6853,703.90216,233.12472160211158,51.069325026667855,247.4945395429403,28.0,0.8052,269.0,42.0,157.0,980.0,28.0,236.0,111.0,320.0,35.776724912369744,96,3,52,53,235.0,-58.0,67.0,44.0,146.0,15.0,-89.0,5966.0,95.0,-19.0,7.628903134493215,61.60312499440537,
6854,729.7542,81.08153551925234,35.515616071027615,81.86255462352672,28.0,0.786,246.0,36.0,137.0,897.0,30.0,212.0,105.0,300.0,34.17889210749388,133,2,59,52,236.0,-45.0,68.0,60.0,160.0,29.0,-76.0,6012.0,109.0,31.0,7.615249008130363,61.60104166107222,
6855,586.5051,74.85326877999306,31.112389813298385,91.81612114447559,28.0,0.7878,260.0,40.0,150.0,948.0,28.0,227.0,109.0,312.0,31.07582841163152,136,1,56,55,235.0,-52.0,68.0,50.0,151.0,20.0,-84.0,5961.0,100.0,-14.0,7.6196293641889214,61.60104166107222,
6856,516.0429,171.91483890053075,26.23235625750025,189.53413670686933,28.0,0.78455,260.0,40.0,150.0,948.0,28.0,227.0,109.0,312.0,21.359343386154656,121,2,56,56,235.0,-52.0,68.0,50.0,151.0,20.0,-84.0,5961.0,100.0,-14.0,7.62400972024748,61.60104166107222,
6857,587.8289,216.14029558295405,43.62132336717795,221.1998364358157,28.0,0.7925,269.0,42.0,157.0,980.0,28.0,236.0,111.0,320.0,29.12573591967564,103,3,55,59,235.0,-58.0,67.0,44.0,146.0,15.0,-89.0,5966.0,95.0,-19.0,7.62839007630604,61.60104166107222,
6858,609.5265,179.08363972442714,66.81437418417215,179.06161153395195,28.0,0.7522,269.0,42.0,157.0,980.0,28.0,236.0,111.0,320.0,35.373543179053236,105,6,52,55,235.0,-58.0,67.0,44.0,146.0,15.0,-89.0,5966.0,95.0,-19.0,7.632770432364598,61.60104166107222,
6859,637.6871,264.8106793231239,40.612656327870184,253.6405375817631,28.0,0.8136,267.0,41.0,156.0,975.0,28.0,236.0,111.0,319.0,35.48199203437686,115,4,51,55,235.0,-58.0,68.0,4.0,146.0,15.0,-89.0,5969.0,95.0,-19.0,7.641017281697567,61.59895832773908,
6860,874.4522,193.3218807049202,5.034517989500522,180.19331071753194,27.0,0.6657,149.0,31.0,109.0,724.0,30.0,244.0,88.0,252.0,6.427357107606699,140,1,58,56,289.0,-98.0,80.0,-60.0,152.0,-6.0,-137.0,7331.0,91.0,78.0,8.950655669273244,61.59895832773908,
6861,889.4863,296.6298581467123,11.94888846300331,208.15785173827732,27.0,0.69205,149.0,31.0,109.0,724.0,30.0,244.0,88.0,252.0,11.467253612534508,144,3,60,56,289.0,-98.0,80.0,-60.0,152.0,-6.0,-137.0,7331.0,91.0,78.0,8.95503573077016,61.59895832773908,
6862,935.3915,302.76869606799227,17.482052787899175,220.19847735388407,27.0,0.74555,160.0,34.0,118.0,762.0,29.0,254.0,92.0,262.0,15.21293455683815,145,4,55,59,284.0,-100.0,79.0,-66.0,145.0,-11.0,-139.0,7183.0,84.0,72.0,8.959415792267077,61.59895832773908,
6863,1008.5171,282.116300925004,23.159267009929383,245.2079487144419,27.0,0.7734,160.0,34.0,118.0,762.0,29.0,254.0,92.0,262.0,24.54609734923173,149,4,55,57,284.0,-100.0,79.0,-66.0,145.0,-11.0,-139.0,7183.0,84.0,72.0,8.963795853763992,61.59895832773908,
6864,481.906,109.21536973564432,19.641838043691624,151.7995820023404,29.0,0.74165,235.0,35.0,133.0,865.0,30.0,205.0,102.0,291.0,14.59069018361185,109,2,54,57,237.0,-42.0,69.0,63.0,164.0,32.0,-73.0,6050.0,112.0,34.0,7.6273641971782355,61.59687499440594,
6865,653.05524,276.7872527544608,43.8564316625264,255.0,28.0,0.8124,267.0,41.0,156.0,975.0,28.0,236.0,111.0,319.0,41.97024020900138,111,1,50,58,235.0,-58.0,68.0,4.0,146.0,15.0,-89.0,5969.0,95.0,-19.0,7.640503498120272,61.59687499440594,
6866,905.83435,296.46434156887943,11.369967391940907,208.71980805987857,27.0,0.7144,149.0,31.0,109.0,724.0,30.0,244.0,88.0,252.0,10.426364805898427,150,2,61,53,289.0,-98.0,80.0,-60.0,152.0,-6.0,-137.0,7331.0,91.0,78.0,8.954433592321447,61.59687499440594,
6867,954.66785,290.5467821500762,15.052642681752696,224.4528931667187,27.0,0.7809,160.0,34.0,118.0,762.0,29.0,254.0,92.0,262.0,15.189434752499018,144,1,59,58,284.0,-100.0,79.0,-66.0,145.0,-11.0,-139.0,7183.0,84.0,72.0,8.958813359302127,61.59687499440594,
6868,1013.06885,280.9507816490342,14.660026901968932,227.50951404288114,27.0,0.80225,160.0,34.0,118.0,762.0,29.0,254.0,92.0,262.0,15.762293445176358,145,4,56,58,284.0,-100.0,79.0,-66.0,145.0,-11.0,-139.0,7183.0,84.0,72.0,8.963193126282805,61.59687499440594,
6869,1075.5396,262.75761343898915,11.99040779021923,221.29303929251338,27.0,0.7921,179.0,38.0,133.0,829.0,27.0,272.0,98.0,279.0,13.480379854628259,135,2,56,55,278.0,-107.0,77.0,-76.0,133.0,-21.0,-145.0,7007.0,73.0,61.0,8.967572893263483,61.59687499440594,
6870,1141.2948,264.1040887778365,18.307265537283737,239.5377228227418,27.0,0.7523,179.0,38.0,133.0,829.0,27.0,272.0,98.0,279.0,19.903212126035186,135,3,57,55,278.0,-107.0,77.0,-76.0,133.0,-21.0,-145.0,7007.0,73.0,61.0,8.971952660244161,61.59687499440594,
6871,509.91794,278.93349201918005,19.178865389117334,224.75538867626912,28.0,0.8103,267.0,41.0,156.0,975.0,28.0,236.0,111.0,319.0,18.03875494097529,111,14,52,56,235.0,-58.0,68.0,4.0,146.0,15.0,-89.0,5969.0,95.0,-19.0,7.635610321222656,61.59479166107278,
6872,881.1209,269.2901790400184,10.165234500639887,205.36714192701828,27.0,0.6671,141.0,29.0,102.0,694.0,31.0,235.0,85.0,244.0,9.942530437664779,137,1,58,55,292.0,-94.0,81.0,-55.0,158.0,-1.0,-134.0,7384.0,96.0,84.0,8.949452074170566,61.59479166107278,
6873,918.31213,296.18203233007495,10.669846298333416,205.43921634157178,27.0,0.7092,149.0,31.0,109.0,724.0,30.0,244.0,88.0,252.0,9.330538133602866,143,1,58,56,289.0,-98.0,80.0,-60.0,152.0,-6.0,-137.0,7331.0,91.0,78.0,8.9538315466804,61.59479166107278,
6874,965.4856,285.0149402740147,12.73947712290263,220.34797819173482,27.0,0.763,149.0,31.0,109.0,724.0,30.0,244.0,88.0,252.0,13.37740509675357,151,1,58,55,289.0,-98.0,80.0,-60.0,152.0,-6.0,-137.0,7331.0,91.0,78.0,8.958211019190234,61.59479166107278,
6875,1011.8686,272.18551432316633,9.262203712497092,210.83589511944638,27.0,0.8185,160.0,34.0,118.0,762.0,29.0,254.0,92.0,262.0,9.902766782642926,133,5,57,55,284.0,-100.0,79.0,-66.0,145.0,-11.0,-139.0,7183.0,84.0,72.0,8.962590491700068,61.59479166107278,
6876,1063.0292,274.73473708541,12.469677937746997,223.50010889619128,27.0,0.8352,179.0,38.0,133.0,829.0,27.0,272.0,98.0,279.0,14.193488175228177,135,4,56,56,278.0,-107.0,77.0,-76.0,133.0,-21.0,-145.0,7007.0,73.0,61.0,8.966969964209902,61.59479166107278,
6877,1123.1416,265.7082314724127,16.343567711589586,236.5273259270648,27.0,0.8072,179.0,38.0,133.0,829.0,27.0,272.0,98.0,279.0,19.149951349291868,140,3,56,57,278.0,-107.0,77.0,-76.0,133.0,-21.0,-145.0,7007.0,73.0,61.0,8.971349436719738,61.59479166107278,
6878,816.832,67.28593989142759,60.76366768053471,72.06520384033874,28.0,0.6737,234.0,34.0,130.0,858.0,31.0,202.0,102.0,291.0,43.664302423820025,123,2,56,56,238.0,-39.0,69.0,66.0,168.0,35.0,-70.0,6033.0,115.0,37.0,7.621959456179406,61.59270832773964,
6879,478.60278,136.83486061518406,23.802195619037537,148.32158601522607,29.0,0.74965,235.0,35.0,133.0,865.0,30.0,205.0,102.0,291.0,16.464433181876583,125,2,54,60,237.0,-42.0,69.0,63.0,164.0,32.0,-73.0,6050.0,112.0,34.0,7.630717812348156,61.59270832773964,
6880,733.5171,241.44945897868783,46.235713201128874,250.2504212943189,28.0,0.7712,297.0,48.0,179.0,1081.0,26.0,264.0,120.0,346.0,37.14097998376686,109,11,50,59,232.0,-70.0,66.0,29.0,131.0,2.0,-101.0,5878.0,81.0,-30.0,7.643855346601208,61.59270832773964,
6881,888.2615,270.1482699166338,8.360898452949355,192.4741169949683,27.0,0.6929,141.0,29.0,102.0,694.0,31.0,235.0,85.0,244.0,7.740601275759958,128,6,60,53,292.0,-94.0,81.0,-55.0,158.0,-1.0,-134.0,7384.0,96.0,84.0,8.944471237657961,61.59270832773964,
6882,920.00366,271.0708288718141,7.594838523779849,206.81057720508036,27.0,0.7028,149.0,31.0,109.0,724.0,30.0,244.0,88.0,252.0,8.707723826420294,149,2,58,56,289.0,-98.0,80.0,-60.0,152.0,-6.0,-137.0,7331.0,91.0,78.0,8.953229593826709,61.59270832773964,
6883,966.6809,270.2113411708781,10.35192688073152,216.25417241185767,27.0,0.763,149.0,31.0,109.0,724.0,30.0,244.0,88.0,252.0,11.718449620027776,151,4,56,53,289.0,-98.0,80.0,-60.0,152.0,-6.0,-137.0,7331.0,91.0,78.0,8.957608771911083,61.59270832773964,
6884,1005.56506,264.34796558170774,7.201003588963433,202.9574467945253,27.0,0.8027,160.0,34.0,118.0,762.0,29.0,254.0,92.0,262.0,7.491564963125953,135,5,57,55,284.0,-100.0,79.0,-66.0,145.0,-11.0,-139.0,7183.0,84.0,72.0,8.961987949995457,61.59270832773964,
6885,1054.9388,265.97253854771867,13.178535334450228,229.6279130853176,27.0,0.8216,160.0,34.0,118.0,762.0,29.0,254.0,92.0,262.0,16.139787120894184,132,4,57,54,284.0,-100.0,79.0,-66.0,145.0,-11.0,-139.0,7183.0,84.0,72.0,8.966367128079831,61.59270832773964,
6886,1110.4624,271.02118366463685,14.199198405781845,226.30042071458422,27.0,0.8145,179.0,38.0,133.0,829.0,27.0,272.0,98.0,279.0,15.106938533109476,135,2,54,56,278.0,-107.0,77.0,-76.0,133.0,-21.0,-145.0,7007.0,73.0,61.0,8.970746306164205,61.59270832773964,
6887,563.28467,48.59943520157212,52.42951460886002,103.87944249155977,28.0,0.72415,234.0,34.0,131.0,859.0,31.0,204.0,102.0,290.0,34.52062287251659,113,2,56,61,238.0,-41.0,69.0,25.0,166.0,34.0,-72.0,6036.0,114.0,35.0,7.630204855047604,61.5906249944065,
6888,620.99976,225.05787405373664,49.48980836944034,235.30993500250028,28.0,0.7574,264.0,41.0,156.0,970.0,28.0,236.0,110.0,316.0,33.95764954264442,103,9,46,53,236.0,-58.0,68.0,4.0,146.0,15.0,-90.0,5970.0,94.0,-20.0,7.643341506160397,61.5906249944065,
6889,889.74945,222.56861654651325,4.998608867223366,190.72522090432236,27.0,0.673,142.0,29.0,102.0,696.0,31.0,236.0,86.0,245.0,5.645989333570454,126,4,59,54,291.0,-94.0,81.0,-56.0,157.0,-2.0,-134.0,7367.0,95.0,83.0,8.943869966331492,61.5906249944065,
6890,921.337,277.8200091382795,6.787548508862597,203.4986677222316,27.0,0.7062,149.0,31.0,108.0,721.0,30.0,242.0,88.0,251.0,8.017086099804029,138,2,60,53,290.0,-97.0,80.0,-60.0,153.0,-5.0,-137.0,7334.0,91.0,79.0,8.95262773374007,61.5906249944065,
6891,960.4951,272.005581265586,9.581294090750555,214.7005363435424,27.0,0.7486,149.0,31.0,108.0,721.0,30.0,242.0,88.0,251.0,11.165845028866547,141,2,55,59,290.0,-97.0,80.0,-60.0,153.0,-5.0,-137.0,7334.0,91.0,79.0,8.957006617444357,61.5906249944065,
6892,1000.9157,262.4235535484688,7.54372897100208,207.34463449761566,27.0,0.7705,157.0,33.0,115.0,752.0,29.0,252.0,91.0,260.0,9.074395121063334,138,2,55,58,285.0,-101.0,79.0,-66.0,146.0,-11.0,-139.0,7229.0,85.0,73.0,8.961385501148644,61.5906249944065,
6893,1042.1406,268.159488027413,10.981654960288578,219.20721924689823,27.0,0.8106,157.0,33.0,115.0,752.0,29.0,252.0,91.0,260.0,12.495074349980186,130,4,56,54,285.0,-101.0,79.0,-66.0,146.0,-11.0,-139.0,7229.0,85.0,73.0,8.965764384852932,61.5906249944065,
6894,1100.7871,265.0503020631248,14.507556983521113,231.80777246337848,27.0,0.8087,169.0,36.0,126.0,798.0,28.0,264.0,95.0,272.0,16.712443492176355,130,4,55,53,280.0,-104.0,78.0,-71.0,138.0,-16.0,-142.0,7074.0,78.0,66.0,8.97014326855722,61.5906249944065,
6895,550.8882,57.11114730895967,44.03315634797067,107.68190393706645,29.0,0.7912,238.0,35.0,134.0,874.0,30.0,209.0,102.0,292.0,30.533241628151995,105,2,54,60,237.0,-44.0,69.0,60.0,162.0,30.0,-75.0,6046.0,110.0,32.0,7.63407056616343,61.58854166107335,
6896,529.0844,232.9651541399267,30.718112866840304,234.82423398035658,28.0,0.75405,264.0,41.0,156.0,970.0,28.0,236.0,110.0,316.0,22.600794658898568,111,6,50,57,236.0,-58.0,68.0,4.0,146.0,15.0,-90.0,5970.0,94.0,-20.0,7.64282774490249,61.58854166107335,
6897,817.289,86.5573694869302,34.984886878331125,122.43122566133866,28.0,0.7545,217.0,32.0,127.0,828.0,29.0,210.0,96.0,274.0,26.535810489142296,111,17,59,55,242.0,-54.0,70.0,12.0,156.0,22.0,-86.0,6140.0,103.0,24.0,7.752292479141486,61.58854166107335,
6898,885.2437,212.64030492175158,3.502082715532184,191.89146510952335,27.0,0.6311,142.0,29.0,102.0,696.0,31.0,236.0,86.0,245.0,4.201058148724506,130,3,59,54,291.0,-94.0,81.0,-56.0,157.0,-2.0,-134.0,7367.0,95.0,83.0,8.943268787661044,61.58854166107335,
6899,920.50586,264.93974914873775,6.173894220097555,200.91192083707415,27.0,0.7244,149.0,31.0,108.0,721.0,30.0,242.0,88.0,251.0,6.928087940761214,138,0,59,56,290.0,-97.0,80.0,-60.0,153.0,-5.0,-137.0,7334.0,91.0,79.0,8.952025966400175,61.58854166107335,
6900,958.54004,267.86307921302244,8.827953208514645,210.84064906362178,27.0,0.7565,149.0,31.0,108.0,721.0,30.0,242.0,88.0,251.0,10.23162854905682,148,0,56,56,290.0,-97.0,80.0,-60.0,153.0,-5.0,-137.0,7334.0,91.0,79.0,8.95640455576974,61.58854166107335,
6901,990.917,248.80786728441262,8.549204950525244,204.3702135435378,27.0,0.78,157.0,33.0,115.0,752.0,29.0,252.0,91.0,260.0,8.980215454342002,139,0,57,59,285.0,-101.0,79.0,-66.0,146.0,-11.0,-139.0,7229.0,85.0,73.0,8.960783145139306,61.58854166107335,
6902,1033.0958,263.3064958616647,10.414416509407824,217.35188948479117,27.0,0.8124,157.0,33.0,115.0,752.0,29.0,252.0,91.0,260.0,12.118186746911057,136,3,56,56,285.0,-101.0,79.0,-66.0,146.0,-11.0,-139.0,7229.0,85.0,73.0,8.965161734508872,61.58854166107335,
6903,1087.3943,265.3478214332458,13.628359807798569,228.2315857394477,27.0,0.8088,169.0,36.0,126.0,798.0,28.0,264.0,95.0,272.0,15.585878051416815,131,3,55,54,280.0,-104.0,78.0,-71.0,138.0,-16.0,-142.0,7074.0,78.0,66.0,8.969540323878435,61.58854166107335,
6904,530.88794,71.21860932654394,32.76590771059326,100.11896715255604,29.0,0.8043,238.0,35.0,134.0,874.0,30.0,209.0,102.0,292.0,30.11740462200608,122,5,54,59,237.0,-44.0,69.0,60.0,162.0,30.0,-75.0,6046.0,110.0,32.0,7.63793576773004,61.586458327740196,
6905,480.99576,208.6584010533754,16.18904781556005,203.32928270066765,28.0,0.79375,264.0,41.0,156.0,970.0,28.0,236.0,110.0,316.0,13.7215262189561,122,5,52,58,236.0,-58.0,68.0,4.0,146.0,15.0,-90.0,5970.0,94.0,-20.0,7.642314062810168,61.586458327740196,
6906,552.3942,254.36158325110435,24.102615829236832,244.5577880216396,28.0,0.7862,264.0,41.0,156.0,970.0,28.0,236.0,110.0,316.0,23.052578863194082,112,8,49,57,236.0,-58.0,68.0,4.0,146.0,15.0,-90.0,5970.0,94.0,-20.0,7.646692357890365,61.586458327740196,
6907,836.92334,244.01626352459274,47.025046516214026,254.27139815521792,28.0,0.75255,298.0,49.0,182.0,1091.0,26.0,267.0,120.0,348.0,36.37179969014398,115,25,51,54,233.0,-71.0,67.0,27.0,130.0,0.0,-103.0,5878.0,79.0,-32.0,7.6554489480507595,61.586458327740196,
6908,874.5597,207.2440059909845,3.2854769016237477,180.38930070497628,27.0,0.6358,140.0,29.0,100.0,688.0,31.0,233.0,85.0,243.0,2.6073251615766315,126,5,58,55,292.0,-94.0,81.0,-54.0,159.0,0.0,-133.0,7440.0,98.0,85.0,8.933911111466024,61.586458327740196,
6909,917.5456,233.2455435481727,5.8081731528781315,198.75843013718531,27.0,0.7074,149.0,31.0,108.0,721.0,30.0,242.0,88.0,251.0,6.432846128866624,140,1,60,55,290.0,-97.0,80.0,-60.0,153.0,-5.0,-137.0,7334.0,91.0,79.0,8.951424291786743,61.586458327740196,
6910,946.09973,247.04660714790026,8.35409360240851,204.0548286819644,27.0,0.7402,149.0,31.0,108.0,721.0,30.0,242.0,88.0,251.0,8.286463004557138,149,0,58,56,290.0,-97.0,80.0,-60.0,153.0,-5.0,-137.0,7334.0,91.0,79.0,8.955802586866941,61.586458327740196,
6911,979.0084,248.36588371038806,10.201670566110986,211.80607502215491,27.0,0.766,157.0,33.0,115.0,752.0,29.0,252.0,91.0,260.0,11.176653596532653,146,1,57,58,285.0,-101.0,79.0,-66.0,146.0,-11.0,-139.0,7229.0,85.0,73.0,8.960180881947137,61.586458327740196,
6912,1018.40607,255.59542925201274,9.759007514479128,208.01248700339417,27.0,0.79655,157.0,33.0,115.0,752.0,29.0,252.0,91.0,260.0,9.823608261679874,136,3,57,56,285.0,-101.0,79.0,-66.0,146.0,-11.0,-139.0,7229.0,85.0,73.0,8.964559177027335,61.586458327740196,
6913,1069.3313,260.3053594110496,13.369458555948755,225.94153289870405,27.0,0.8137,169.0,36.0,126.0,798.0,28.0,264.0,95.0,272.0,14.88782192236367,134,4,55,55,280.0,-104.0,78.0,-71.0,138.0,-16.0,-142.0,7074.0,78.0,66.0,8.968937472107532,61.586458327740196,
6914,1133.5869,257.3219510751045,15.525192963976886,230.73476810620167,27.0,0.7892,169.0,36.0,126.0,798.0,28.0,264.0,95.0,272.0,16.74388679442911,128,6,54,54,280.0,-104.0,78.0,-71.0,138.0,-16.0,-142.0,7074.0,78.0,66.0,8.973315767187657,61.586458327740196,
6915,571.6375,96.21221862968365,34.5113982594904,82.22229270973104,29.0,0.7799,238.0,35.0,134.0,874.0,30.0,209.0,102.0,292.0,35.17336790615097,118,2,56,59,237.0,-44.0,69.0,60.0,162.0,30.0,-75.0,6046.0,110.0,32.0,7.637422459030009,61.58437499440706,
6916,538.31494,278.45350686567326,17.539766081974392,236.1920219052521,28.0,0.819,264.0,41.0,156.0,970.0,28.0,236.0,110.0,316.0,18.50610527796264,106,6,51,59,236.0,-58.0,68.0,4.0,146.0,15.0,-90.0,5970.0,94.0,-20.0,7.646178460702283,61.58437499440706,
6917,645.527,273.5977518728771,31.247032305250148,253.1083142647528,28.0,0.8279,298.0,49.0,182.0,1091.0,26.0,267.0,120.0,348.0,32.787331923504816,104,7,51,57,233.0,-71.0,67.0,27.0,130.0,0.0,-103.0,5878.0,79.0,-32.0,7.650556461538456,61.58437499440706,
6918,795.788,271.23097250198094,27.441454112978324,246.30513091372578,28.0,0.79125,298.0,49.0,182.0,1091.0,26.0,267.0,120.0,348.0,26.631491017766283,106,4,53,53,233.0,-71.0,67.0,27.0,130.0,0.0,-103.0,5878.0,79.0,-32.0,7.654934462374631,61.58437499440706,
6919,932.1109,251.84771448753804,42.268780310611604,254.39500368541067,28.0,0.75635,303.0,50.0,185.0,1106.0,25.0,271.0,122.0,352.0,38.34121852210101,110,11,53,56,233.0,-73.0,67.0,24.0,128.0,-2.0,-105.0,5870.0,77.0,-34.0,7.659312463210804,61.58437499440706,
6920,882.6615,151.4678595066463,4.472005924528245,179.51808800185398,27.0,0.669,138.0,28.0,99.0,681.0,31.0,231.0,84.0,240.0,5.2760614666637675,139,6,59,56,293.0,-93.0,81.0,-54.0,160.0,1.0,-133.0,7459.0,99.0,87.0,8.933310706534863,61.58437499440706,
6921,897.57745,279.9645166326752,7.0974653100483085,198.7818966962402,27.0,0.6968,142.0,29.0,102.0,696.0,31.0,236.0,86.0,245.0,7.40265545477858,137,1,58,57,291.0,-94.0,81.0,-56.0,157.0,-2.0,-134.0,7367.0,95.0,83.0,8.94206670820714,61.58437499440706,
6922,907.304,184.07346396029686,5.078405946095232,181.03029235489143,27.0,0.69865,142.0,29.0,102.0,696.0,31.0,236.0,86.0,245.0,4.14895081187014,136,0,58,56,291.0,-94.0,81.0,-56.0,157.0,-2.0,-134.0,7367.0,95.0,83.0,8.946444709043314,61.58437499440706,
6923,929.4971,257.78174513384005,7.42744623683038,200.45171735052722,27.0,0.73025,149.0,31.0,108.0,721.0,30.0,242.0,88.0,251.0,7.184860768865425,145,0,59,57,290.0,-97.0,80.0,-60.0,153.0,-5.0,-137.0,7334.0,91.0,79.0,8.95520071071566,61.58437499440706,
6924,964.1389,257.3711089801907,8.772409771545753,208.90285062291622,27.0,0.7551,157.0,33.0,115.0,752.0,29.0,252.0,91.0,260.0,10.136917657894474,150,0,60,57,285.0,-101.0,79.0,-66.0,146.0,-11.0,-139.0,7229.0,85.0,73.0,8.959578711551831,61.58437499440706,
6925,1003.26953,259.90574539757375,11.058933061668245,217.09637304704987,27.0,0.78515,157.0,33.0,115.0,752.0,29.0,252.0,91.0,260.0,12.337812114026093,146,1,56,57,285.0,-101.0,79.0,-66.0,146.0,-11.0,-139.0,7229.0,85.0,73.0,8.963956712388004,61.58437499440706,
6926,1052.1703,246.2208317575028,11.516491862988477,213.8732196679985,27.0,0.8059,169.0,36.0,126.0,798.0,28.0,264.0,95.0,272.0,11.528781987241368,137,4,57,56,280.0,-104.0,78.0,-71.0,138.0,-16.0,-142.0,7074.0,78.0,66.0,8.968334713224177,61.58437499440706,
6927,1109.6235,251.44812250916868,15.04476748421519,225.86008128831918,27.0,0.7935,169.0,36.0,126.0,798.0,28.0,264.0,95.0,272.0,15.558887243023978,144,5,55,54,280.0,-104.0,78.0,-71.0,138.0,-16.0,-142.0,7074.0,78.0,66.0,8.97271271406028,61.58437499440706,
6928,561.0594,93.59550620056112,36.246525444084185,85.60584315503228,28.0,0.78335,227.0,33.0,127.0,838.0,31.0,198.0,100.0,286.0,34.160536835728195,113,6,55,58,240.0,-38.0,69.0,29.0,170.0,37.0,-70.0,6105.0,118.0,39.0,7.636909229415591,61.58229166107391,
6929,524.58966,249.89685843783866,23.13962322245245,242.2594668537673,28.0,0.76905,244.0,37.0,141.0,900.0,29.0,217.0,104.0,298.0,23.514716519168157,115,5,54,60,238.0,-50.0,69.0,14.0,157.0,24.0,-81.0,6028.0,104.0,27.0,7.645664642690486,61.58229166107391,
6930,630.56824,257.7243413065056,28.413646526064316,252.32076552002437,28.0,0.79205,281.0,45.0,169.0,1029.0,27.0,251.0,115.0,332.0,27.810638581711917,111,2,55,59,235.0,-66.0,67.0,-5.0,138.0,7.0,-97.0,5954.0,87.0,-26.0,7.650042349327968,61.58229166107391,
6931,762.6721,251.05705353607135,35.17336454567826,249.36268893159766,28.0,0.79475,281.0,45.0,169.0,1029.0,27.0,251.0,115.0,332.0,33.599239497836486,113,3,54,60,235.0,-66.0,67.0,-5.0,138.0,7.0,-97.0,5954.0,87.0,-26.0,7.6544200559654545,61.58229166107391,
6932,878.52203,269.13121091902025,27.486458990416406,244.2027406665091,28.0,0.7756,303.0,50.0,186.0,1108.0,25.0,273.0,122.0,352.0,23.924013163159408,116,3,53,61,233.0,-74.0,66.0,-16.0,127.0,-3.0,-106.0,5873.0,76.0,-35.0,7.658797762602937,61.58229166107391,
6933,877.66156,271.98123761893964,1.8047206400284952,186.12421596916604,27.0,0.65815,139.0,29.0,100.0,686.0,31.0,232.0,84.0,242.0,2.0883700124828937,139,3,58,56,292.0,-94.0,81.0,-54.0,159.0,0.0,-133.0,7440.0,98.0,85.0,8.928332687470776,61.58229166107391,
6934,885.06006,187.84930200171027,2.665860273578597,180.58080064660734,27.0,0.6682,139.0,29.0,100.0,686.0,31.0,232.0,84.0,242.0,2.8387848001991975,144,1,61,55,292.0,-94.0,81.0,-54.0,159.0,0.0,-133.0,7440.0,98.0,85.0,8.932710394108259,61.58229166107391,
6935,883.34766,176.70964460326468,4.288335267485568,182.01392011735925,27.0,0.68615,139.0,29.0,100.0,688.0,31.0,234.0,85.0,243.0,2.7829279273065106,144,2,61,55,293.0,-94.0,81.0,-54.0,159.0,0.0,-134.0,7432.0,98.0,85.0,8.93708810074567,61.58229166107391,
6936,896.3694,256.92474213405416,6.101986994547382,199.5532957406143,27.0,0.70475,139.0,29.0,100.0,688.0,31.0,234.0,85.0,243.0,8.069197121744597,142,2,58,54,293.0,-94.0,81.0,-54.0,159.0,0.0,-134.0,7432.0,98.0,85.0,8.941465807383153,61.58229166107391,
6937,910.71674,175.812924026036,2.4166709349499604,182.0761057533924,27.0,0.70245,142.0,29.0,102.0,696.0,31.0,236.0,86.0,245.0,1.9782793262477898,138,0,58,55,293.0,-95.0,81.0,-56.0,158.0,-2.0,-135.0,7390.0,96.0,83.0,8.94584351402064,61.58229166107391,
6938,910.9623,205.29910030142395,1.9006236789752307,182.4761471843229,27.0,0.695,144.0,30.0,105.0,707.0,31.0,239.0,87.0,248.0,1.79242611773998,142,0,58,55,291.0,-96.0,80.0,-58.0,155.0,-3.0,-136.0,7384.0,94.0,82.0,8.950221220658122,61.58229166107391,
6939,925.6683,256.76898094118656,5.907019820886662,200.52070863675436,27.0,0.71955,144.0,30.0,105.0,707.0,31.0,239.0,87.0,248.0,7.551717703850314,143,0,58,57,291.0,-96.0,80.0,-58.0,155.0,-3.0,-136.0,7384.0,94.0,82.0,8.954598927295605,61.58229166107391,
6940,951.67444,230.5428529959573,7.501018649429579,196.93925177815757,27.0,0.73555,150.0,31.0,109.0,728.0,30.0,245.0,89.0,254.0,7.2991036855537725,147,0,60,55,289.0,-99.0,80.0,-62.0,151.0,-7.0,-138.0,7333.0,90.0,77.0,8.958976633933089,61.58229166107391,
6941,987.67413,256.1139467609495,11.50104418288472,219.17842814736224,27.0,0.7696,150.0,31.0,109.0,728.0,30.0,245.0,89.0,254.0,12.993054573549017,148,3,58,57,289.0,-99.0,80.0,-62.0,151.0,-7.0,-138.0,7333.0,90.0,77.0,8.963354340570572,61.58229166107391,
6942,1033.6101,243.70961999864383,12.62287204551392,213.04436961690706,27.0,0.8008,159.0,33.0,117.0,761.0,29.0,254.0,92.0,262.0,12.070305652189434,137,3,57,56,284.0,-101.0,79.0,-66.0,145.0,-11.0,-139.0,7207.0,84.0,72.0,8.967732047208054,61.58229166107391,
6943,1082.1782,250.32984003450835,14.297474716959528,220.625820189012,27.0,0.8016,159.0,33.0,117.0,761.0,29.0,254.0,92.0,262.0,13.69632401387709,132,6,55,55,284.0,-101.0,79.0,-66.0,145.0,-11.0,-139.0,7207.0,84.0,72.0,8.972109753845467,61.58229166107391,
6944,1137.9087,246.00429494863636,15.640354588595498,222.48580074212722,27.0,0.7881,169.0,36.0,126.0,799.0,28.0,265.0,96.0,273.0,14.886458746931096,126,5,55,54,280.0,-104.0,78.0,-72.0,138.0,-16.0,-142.0,7110.0,78.0,66.0,8.976487460482952,61.58229166107391,
6945,470.67828,239.72939749037505,28.7603022804719,237.316204686752,28.0,0.7097,244.0,37.0,141.0,900.0,29.0,217.0,104.0,298.0,23.350293312887903,105,18,54,61,238.0,-50.0,69.0,14.0,157.0,24.0,-81.0,6028.0,104.0,27.0,7.645150903837649,61.58020832774076,
6946,576.4574,248.55714703472066,37.48709065452669,251.1634350241449,28.0,0.77385,244.0,37.0,141.0,900.0,29.0,217.0,104.0,298.0,31.43712264142029,113,4,55,61,238.0,-50.0,69.0,14.0,157.0,24.0,-81.0,6028.0,104.0,27.0,7.649528316321767,61.58020832774076,
6947,694.23456,249.48079709199607,39.11507093339276,248.88785018694335,28.0,0.7863,281.0,45.0,169.0,1029.0,27.0,251.0,115.0,332.0,30.788748834072788,120,4,56,57,235.0,-66.0,67.0,-5.0,138.0,7.0,-97.0,5954.0,87.0,-26.0,7.653905728805886,61.58020832774076,
6948,857.99176,260.0717611315203,38.576559105630054,252.11511886605754,28.0,0.7877,281.0,45.0,169.0,1029.0,27.0,251.0,115.0,332.0,34.63775748549305,117,2,53,57,235.0,-66.0,67.0,-5.0,138.0,7.0,-97.0,5954.0,87.0,-26.0,7.658283141290004,61.58020832774076,
6949,875.0157,123.78217120156305,68.5655377231971,77.52052330028448,28.0,0.7376,209.0,30.0,119.0,792.0,30.0,198.0,93.0,266.0,44.65874681611661,128,6,57,52,244.0,-47.0,70.0,21.0,165.0,30.0,-79.0,6196.0,112.0,32.0,7.741453978488101,61.58020832774076,
6950,632.8779,144.49806439337095,84.37299293933957,103.84402406145053,28.0,0.7989,205.0,30.0,118.0,783.0,30.0,197.0,92.0,263.0,44.84938772314277,96,5,61,52,244.0,-46.0,70.0,22.0,166.0,30.0,-78.0,6211.0,113.0,32.0,7.74583139097222,61.58020832774076,
6951,878.5209,295.36322464075704,1.1711512750295843,182.1272853719494,27.0,0.65125,139.0,29.0,100.0,686.0,31.0,232.0,84.0,242.0,0.8965352956207857,141,3,63,55,292.0,-94.0,81.0,-54.0,159.0,0.0,-133.0,7440.0,98.0,85.0,8.927732761681852,61.58020832774076,
6952,891.12115,262.09829236687455,4.574308114628702,191.9317811187763,27.0,0.69005,139.0,29.0,100.0,688.0,31.0,234.0,85.0,243.0,4.557249679705901,142,2,61,54,293.0,-94.0,81.0,-54.0,159.0,0.0,-134.0,7432.0,98.0,85.0,8.936487586650017,61.58020832774076,
6953,900.05615,169.43413688786103,4.413754323160041,181.4559862706364,27.0,0.71625,139.0,29.0,100.0,688.0,31.0,234.0,85.0,243.0,3.888787798611233,138,2,57,55,293.0,-94.0,81.0,-54.0,159.0,0.0,-134.0,7432.0,98.0,85.0,8.940864999134135,61.58020832774076,
6954,904.7813,187.8490687823955,2.524709309795053,184.07448753759502,27.0,0.70255,142.0,29.0,102.0,696.0,31.0,236.0,86.0,245.0,2.1556696761576624,138,0,58,57,293.0,-95.0,81.0,-56.0,158.0,-2.0,-135.0,7390.0,96.0,83.0,8.945242411618255,61.58020832774076,
6955,906.3915,189.7926003647026,3.259617036982807,182.9866098799392,27.0,0.70495,142.0,29.0,102.0,696.0,31.0,236.0,86.0,245.0,2.890963371587919,137,1,59,58,293.0,-95.0,81.0,-56.0,158.0,-2.0,-135.0,7390.0,96.0,83.0,8.949619824102372,61.58020832774076,
6956,922.1043,272.13596720467905,6.356440260148681,202.3494583822503,27.0,0.7051,144.0,30.0,105.0,707.0,31.0,239.0,87.0,248.0,7.6262952580589625,145,0,58,57,291.0,-96.0,80.0,-58.0,155.0,-3.0,-136.0,7384.0,94.0,82.0,8.953997236586488,61.58020832774076,
6957,967.25616,251.4698810386095,9.532098753911928,209.14022663365648,27.0,0.74685,150.0,31.0,109.0,728.0,30.0,245.0,89.0,254.0,9.88335411805599,148,1,57,56,289.0,-99.0,80.0,-62.0,151.0,-7.0,-138.0,7333.0,90.0,77.0,8.962752061554726,61.58020832774076,
6958,1004.9392,247.66707310876637,11.611518361905699,212.00178127135374,27.0,0.7797,159.0,33.0,117.0,761.0,29.0,254.0,92.0,262.0,11.102684024008202,134,3,56,56,284.0,-101.0,79.0,-66.0,145.0,-11.0,-139.0,7207.0,84.0,72.0,8.967129474038842,61.58020832774076,
6959,1053.5789,248.11389178006394,14.497346358499469,221.62677415730917,27.0,0.7931,159.0,33.0,117.0,761.0,29.0,254.0,92.0,262.0,14.280524628099611,131,3,55,54,284.0,-101.0,79.0,-66.0,145.0,-11.0,-139.0,7207.0,84.0,72.0,8.97150688652289,61.58020832774076,
6960,1106.8015,246.55307048578342,14.399847194750786,218.02525624575816,27.0,0.7971,169.0,36.0,126.0,799.0,28.0,265.0,96.0,273.0,13.135854851704552,115,4,55,54,280.0,-104.0,78.0,-72.0,138.0,-16.0,-142.0,7110.0,78.0,66.0,8.975884299007008,61.58020832774076,
6961,489.21722,243.42216788067992,36.969257005800365,248.7610610713747,28.0,0.7807,244.0,37.0,141.0,900.0,29.0,217.0,104.0,298.0,28.68865944629622,110,5,56,60,238.0,-50.0,69.0,14.0,157.0,24.0,-81.0,6028.0,104.0,27.0,7.649014362502534,61.578124994407624,
6962,612.1756,249.03112083922068,34.9488093939397,254.08964989554852,28.0,0.8063,281.0,45.0,169.0,1029.0,27.0,251.0,115.0,332.0,31.497197022614703,120,3,56,57,235.0,-66.0,67.0,-5.0,138.0,7.0,-97.0,5954.0,87.0,-26.0,7.653391480878603,61.578124994407624,
6963,967.9585,263.3949324657816,28.626464182677005,253.8603735802676,28.0,0.77985,303.0,50.0,186.0,1108.0,25.0,273.0,122.0,352.0,28.715162550221372,117,2,52,56,233.0,-74.0,66.0,-16.0,127.0,-3.0,-106.0,5873.0,76.0,-35.0,7.662145717630736,61.578124994407624,
6964,811.66437,104.60111157771857,64.50069774693,61.74627534698647,28.0,0.7547,209.0,30.0,119.0,792.0,30.0,198.0,93.0,266.0,44.82278623131941,118,5,57,51,244.0,-47.0,70.0,21.0,165.0,30.0,-79.0,6196.0,112.0,32.0,7.740933848399797,61.578124994407624,
6965,905.1946,190.58049524716424,2.489431686180521,179.8721431886294,27.0,0.70805,139.0,29.0,100.0,688.0,31.0,234.0,85.0,243.0,3.4211804942783446,138,2,58,56,293.0,-94.0,81.0,-54.0,159.0,0.0,-134.0,7432.0,98.0,85.0,8.940264283439841,61.578124994407624,
6966,901.907,146.60927458150465,2.391325815968488,177.69815133591726,27.0,0.6889,142.0,29.0,102.0,696.0,31.0,236.0,86.0,245.0,3.1864560294974162,141,0,56,59,293.0,-95.0,81.0,-56.0,158.0,-2.0,-135.0,7390.0,96.0,83.0,8.944641401815911,61.578124994407624,
6967,921.9895,276.01311788126765,6.814970856055526,204.86827926874068,27.0,0.71395,144.0,30.0,105.0,707.0,31.0,239.0,87.0,248.0,8.37177408908779,143,0,57,58,291.0,-96.0,80.0,-58.0,155.0,-3.0,-136.0,7384.0,94.0,82.0,8.953395638568043,61.578124994407624,
6968,943.4298,178.41657452301868,6.274793496284825,183.97573541269384,27.0,0.7121,144.0,30.0,105.0,707.0,31.0,239.0,87.0,248.0,5.48929186684646,148,2,58,58,291.0,-96.0,80.0,-58.0,155.0,-3.0,-136.0,7384.0,94.0,82.0,8.95777275694411,61.578124994407624,
6969,956.9974,260.2181225823089,6.9567215922548,201.40764636114926,27.0,0.7265,150.0,31.0,109.0,728.0,30.0,245.0,89.0,254.0,7.815724414412411,145,0,56,60,289.0,-99.0,80.0,-62.0,151.0,-7.0,-138.0,7333.0,90.0,77.0,8.962149875320177,61.578124994407624,
6970,987.12634,243.7424031583637,7.775104641681919,203.71689483803445,27.0,0.7558,150.0,31.0,109.0,728.0,30.0,245.0,89.0,254.0,8.216082379327545,136,2,55,57,289.0,-99.0,80.0,-62.0,151.0,-7.0,-138.0,7333.0,90.0,77.0,8.966526993696242,61.578124994407624,
6971,1025.1029,247.7711984158631,12.611822186355893,215.29973978431545,27.0,0.7719,159.0,33.0,117.0,761.0,29.0,254.0,92.0,262.0,12.26808866923569,130,3,55,54,284.0,-101.0,79.0,-66.0,145.0,-11.0,-139.0,7207.0,84.0,72.0,8.97090411207224,61.578124994407624,
6972,1075.5547,238.53668663380466,16.181789431610863,217.56818099604055,27.0,0.7968,169.0,36.0,126.0,799.0,28.0,265.0,96.0,273.0,14.102974728982467,109,2,55,56,280.0,-104.0,78.0,-72.0,138.0,-16.0,-142.0,7110.0,78.0,66.0,8.975281230448307,61.578124994407624,
6973,771.1557,124.15414800369038,61.035935907173105,83.47186023764874,28.0,0.7931,233.0,34.0,131.0,857.0,30.0,204.0,101.0,289.0,41.71033933511808,122,6,53,50,238.0,-40.0,69.0,26.0,167.0,34.0,-71.0,6068.0,115.0,36.0,7.626616366286412,61.57604166107447,
6974,591.5195,128.06031631624057,65.70204711987004,83.46264759248007,28.0,0.8186,233.0,34.0,131.0,857.0,30.0,204.0,101.0,289.0,44.00303506206218,117,8,59,55,238.0,-40.0,69.0,26.0,167.0,34.0,-71.0,6068.0,115.0,36.0,7.630993190599732,61.57604166107447,
6975,374.65005,173.34310552791706,13.503172304602458,166.89104928657704,28.0,0.7588,244.0,37.0,141.0,900.0,29.0,217.0,104.0,298.0,9.547925238172821,119,3,54,59,238.0,-50.0,69.0,14.0,157.0,24.0,-81.0,6028.0,104.0,27.0,7.644123663539622,61.57604166107447,
6976,438.03302,263.9482682317027,31.171336701942096,244.19047325245253,28.0,0.8057,244.0,37.0,141.0,900.0,29.0,217.0,104.0,298.0,30.627519494141808,113,6,53,59,238.0,-50.0,69.0,14.0,157.0,24.0,-81.0,6028.0,104.0,27.0,7.648500487852942,61.57604166107447,
6977,580.0917,269.5378889479759,25.533944937114292,254.26193056280272,28.0,0.81755,281.0,45.0,169.0,1029.0,27.0,251.0,115.0,332.0,27.65241077420707,113,6,57,60,235.0,-66.0,67.0,-5.0,138.0,7.0,-97.0,5954.0,87.0,-26.0,7.6528773121662645,61.57604166107447,
6978,746.84607,271.5981311363416,45.80926835114325,254.67078055051329,28.0,0.8043,281.0,45.0,169.0,1029.0,27.0,251.0,115.0,332.0,43.16772538201577,116,3,51,59,235.0,-66.0,67.0,-5.0,138.0,7.0,-97.0,5954.0,87.0,-26.0,7.657254136479584,61.57604166107447,
6979,934.47546,259.9801779317419,31.944728347977442,253.6542937612031,28.0,0.7977,303.0,50.0,186.0,1108.0,25.0,273.0,122.0,352.0,32.48456680008239,114,4,53,56,233.0,-74.0,66.0,-16.0,127.0,-3.0,-106.0,5873.0,76.0,-35.0,7.6616309607929045,61.57604166107447,
6980,749.2823,118.37265350303917,78.31582350050165,57.679342191456364,28.0,0.7703,209.0,30.0,119.0,792.0,30.0,198.0,93.0,266.0,52.048084881586504,103,6,60,51,244.0,-47.0,70.0,21.0,165.0,30.0,-79.0,6196.0,112.0,32.0,7.740413798432527,61.57604166107447,
6981,451.41,110.69971152416977,64.94584230884637,56.306917343296575,28.0,0.838,205.0,30.0,118.0,783.0,30.0,197.0,92.0,263.0,48.83154059016308,93,7,61,57,244.0,-46.0,70.0,22.0,166.0,30.0,-78.0,6211.0,113.0,32.0,7.744790622745848,61.57604166107447,
6982,905.8283,201.52218977291233,2.969671020865266,183.00247704416626,27.0,0.7034,139.0,29.0,100.0,688.0,31.0,234.0,85.0,243.0,2.8325483428308225,135,1,60,56,293.0,-94.0,81.0,-54.0,159.0,0.0,-134.0,7432.0,98.0,85.0,8.939663660280022,61.57604166107447,
6983,902.01624,133.20789860678565,2.698315427386417,176.8894090639125,27.0,0.69925,142.0,29.0,102.0,696.0,31.0,236.0,86.0,245.0,2.2900112661835252,137,2,55,57,293.0,-95.0,81.0,-56.0,158.0,-2.0,-135.0,7390.0,96.0,83.0,8.944040484593344,61.57604166107447,
6984,924.46924,213.11316588226975,6.018856113943374,187.336940362154,27.0,0.7351,144.0,30.0,105.0,707.0,31.0,239.0,87.0,248.0,5.938998729936828,143,1,56,57,291.0,-96.0,80.0,-58.0,155.0,-3.0,-136.0,7384.0,94.0,82.0,8.952794133219985,61.57604166107447,
6985,948.5378,232.55718976240203,7.0328764571300635,198.66190646824995,27.0,0.7205,144.0,30.0,105.0,707.0,31.0,239.0,87.0,248.0,7.897632329949581,145,1,57,60,291.0,-96.0,80.0,-58.0,155.0,-3.0,-136.0,7384.0,94.0,82.0,8.957170957533306,61.57604166107447,
6986,958.435,218.30471780830038,5.172332521195679,189.79336224271646,27.0,0.7324,150.0,31.0,109.0,728.0,30.0,245.0,89.0,254.0,5.3148792982780195,141,0,56,59,289.0,-99.0,80.0,-62.0,151.0,-7.0,-138.0,7333.0,90.0,77.0,8.961547781846624,61.57604166107447,
6987,978.4909,236.96171098845394,6.035583912487132,196.5301401818396,27.0,0.731,150.0,31.0,109.0,728.0,30.0,245.0,89.0,254.0,6.060457549560644,138,1,55,56,289.0,-99.0,80.0,-62.0,151.0,-7.0,-138.0,7333.0,90.0,77.0,8.965924606159945,61.57604166107447,
6988,1004.5196,248.65499932621867,9.604571020330244,202.83107730899468,27.0,0.7611,159.0,33.0,117.0,761.0,29.0,254.0,92.0,262.0,8.240552264717065,136,2,56,57,284.0,-101.0,79.0,-66.0,145.0,-11.0,-139.0,7207.0,84.0,72.0,8.970301430473194,61.57604166107447,
6989,1036.7443,228.89092504973797,15.494686948365063,208.93004877652285,27.0,0.7832,159.0,33.0,117.0,761.0,29.0,254.0,92.0,262.0,12.134575022614413,129,2,55,56,284.0,-101.0,79.0,-66.0,145.0,-11.0,-139.0,7207.0,84.0,72.0,8.974678254786514,61.57604166107447,
6990,497.67566,121.92447096925697,59.36058053893757,79.51542472396243,28.0,0.8075,227.0,33.0,127.0,838.0,31.0,198.0,100.0,286.0,41.90275813758737,108,8,59,60,240.0,-36.0,69.0,31.0,172.0,39.0,-68.0,6104.0,120.0,41.0,7.630480571172282,61.57395832774133,
6991,373.20343,225.73937575927778,9.016433433596111,184.55068908999894,28.0,0.767,244.0,37.0,142.0,903.0,29.0,218.0,105.0,299.0,3.792226425874594,119,4,55,60,239.0,-51.0,69.0,13.0,157.0,24.0,-82.0,6089.0,105.0,26.0,7.643610162059817,61.57395832774133,
6992,441.94797,293.0522019359974,38.94435326146998,245.52414638801517,28.0,0.83095,244.0,37.0,142.0,903.0,29.0,218.0,105.0,299.0,32.6946396308103,110,13,50,61,239.0,-51.0,69.0,13.0,157.0,24.0,-82.0,6089.0,105.0,26.0,7.647986692355684,61.57395832774133,
6993,576.69,288.33607433850744,28.118954394197132,249.26578010811545,28.0,0.8261,270.0,42.0,160.0,991.0,27.0,242.0,112.0,322.0,26.236114924538793,108,5,55,61,235.0,-61.0,68.0,0.0,142.0,11.0,-93.0,5946.0,90.0,-22.0,7.652363222651554,61.57395832774133,
6994,407.65884,106.57288651971818,56.3968294497841,58.23921122971054,28.0,0.832,192.0,27.0,109.0,741.0,32.0,184.0,89.0,256.0,45.60876231689807,91,8,64,55,246.0,-36.0,71.0,35.0,178.0,42.0,-68.0,6257.0,124.0,43.0,7.744270358864648,61.57395832774133,
6995,897.74225,212.454930926042,4.984492348824681,190.89606733479994,27.0,0.6544,141.0,29.0,102.0,694.0,31.0,235.0,85.0,244.0,4.566543108729402,136,0,57,56,292.0,-95.0,81.0,-55.0,158.0,-1.0,-134.0,7409.0,96.0,84.0,8.939063129634448,61.57395832774133,
6996,911.3929,212.3513424122762,5.435812324969904,186.2424582833493,27.0,0.7147,141.0,29.0,102.0,694.0,31.0,235.0,85.0,244.0,4.249586548692894,139,0,58,55,292.0,-95.0,81.0,-55.0,158.0,-1.0,-134.0,7409.0,96.0,84.0,8.947816190226186,61.57395832774133,
6997,915.5309,205.39082539075022,7.164074635766663,187.70827068758936,27.0,0.7266,142.0,29.0,102.0,697.0,31.0,237.0,86.0,245.0,5.503359939762761,139,0,58,55,293.0,-95.0,81.0,-56.0,158.0,-2.0,-135.0,7405.0,96.0,83.0,8.952192720522055,61.57395832774133,
6998,932.78406,228.35756595900713,8.194408112094983,195.39689794319307,27.0,0.7205,142.0,29.0,102.0,697.0,31.0,237.0,86.0,245.0,6.678046215515457,139,0,56,60,293.0,-95.0,81.0,-56.0,158.0,-2.0,-135.0,7405.0,96.0,83.0,8.956569250817921,61.57395832774133,
6999,946.9902,220.21466461008293,7.458651517079088,190.34358182739174,27.0,0.7422,143.0,30.0,104.0,705.0,31.0,239.0,87.0,248.0,5.157724430402878,138,0,56,59,293.0,-96.0,81.0,-57.0,157.0,-3.0,-136.0,7380.0,94.0,82.0,8.960945781113791,61.57395832774133,
7000,964.69165,228.92016297611605,8.45178108747299,194.8174406136239,27.0,0.7469,143.0,30.0,104.0,705.0,31.0,239.0,87.0,248.0,6.5398423604835365,142,2,56,56,293.0,-96.0,81.0,-57.0,157.0,-3.0,-136.0,7380.0,94.0,82.0,8.965322311409658,61.57395832774133,
7001,983.62506,223.53252338067585,10.006168606154192,195.066549567097,27.0,0.7558,146.0,30.0,106.0,712.0,30.0,241.0,87.0,249.0,6.857650515464746,139,2,56,59,291.0,-98.0,80.0,-59.0,154.0,-4.0,-137.0,7406.0,93.0,81.0,8.969698841705457,61.57395832774133,
7002,1005.68207,223.69598825215311,12.137759102401903,199.31095271191143,27.0,0.779,146.0,30.0,106.0,712.0,30.0,241.0,87.0,249.0,8.790778495470317,134,1,56,57,291.0,-98.0,80.0,-59.0,154.0,-4.0,-137.0,7406.0,93.0,81.0,8.974075372001325,61.57395832774133,
7003,1030.4982,216.73467432526036,17.192454131641785,201.17954308387772,27.0,0.8061,148.0,31.0,108.0,723.0,30.0,245.0,89.0,253.0,11.198831470853268,129,2,56,57,289.0,-98.0,80.0,-61.0,152.0,-6.0,-137.0,7332.0,91.0,78.0,8.978451902297195,61.57395832774133,
7004,605.51685,142.56163304343687,71.50421107092866,115.99692320841704,29.0,0.80375,227.0,33.0,126.0,836.0,31.0,197.0,100.0,286.0,39.82253963090688,118,14,59,49,240.0,-34.0,70.0,33.0,174.0,41.0,-66.0,6081.0,122.0,42.0,7.621215558051314,61.57187499440818,
7005,402.81616,144.01464908029936,45.41681217672191,125.25610186638743,28.0,0.7698,227.0,33.0,127.0,838.0,31.0,198.0,100.0,286.0,30.004042133845957,125,3,57,57,240.0,-36.0,69.0,31.0,172.0,39.0,-68.0,6104.0,120.0,41.0,7.629968030698715,61.57187499440818,
7006,410.86322,216.262069798147,22.394671515607012,207.12878060112754,29.0,0.7762,229.0,33.0,128.0,844.0,31.0,201.0,100.0,286.0,20.82869309222377,109,2,56,61,240.0,-39.0,70.0,27.0,169.0,36.0,-71.0,6082.0,116.0,37.0,7.634344267022416,61.57187499440818,
7007,511.35117,299.2045093775661,44.85758233226153,254.1233536692204,28.0,0.8371,244.0,37.0,142.0,903.0,29.0,218.0,105.0,299.0,35.709481093755,129,4,54,60,239.0,-51.0,69.0,13.0,157.0,24.0,-82.0,6089.0,105.0,26.0,7.647472975993448,61.57187499440818,
7008,621.9358,301.57790859225196,29.940812725756356,237.53127216283386,28.0,0.8287,270.0,42.0,160.0,991.0,27.0,242.0,112.0,322.0,23.32353054019347,121,5,55,60,235.0,-61.0,68.0,0.0,142.0,11.0,-93.0,5946.0,90.0,-22.0,7.65184921231715,61.57187499440818,
7009,741.9483,102.64065816468657,47.157530242079766,66.4820425276178,28.0,0.7439,191.0,27.0,107.0,734.0,33.0,179.0,90.0,257.0,40.80059109673955,124,4,56,52,245.0,-31.0,71.0,41.0,183.0,47.0,-62.0,6233.0,129.0,48.0,7.73499770246733,61.57187499440818,
7010,564.28595,102.95835931951454,41.95493268488885,75.70874246819147,28.0,0.798,191.0,27.0,107.0,734.0,33.0,179.0,90.0,257.0,37.45752287874227,110,5,61,49,245.0,-31.0,71.0,41.0,183.0,47.0,-62.0,6233.0,129.0,48.0,7.739373938791033,61.57187499440818,
7011,900.5701,235.43513705950852,4.556462856075261,184.9006421602062,27.0,0.6602,141.0,29.0,102.0,694.0,31.0,235.0,85.0,244.0,2.513613652085896,139,1,58,55,292.0,-95.0,81.0,-55.0,158.0,-1.0,-134.0,7409.0,96.0,84.0,8.942838927806585,61.57187499440818,
7012,907.18176,225.27422175425127,9.500779339442113,182.6917962451753,27.0,0.7042,141.0,29.0,102.0,694.0,31.0,235.0,85.0,244.0,5.84254792134557,138,0,58,55,292.0,-95.0,81.0,-55.0,158.0,-1.0,-134.0,7409.0,96.0,84.0,8.947215164130286,61.57187499440818,
7013,919.7171,234.8664679531574,5.4892417693644875,192.30974181208433,27.0,0.7066,142.0,29.0,102.0,697.0,31.0,237.0,86.0,245.0,5.541290640674979,138,0,59,54,293.0,-95.0,81.0,-56.0,158.0,-2.0,-135.0,7405.0,96.0,83.0,8.955967636777688,61.57187499440818,
7014,943.4025,228.80595135113094,7.5482546890077105,193.22225941401928,27.0,0.7262,143.0,30.0,104.0,705.0,31.0,239.0,87.0,248.0,5.950477590647255,136,1,55,59,293.0,-96.0,81.0,-57.0,157.0,-3.0,-136.0,7380.0,94.0,82.0,8.96472010942509,61.57187499440818,
7015,960.1909,223.97571393643983,8.819909732018626,193.58874678477895,27.0,0.7487,146.0,30.0,106.0,712.0,30.0,241.0,87.0,249.0,6.246822862202092,139,1,57,59,291.0,-98.0,80.0,-59.0,154.0,-4.0,-137.0,7406.0,93.0,81.0,8.969096345748719,61.57187499440818,
7016,980.2181,221.7505516064508,9.769441149055996,194.82362094845183,27.0,0.773,146.0,30.0,106.0,712.0,30.0,241.0,87.0,249.0,6.739577734862582,133,2,57,58,291.0,-98.0,80.0,-59.0,154.0,-4.0,-137.0,7406.0,93.0,81.0,8.973472582072421,61.57187499440818,
7017,995.6834,210.33887844754815,11.456634612913653,193.53881090389635,27.0,0.7784,148.0,31.0,108.0,723.0,30.0,245.0,89.0,253.0,7.890128343235909,130,1,56,56,289.0,-98.0,80.0,-61.0,152.0,-6.0,-137.0,7332.0,91.0,78.0,8.977848818396124,61.57187499440818,
7018,415.44336,265.8731493482661,19.53227178510847,236.0817988106641,29.0,0.7936,229.0,33.0,128.0,844.0,31.0,201.0,100.0,286.0,21.603090204268714,116,2,52,59,240.0,-39.0,70.0,27.0,169.0,36.0,-71.0,6082.0,116.0,37.0,7.6338315115585775,61.56979166107504,
7019,440.14764,98.17400098287209,15.727405943351375,144.51096787415065,29.0,0.8318,229.0,33.0,128.0,844.0,31.0,201.0,100.0,286.0,15.182842044169469,124,11,54,60,240.0,-39.0,70.0,27.0,169.0,36.0,-71.0,6082.0,116.0,37.0,7.6382074539553155,61.56979166107504,
7020,533.3997,275.8514721876306,26.37962318195789,248.09539688869359,28.0,0.8418,244.0,37.0,142.0,903.0,29.0,218.0,105.0,299.0,25.150141339437198,131,5,53,61,239.0,-51.0,69.0,13.0,157.0,24.0,-82.0,6089.0,105.0,26.0,7.646959338748933,61.56979166107504,
7021,638.89594,282.0520481237887,21.178122162880005,242.71513761852037,28.0,0.8253,270.0,42.0,160.0,991.0,27.0,242.0,112.0,322.0,23.30963059155247,121,2,54,61,235.0,-61.0,68.0,0.0,142.0,11.0,-93.0,5946.0,90.0,-22.0,7.651335281145744,61.56979166107504,
7022,824.1178,258.96587809563204,26.677708830922725,253.55280524509678,28.0,0.7995,309.0,52.0,190.0,1130.0,25.0,278.0,124.0,358.0,29.021252085650424,116,5,57,58,233.0,-76.0,66.0,22.0,125.0,-5.0,-108.0,5868.0,74.0,-37.0,7.660087165939361,61.56979166107504,
7023,548.79114,106.75626733761489,41.24736929680874,79.43630985770143,28.0,0.7757,191.0,27.0,107.0,734.0,33.0,179.0,90.0,257.0,36.96614947038864,125,7,62,56,245.0,-31.0,71.0,41.0,183.0,47.0,-62.0,6233.0,129.0,48.0,7.738854129081776,61.56979166107504,
7024,951.13324,112.28206439914472,7.197299418504083,159.4545512347793,27.0,0.739,142.0,29.0,102.0,695.0,31.0,235.0,85.0,244.0,8.322197089683064,134,3,59,59,291.0,-95.0,81.0,-56.0,157.0,-2.0,-134.0,7366.0,95.0,83.0,8.907230749027516,61.56979166107504,
7025,923.8593,82.06408987050834,5.688292161171682,160.46756712073412,27.0,0.7132,140.0,29.0,101.0,691.0,31.0,233.0,85.0,243.0,6.6709959442460045,139,0,59,57,291.0,-93.0,81.0,-55.0,158.0,-1.0,-133.0,7373.0,96.0,84.0,8.911606691424323,61.56979166107504,
7026,913.1722,199.59002757236402,3.7599541535032515,180.97249822101145,27.0,0.6906,140.0,29.0,101.0,691.0,31.0,233.0,85.0,243.0,2.749695560850815,145,0,59,56,291.0,-93.0,81.0,-55.0,158.0,-1.0,-133.0,7373.0,96.0,84.0,8.915982633821134,61.56979166107504,
7027,914.594,234.9712242827483,11.454851445952364,190.7036496964074,27.0,0.6219,141.0,29.0,102.0,694.0,31.0,235.0,85.0,244.0,10.503690685615375,137,0,58,56,292.0,-95.0,81.0,-55.0,158.0,-1.0,-134.0,7409.0,96.0,84.0,8.942238288201915,61.56979166107504,
7028,948.33905,225.6681489904168,22.42836196198252,198.02814827719214,27.0,0.7105,141.0,29.0,102.0,694.0,31.0,235.0,85.0,244.0,20.184915222459754,139,0,60,54,292.0,-95.0,81.0,-55.0,158.0,-1.0,-134.0,7409.0,96.0,84.0,8.946614230598724,61.56979166107504,
7029,930.3796,33.49561488925313,15.641321599709276,157.81261142246677,27.0,0.752,142.0,29.0,102.0,697.0,31.0,237.0,86.0,245.0,13.00057620059677,138,0,58,54,293.0,-95.0,81.0,-56.0,158.0,-2.0,-135.0,7405.0,96.0,83.0,8.950990172995532,61.56979166107504,
7030,923.9136,242.07722930614543,8.839573386964272,193.33431388674555,27.0,0.7216,142.0,29.0,102.0,697.0,31.0,237.0,86.0,245.0,8.02230798541799,134,0,55,55,293.0,-95.0,81.0,-56.0,158.0,-2.0,-135.0,7405.0,96.0,83.0,8.95536611539234,61.56979166107504,
7031,942.6402,225.03415459467675,5.447726007938699,189.77082927785705,27.0,0.698,146.0,30.0,106.0,712.0,30.0,241.0,87.0,249.0,4.310730782657635,132,1,59,55,291.0,-98.0,80.0,-59.0,154.0,-4.0,-137.0,7406.0,93.0,81.0,8.968493942582695,61.56979166107504,
7032,958.66815,228.30880354718752,8.168223623807986,195.73609744609584,27.0,0.73115,146.0,30.0,106.0,712.0,30.0,241.0,87.0,249.0,6.646131052191118,132,1,58,58,291.0,-98.0,80.0,-59.0,154.0,-4.0,-137.0,7406.0,93.0,81.0,8.972869884979506,61.56979166107504,
7033,976.42145,223.79660553848876,7.295179796213997,192.49965100087599,27.0,0.75865,148.0,31.0,108.0,723.0,30.0,245.0,89.0,253.0,5.5540084836887464,134,2,56,59,289.0,-98.0,80.0,-61.0,152.0,-6.0,-137.0,7332.0,91.0,78.0,8.977245827376315,61.56979166107504,
7034,530.52264,88.5002432971566,34.425985394303,75.31978544751722,29.0,0.82465,227.0,33.0,126.0,836.0,31.0,197.0,100.0,286.0,36.631046460544496,101,4,59,58,240.0,-34.0,70.0,33.0,174.0,41.0,-66.0,6081.0,122.0,42.0,7.62019188951382,61.56770832774188,
7035,403.4419,280.3460498773166,22.53454295625641,230.87162358953162,28.0,0.8154,227.0,33.0,127.0,838.0,31.0,198.0,100.0,286.0,22.16748911019145,122,1,52,61,240.0,-36.0,69.0,31.0,172.0,39.0,-68.0,6104.0,120.0,41.0,7.633318835059363,61.56770832774188,
7036,459.25638,142.92592882805522,18.688927188434942,153.60366042795152,29.0,0.8289,229.0,33.0,128.0,844.0,31.0,201.0,100.0,286.0,19.770900401608813,122,16,53,63,240.0,-39.0,70.0,27.0,169.0,36.0,-71.0,6082.0,116.0,37.0,7.637694483574474,61.56770832774188,
7037,409.43103,203.1282243612474,30.131152869802523,193.8730805221098,28.0,0.8113,244.0,37.0,142.0,903.0,29.0,218.0,105.0,299.0,31.411392898554983,120,5,54,61,239.0,-51.0,69.0,13.0,157.0,24.0,-82.0,6089.0,105.0,26.0,7.642070132089655,61.56770832774188,
7038,531.6902,273.0167511186828,30.11601784380984,250.5650238960455,28.0,0.8213,244.0,37.0,142.0,903.0,29.0,218.0,105.0,299.0,28.37234148110439,129,2,53,61,239.0,-51.0,69.0,13.0,157.0,24.0,-82.0,6089.0,105.0,26.0,7.646445780604836,61.56770832774188,
7039,643.29877,275.00595679692873,20.99453588606351,245.22494642352837,28.0,0.8242,270.0,42.0,160.0,991.0,27.0,242.0,112.0,322.0,22.714631818389016,121,3,55,62,235.0,-61.0,68.0,0.0,142.0,11.0,-93.0,5946.0,90.0,-22.0,7.650821429120018,61.56770832774188,
7040,914.1363,115.25648263057873,51.788570740853366,84.46316734237956,28.0,0.6696,217.0,32.0,126.0,823.0,30.0,206.0,96.0,274.0,36.85154602065939,132,5,61,52,243.0,-50.0,70.0,16.0,161.0,26.0,-82.0,6177.0,108.0,28.0,7.729583102393137,61.56770832774188,
7041,734.976,109.63053152043089,53.539993932880165,70.71934571276054,28.0,0.74125,191.0,27.0,107.0,734.0,33.0,179.0,90.0,257.0,42.35023997500521,139,7,61,56,245.0,-31.0,71.0,41.0,183.0,47.0,-62.0,6233.0,129.0,48.0,7.73395875090832,61.56770832774188,
7042,973.30963,111.93831084207811,8.949068279727964,155.0198264908882,27.0,0.7455,142.0,29.0,102.0,695.0,31.0,235.0,85.0,244.0,9.170850077136992,128,4,56,58,291.0,-95.0,81.0,-56.0,157.0,-2.0,-134.0,7366.0,95.0,83.0,8.902256904459513,61.56770832774188,
7043,951.8124,117.72697102933725,4.670468873788551,173.447957613981,27.0,0.72995,142.0,29.0,102.0,695.0,31.0,235.0,85.0,244.0,3.2575527084799663,138,3,57,57,291.0,-95.0,81.0,-56.0,157.0,-2.0,-134.0,7366.0,95.0,83.0,8.906632552974695,61.56770832774188,
7044,933.2146,100.74404783751595,7.729376136602591,160.43596381848346,27.0,0.7206,140.0,29.0,101.0,691.0,31.0,233.0,85.0,243.0,8.620669909514243,142,2,56,58,291.0,-93.0,81.0,-55.0,158.0,-1.0,-133.0,7373.0,96.0,84.0,8.911008201489874,61.56770832774188,
7045,930.20013,225.82100933546843,7.409113455701643,191.6622493445723,27.0,0.6101,141.0,29.0,102.0,694.0,31.0,235.0,85.0,244.0,7.936421766145881,143,2,60,55,292.0,-95.0,81.0,-55.0,158.0,-1.0,-134.0,7409.0,96.0,84.0,8.941637741096073,61.56770832774188,
7046,956.72906,217.93278551012227,10.944485322201244,194.08282498906422,27.0,0.7065,141.0,29.0,102.0,694.0,31.0,235.0,85.0,244.0,9.682353748320034,141,0,58,53,292.0,-95.0,81.0,-55.0,158.0,-1.0,-134.0,7409.0,96.0,84.0,8.946013389611256,61.56770832774188,
7047,955.193,131.92044192230253,9.040564243540361,169.35446662766978,27.0,0.7513,142.0,29.0,102.0,697.0,31.0,237.0,86.0,245.0,6.684499500616426,136,0,58,54,293.0,-95.0,81.0,-56.0,158.0,-2.0,-135.0,7405.0,96.0,83.0,8.950389038126437,61.56770832774188,
7048,943.61804,149.21461758057762,6.994410571889598,172.96326780860264,27.0,0.6996,142.0,29.0,102.0,697.0,31.0,237.0,86.0,245.0,5.269844571241803,134,0,56,57,293.0,-95.0,81.0,-56.0,158.0,-2.0,-135.0,7405.0,96.0,83.0,8.954764686641617,61.56770832774188,
7049,960.86505,253.87363949345334,6.600261315899468,196.52415685749287,27.0,0.74095,148.0,31.0,108.0,723.0,30.0,245.0,89.0,253.0,5.7236914997855965,136,2,58,58,289.0,-98.0,80.0,-61.0,152.0,-6.0,-137.0,7332.0,91.0,78.0,8.976642929217453,61.56770832774188,
7050,353.073,208.3033733375314,9.795358008914794,188.61740411972875,29.0,0.77115,226.0,33.0,126.0,835.0,31.0,197.0,100.0,286.0,9.172599818360151,118,6,57,63,240.0,-35.0,70.0,32.0,173.0,40.0,-67.0,6083.0,121.0,41.0,7.628430882828705,61.56562499440874,
7051,423.2499,271.6609400699314,23.57317524108184,243.6322968083563,29.0,0.8018,226.0,33.0,126.0,835.0,31.0,197.0,100.0,286.0,26.233658764148018,130,5,53,62,240.0,-35.0,70.0,32.0,173.0,40.0,-67.0,6083.0,121.0,41.0,7.6328062375075145,61.56562499440874,
7052,452.1172,137.49171261299279,27.400982740319073,134.65833468161733,28.0,0.8395,241.0,36.0,137.0,887.0,30.0,213.0,104.0,296.0,20.670643281292325,121,4,53,66,240.0,-47.0,69.0,18.0,161.0,28.0,-79.0,6090.0,109.0,30.0,7.637181592186252,61.56562499440874,
7053,370.80923,174.0009870513106,31.478702720075194,167.7816583487123,28.0,0.8337,241.0,36.0,137.0,887.0,30.0,213.0,104.0,296.0,29.502188112610803,117,5,52,63,240.0,-47.0,69.0,18.0,161.0,28.0,-79.0,6090.0,109.0,30.0,7.641556946865061,61.56562499440874,
7054,491.1612,264.09926443866686,40.07458109442211,254.89538442512426,28.0,0.8464,257.0,40.0,152.0,950.0,28.0,230.0,109.0,311.0,40.350578011895074,125,4,52,63,239.0,-57.0,68.0,7.0,150.0,17.0,-89.0,6034.0,97.0,20.0,7.645932301543868,61.56562499440874,
7055,647.93207,282.4165962958468,22.426935914585634,242.78554499816482,28.0,0.83195,283.0,45.0,170.0,1038.0,27.0,254.0,116.0,335.0,23.051232537189527,124,3,51,61,235.0,-67.0,67.0,-6.0,137.0,6.0,-98.0,5935.0,85.0,-27.0,7.6503076562226795,61.56562499440874,
7056,1014.24146,161.66994676308857,13.983204035952173,164.06507906591224,27.0,0.73955,149.0,31.0,108.0,721.0,30.0,242.0,88.0,251.0,12.026100630860356,133,4,60,56,288.0,-97.0,80.0,-60.0,152.0,-6.0,-136.0,7311.0,91.0,78.0,8.892908385002022,61.56562499440874,
7057,971.6878,84.54732945069466,8.304211453179514,172.23337498642192,27.0,0.7378,145.0,30.0,105.0,707.0,30.0,238.0,86.0,247.0,5.886872193793985,134,5,57,56,290.0,-96.0,80.0,-57.0,155.0,-3.0,-135.0,7340.0,94.0,81.0,8.901659094359639,61.56562499440874,
7058,963.6918,49.90661237769926,7.564068119365659,172.21202283429986,27.0,0.75215,145.0,30.0,105.0,707.0,30.0,238.0,86.0,247.0,4.99789343929844,138,4,57,58,290.0,-96.0,80.0,-57.0,155.0,-3.0,-135.0,7340.0,94.0,81.0,8.906034449038447,61.56562499440874,
7059,949.0881,119.02336958129172,7.290124710008367,172.12724254426084,27.0,0.7341,143.0,29.0,103.0,700.0,31.0,236.0,86.0,246.0,4.912893303956715,136,2,57,60,291.0,-96.0,80.0,-57.0,156.0,-3.0,-135.0,7374.0,94.0,82.0,8.910409803717256,61.56562499440874,
7060,939.5237,209.6483142058164,5.151152912959291,185.8646690328769,27.0,0.5998,145.0,30.0,105.0,708.0,30.0,239.0,87.0,248.0,4.356173576021862,139,0,61,55,291.0,-97.0,80.0,-58.0,155.0,-4.0,-136.0,7400.0,94.0,81.0,8.941037286468848,61.56562499440874,
7061,950.5861,192.31308775594627,7.765369321015444,183.32927719882815,27.0,0.6917,143.0,30.0,104.0,706.0,31.0,239.0,87.0,248.0,4.961258525153291,142,0,61,56,291.0,-96.0,81.0,-58.0,155.0,-3.0,-136.0,7384.0,94.0,81.0,8.945412641147655,61.56562499440874,
7062,948.23364,124.94004999506329,7.505057720025649,177.44985417795587,27.0,0.6917,143.0,30.0,104.0,706.0,31.0,239.0,87.0,248.0,4.0797215858226075,141,1,60,56,291.0,-96.0,81.0,-58.0,155.0,-3.0,-136.0,7384.0,94.0,81.0,8.949787995826465,61.56562499440874,
7063,940.67584,124.63889512560725,5.4221226656751815,173.91554367922865,27.0,0.6882,141.0,29.0,102.0,696.0,31.0,237.0,86.0,245.0,3.767464674035259,133,2,60,59,293.0,-96.0,81.0,-56.0,158.0,-2.0,-135.0,7415.0,96.0,83.0,8.954163350505272,61.56562499440874,
7064,945.9418,221.1355181025205,6.048366213444662,192.92156396054355,27.0,0.7066,145.0,30.0,105.0,711.0,31.0,242.0,88.0,250.0,5.379396319897046,130,3,59,54,291.0,-98.0,81.0,-59.0,154.0,-5.0,-137.0,7396.0,93.0,80.0,8.976040123899248,61.56562499440874,
7065,910.5577,245.7066110893951,19.682058008769857,225.38360135250656,28.0,0.74345,312.0,51.0,186.0,1127.0,26.0,270.0,126.0,363.0,16.85428072148732,111,26,56,54,231.0,-68.0,66.0,29.0,131.0,3.0,-100.0,5818.0,80.0,-29.0,7.579792988233659,61.56354166107559,
7066,825.0398,124.51585788918476,66.91410268127525,80.51613029733127,28.0,0.7842,228.0,33.0,127.0,842.0,31.0,197.0,101.0,289.0,45.834521584375636,135,9,56,54,239.0,-34.0,69.0,74.0,174.0,42.0,-65.0,6087.0,122.0,43.0,7.610418414447357,61.56354166107559,
7067,498.32452,115.43022888936056,45.37977957665269,92.57389761669658,29.0,0.8358,223.0,32.0,124.0,827.0,32.0,194.0,100.0,286.0,33.903727945804015,114,3,62,61,240.0,-31.0,70.0,36.0,177.0,44.0,-63.0,6102.0,125.0,45.0,7.6191685362227215,61.56354166107559,
7068,357.14755,134.21760538327527,49.410496468864075,112.78301094809713,29.0,0.7561,223.0,32.0,124.0,827.0,32.0,194.0,100.0,286.0,33.88575228412672,114,6,62,62,240.0,-31.0,70.0,36.0,177.0,44.0,-63.0,6102.0,125.0,45.0,7.623543597110403,61.56354166107559,
7069,337.32068,235.24438458350667,21.17622035107877,214.92877199581235,29.0,0.70455,226.0,33.0,126.0,835.0,31.0,197.0,100.0,286.0,17.881931737184566,115,6,55,64,240.0,-35.0,70.0,32.0,173.0,40.0,-67.0,6083.0,121.0,41.0,7.627918657998082,61.56354166107559,
7070,385.94232,219.30939088179855,27.231805701168128,210.46389909306205,29.0,0.7793,226.0,33.0,126.0,835.0,31.0,197.0,100.0,286.0,19.652939349738013,121,5,53,62,240.0,-35.0,70.0,32.0,173.0,40.0,-67.0,6083.0,121.0,41.0,7.632293718885764,61.56354166107559,
7071,383.65152,143.04154035543894,35.36347291887625,134.3883463982233,28.0,0.8384,241.0,36.0,137.0,887.0,30.0,213.0,104.0,296.0,26.635402208954368,122,4,52,60,240.0,-47.0,69.0,18.0,161.0,28.0,-79.0,6090.0,109.0,30.0,7.636668779773375,61.56354166107559,
7072,362.49106,246.08036378905666,33.79707250548912,211.63803027100874,28.0,0.8513,241.0,36.0,137.0,887.0,30.0,213.0,104.0,296.0,31.217770248879397,125,5,49,63,240.0,-47.0,69.0,18.0,161.0,28.0,-79.0,6090.0,109.0,30.0,7.641043840661055,61.56354166107559,
7073,513.878,293.2801450414108,48.23464739473253,246.48171393467692,28.0,0.8391,257.0,40.0,152.0,950.0,28.0,230.0,109.0,311.0,38.19439773512805,128,3,51,63,239.0,-57.0,68.0,7.0,150.0,17.0,-89.0,6034.0,97.0,20.0,7.645418901548736,61.56354166107559,
7074,513.9773,75.53228923625763,50.9078787284392,66.93891672946732,29.0,0.79025,191.0,27.0,106.0,732.0,33.0,178.0,90.0,257.0,42.08792507341,122,5,62,56,246.0,-29.0,72.0,43.0,186.0,50.0,-60.0,6247.0,132.0,50.0,7.737295180189904,61.56354166107559,
7075,1001.5547,81.26201418791466,17.30172020886297,174.34516415561816,27.0,0.75595,145.0,30.0,105.0,707.0,30.0,238.0,86.0,247.0,10.590025895580526,139,5,56,58,290.0,-96.0,80.0,-57.0,155.0,-3.0,-135.0,7340.0,94.0,81.0,8.901061376310947,61.56354166107559,
7076,988.9006,51.27899430964135,13.500670251527145,161.62135835511575,27.0,0.77515,145.0,30.0,105.0,707.0,30.0,238.0,86.0,247.0,9.972592995901717,135,5,55,59,290.0,-96.0,80.0,-57.0,155.0,-3.0,-135.0,7340.0,94.0,81.0,8.905436437198627,61.56354166107559,
7077,966.03955,77.61805571240528,9.61652549404633,172.10241277594253,27.0,0.7442,143.0,29.0,103.0,700.0,31.0,236.0,86.0,246.0,5.935102191813649,136,4,57,59,291.0,-96.0,80.0,-57.0,156.0,-3.0,-135.0,7374.0,94.0,82.0,8.90981149808631,61.56354166107559,
7078,945.0267,275.4304603958504,5.082661985864911,192.02143602668514,27.0,0.6379,145.0,30.0,105.0,708.0,30.0,239.0,87.0,248.0,4.694171025774852,138,0,60,54,291.0,-97.0,80.0,-58.0,155.0,-4.0,-136.0,7400.0,94.0,81.0,8.940436924300009,61.56354166107559,
7079,967.02466,251.36393614289733,7.293357701191549,194.47679213228088,27.0,0.7036,143.0,30.0,104.0,706.0,31.0,239.0,87.0,248.0,6.652321072245516,140,1,61,54,291.0,-96.0,81.0,-58.0,155.0,-3.0,-136.0,7384.0,94.0,81.0,8.944811985187691,61.56354166107559,
7080,974.5151,132.56811380226603,12.106985217032104,174.15249476490874,27.0,0.7443,143.0,30.0,104.0,706.0,31.0,239.0,87.0,248.0,8.748822832558735,139,1,58,53,291.0,-96.0,81.0,-58.0,155.0,-3.0,-136.0,7384.0,94.0,81.0,8.94918704607537,61.56354166107559,
7081,959.3535,93.89941065671366,10.13811483637442,169.89370343963736,27.0,0.72055,141.0,29.0,102.0,696.0,31.0,237.0,86.0,245.0,7.696304838561788,131,3,62,58,293.0,-96.0,81.0,-56.0,158.0,-2.0,-135.0,7415.0,96.0,83.0,8.953562106963052,61.56354166107559,
7082,945.7323,36.747105451860754,9.232509528518394,168.39922359549843,27.0,0.7008,141.0,29.0,102.0,696.0,31.0,237.0,86.0,245.0,6.1638306797314515,130,2,59,57,293.0,-96.0,81.0,-56.0,158.0,-2.0,-135.0,7415.0,96.0,83.0,8.957937167850734,61.56354166107559,
7083,940.336,209.91615919755625,2.9387744322540175,182.78270814347957,27.0,0.7112,145.0,30.0,105.0,711.0,31.0,242.0,88.0,250.0,2.487555992553015,133,2,57,57,291.0,-98.0,81.0,-59.0,154.0,-5.0,-137.0,7396.0,93.0,80.0,8.975437411401389,61.56354166107559,
7084,956.9324,273.0309103052948,7.229590310118015,201.90393141154638,27.0,0.70865,145.0,30.0,105.0,711.0,31.0,242.0,88.0,250.0,7.313379252565249,130,2,58,59,291.0,-98.0,81.0,-59.0,154.0,-5.0,-137.0,7396.0,93.0,80.0,8.979812472289069,61.56354166107559,
7085,868.4783,239.82380674144045,19.711969800611165,221.99494736307201,28.0,0.76535,312.0,51.0,186.0,1127.0,26.0,270.0,126.0,363.0,16.74807417385888,128,27,56,52,231.0,-68.0,66.0,29.0,131.0,3.0,-100.0,5818.0,80.0,-29.0,7.579284073475467,61.56145832774245,
7086,958.31104,252.54705045619252,29.12525274470391,243.85091120449943,28.0,0.7405,318.0,52.0,190.0,1148.0,26.0,276.0,128.0,368.0,26.912713625530827,109,3,52,49,231.0,-71.0,66.0,26.0,128.0,0.0,-103.0,5793.0,77.0,-32.0,7.583658840617256,61.56145832774245,
7087,747.5178,105.64668402840297,53.68681887333401,66.89746676895771,28.0,0.7974,228.0,33.0,127.0,842.0,31.0,197.0,101.0,289.0,42.7649881255427,131,8,54,52,239.0,-34.0,69.0,74.0,174.0,42.0,-65.0,6087.0,122.0,43.0,7.60990744346792,61.56145832774245,
7088,564.42737,116.18806498096376,51.50088280934993,86.64931912807953,28.0,0.7965,228.0,33.0,127.0,842.0,31.0,197.0,101.0,289.0,39.678939943353235,96,5,53,56,239.0,-34.0,69.0,74.0,174.0,42.0,-65.0,6087.0,122.0,43.0,7.614282210609709,61.56145832774245,
7089,411.3522,121.28432095567194,58.919696900227194,86.92590314135532,29.0,0.82945,223.0,32.0,124.0,827.0,32.0,194.0,100.0,286.0,40.438528178722635,105,5,61,62,240.0,-31.0,70.0,36.0,177.0,44.0,-63.0,6102.0,125.0,45.0,7.6186569777515,61.56145832774245,
7090,288.71216,233.30414156670528,25.689076149573125,230.16306780838747,29.0,0.7185,226.0,33.0,126.0,835.0,31.0,197.0,100.0,286.0,21.83214907502191,111,5,54,64,240.0,-35.0,70.0,32.0,173.0,40.0,-67.0,6083.0,121.0,41.0,7.627406512035078,61.56145832774245,
7091,324.23672,157.34189094527412,26.868723986833317,185.49791253606816,29.0,0.7907,226.0,33.0,126.0,835.0,31.0,197.0,100.0,286.0,14.395411933109523,110,7,52,62,240.0,-35.0,70.0,32.0,173.0,40.0,-67.0,6083.0,121.0,41.0,7.631781279176867,61.56145832774245,
7092,395.3055,306.0401672557401,45.59285575608242,246.41037831304132,28.0,0.8605,241.0,36.0,137.0,887.0,30.0,213.0,104.0,296.0,31.6465051419483,129,4,51,58,240.0,-47.0,69.0,18.0,161.0,28.0,-79.0,6090.0,109.0,30.0,7.640530813460373,61.56145832774245,
7093,540.961,284.5042479782865,52.577270763136156,251.7257516051446,28.0,0.8465,257.0,40.0,152.0,950.0,28.0,230.0,109.0,311.0,40.05424997890137,126,3,51,61,239.0,-57.0,68.0,7.0,150.0,17.0,-89.0,6034.0,97.0,20.0,7.644905580602162,61.56145832774245,
7094,607.0506,70.65753391801566,61.54839138815276,61.73191687331823,29.0,0.7848,191.0,27.0,106.0,732.0,33.0,178.0,90.0,257.0,46.44688636177844,117,4,58,57,246.0,-29.0,72.0,43.0,186.0,50.0,-60.0,6247.0,132.0,50.0,7.736775690579595,61.56145832774245,
7095,1046.6125,273.08874569166255,18.262780521088647,193.3990406035028,27.0,0.7662,149.0,31.0,108.0,721.0,30.0,242.0,88.0,251.0,11.098979597067522,139,5,57,56,288.0,-97.0,80.0,-60.0,152.0,-6.0,-136.0,7311.0,91.0,78.0,8.896088983151534,61.56145832774245,
7096,1040.3641,61.33756269382226,14.125002991578793,164.75379565609256,27.0,0.7751,145.0,30.0,105.0,707.0,30.0,238.0,86.0,247.0,8.978184512467822,138,4,57,54,290.0,-96.0,80.0,-57.0,155.0,-3.0,-135.0,7340.0,94.0,81.0,8.900463750293321,61.56145832774245,
7097,1023.4366,56.06556242758372,15.998123600718955,160.85153597835694,27.0,0.7763,145.0,30.0,105.0,707.0,30.0,238.0,86.0,247.0,10.78782964896532,138,3,57,56,290.0,-96.0,80.0,-57.0,155.0,-3.0,-135.0,7340.0,94.0,81.0,8.904838517435111,61.56145832774245,
7098,997.6819,46.95749601226196,15.99521401474931,163.02021713838744,27.0,0.77495,143.0,29.0,103.0,700.0,31.0,236.0,86.0,246.0,11.464738506003531,137,3,57,56,291.0,-96.0,80.0,-57.0,156.0,-3.0,-135.0,7374.0,94.0,82.0,8.9092132845769,61.56145832774245,
7099,972.2032,79.56621281213297,9.101130311500441,160.20385314987004,27.0,0.6946,143.0,29.0,103.0,700.0,31.0,236.0,86.0,246.0,8.08358723095588,137,6,60,55,291.0,-96.0,80.0,-57.0,156.0,-3.0,-135.0,7374.0,94.0,82.0,8.91358805171869,61.56145832774245,
7100,952.81836,290.20041262599767,4.99467103499585,195.42740917288438,27.0,0.6968,145.0,30.0,105.0,708.0,30.0,239.0,87.0,248.0,5.444532379193237,137,0,59,53,291.0,-97.0,80.0,-58.0,155.0,-4.0,-136.0,7400.0,94.0,81.0,8.939836654569355,61.56145832774245,
7101,966.20447,271.10728282347867,3.9249316551857008,189.11253406869295,27.0,0.7151,143.0,30.0,104.0,706.0,31.0,239.0,87.0,248.0,3.401670036877599,146,3,58,54,291.0,-96.0,81.0,-58.0,155.0,-3.0,-136.0,7384.0,94.0,81.0,8.944211421711143,61.56145832774245,
7102,982.72363,196.13610867521115,8.448456443291645,186.36354180933952,27.0,0.7261,143.0,30.0,104.0,706.0,31.0,239.0,87.0,248.0,8.193131601056162,138,1,58,55,291.0,-96.0,81.0,-58.0,155.0,-3.0,-136.0,7384.0,94.0,81.0,8.948586188852932,61.56145832774245,
7103,974.1144,122.65314222146566,5.6294650554412415,171.32947783250216,27.0,0.7301,141.0,29.0,102.0,696.0,31.0,237.0,86.0,245.0,5.6615843440103255,127,3,59,59,293.0,-96.0,81.0,-56.0,158.0,-2.0,-135.0,7415.0,96.0,83.0,8.952960955994723,61.56145832774245,
7104,967.2742,127.17340626964115,6.939886305181089,169.94041649430432,27.0,0.7252,141.0,29.0,102.0,696.0,31.0,237.0,86.0,245.0,6.995717375123317,127,2,61,58,293.0,-96.0,81.0,-56.0,158.0,-2.0,-135.0,7415.0,96.0,83.0,8.957335723136511,61.56145832774245,
7105,944.0798,44.14513658138997,6.451900488342151,167.21044667997643,27.0,0.71435,142.0,30.0,103.0,699.0,31.0,238.0,86.0,246.0,5.362172651804997,135,2,63,54,291.0,-95.0,81.0,-57.0,156.0,-2.0,-135.0,7396.0,95.0,83.0,8.9617104902783,61.56145832774245,
7106,959.6715,118.57277111640676,11.482937596915143,173.5740807501556,27.0,0.7023,144.0,30.0,105.0,709.0,31.0,241.0,87.0,249.0,7.782439341642944,144,3,57,57,291.0,-96.0,81.0,-58.0,155.0,-4.0,-136.0,7385.0,94.0,81.0,8.97046002456181,61.56145832774245,
7107,949.8678,162.34629573507468,7.903720960139098,178.03188209542208,27.0,0.7165,144.0,30.0,105.0,709.0,31.0,241.0,87.0,249.0,5.687613036053007,139,2,58,57,291.0,-96.0,81.0,-58.0,155.0,-4.0,-136.0,7385.0,94.0,81.0,8.974834791703596,61.56145832774245,
7108,967.0121,303.01179163327896,11.044882668963343,207.5928578889767,27.0,0.74685,145.0,30.0,105.0,711.0,31.0,242.0,88.0,250.0,10.589060145529562,140,3,56,59,291.0,-98.0,81.0,-59.0,154.0,-5.0,-137.0,7396.0,93.0,80.0,8.979209558845385,61.56145832774245,
7109,912.8296,254.76119779599594,26.90058832297555,247.62628665209073,28.0,0.75365,312.0,51.0,186.0,1127.0,26.0,270.0,126.0,363.0,25.575896238835874,113,3,50,48,231.0,-68.0,66.0,29.0,131.0,3.0,-100.0,5818.0,80.0,-29.0,7.58314971051129,61.559374994409296,
7110,1028.9927,253.47269835137865,28.582917809766958,252.4164322604375,28.0,0.6871,318.0,52.0,190.0,1148.0,26.0,276.0,128.0,368.0,27.618158952337495,107,3,52,53,231.0,-71.0,66.0,26.0,128.0,0.0,-103.0,5793.0,77.0,-32.0,7.587524183952414,61.559374994409296,
7111,839.2332,128.20828297769074,57.88319701153949,93.14100548809658,28.0,0.7221,255.0,38.0,144.0,928.0,30.0,220.0,108.0,309.0,38.5485338551732,132,4,52,53,236.0,-48.0,68.0,55.0,157.0,25.0,-79.0,6005.0,105.0,-10.0,7.605022077716833,61.559374994409296,
7112,690.93335,128.0622268574363,64.11296119533611,88.3872459181326,28.0,0.789,228.0,33.0,127.0,842.0,31.0,197.0,101.0,289.0,42.39906295107058,114,1,53,55,239.0,-34.0,69.0,74.0,174.0,42.0,-65.0,6087.0,122.0,43.0,7.609396551157954,61.559374994409296,
7113,495.8822,127.62131194870972,70.68608228845267,82.44957720381063,28.0,0.8207,228.0,33.0,127.0,842.0,31.0,197.0,101.0,289.0,46.25943414755074,96,2,55,56,239.0,-34.0,69.0,74.0,174.0,42.0,-65.0,6087.0,122.0,43.0,7.613771024599077,61.559374994409296,
7114,328.74146,124.0762044609001,61.91135234471033,84.88700160003502,29.0,0.85085,223.0,32.0,124.0,827.0,32.0,194.0,100.0,286.0,42.20069980837416,107,8,62,62,240.0,-31.0,70.0,36.0,177.0,44.0,-63.0,6102.0,125.0,45.0,7.618145498040201,61.559374994409296,
7115,197.69368,191.6014137406507,32.914832207520895,163.77111584874237,29.0,0.7984,223.0,32.0,124.0,827.0,32.0,194.0,100.0,286.0,28.91176459850755,110,6,59,64,240.0,-31.0,70.0,36.0,177.0,44.0,-63.0,6102.0,125.0,45.0,7.622519971481322,61.559374994409296,
7116,245.86009,270.7829452803853,25.113688113394876,228.93178743793843,29.0,0.8179,226.0,33.0,126.0,835.0,31.0,197.0,100.0,286.0,19.117492188439236,107,6,51,61,240.0,-35.0,70.0,32.0,173.0,40.0,-67.0,6083.0,121.0,41.0,7.626894444922445,61.559374994409296,
7117,356.68668,198.5881038611209,54.53834265364203,211.3071224355273,29.0,0.8496,226.0,33.0,126.0,835.0,31.0,197.0,100.0,286.0,38.43510728395294,126,7,54,65,240.0,-35.0,70.0,32.0,173.0,40.0,-67.0,6083.0,121.0,41.0,7.631268918363567,61.559374994409296,
7118,404.92844,276.0589524978159,74.25953088067428,224.58729538434395,28.0,0.8736,241.0,36.0,137.0,887.0,30.0,213.0,104.0,296.0,38.58555876406913,128,4,51,62,240.0,-47.0,69.0,18.0,161.0,28.0,-79.0,6090.0,109.0,30.0,7.635643391804618,61.559374994409296,
7119,517.8477,324.8475383410511,91.9299060922305,245.29431234423612,28.0,0.8421,241.0,36.0,137.0,887.0,30.0,213.0,104.0,296.0,47.27519610867949,124,6,52,62,240.0,-47.0,69.0,18.0,161.0,28.0,-79.0,6090.0,109.0,30.0,7.640017865245741,61.559374994409296,
7120,848.49255,280.5447017839317,43.65271734165175,226.25792329261182,28.0,0.79495,283.0,45.0,170.0,1038.0,27.0,254.0,116.0,335.0,27.76301196713437,125,3,52,57,235.0,-67.0,67.0,-6.0,137.0,6.0,-98.0,5935.0,85.0,-27.0,7.6531412855691086,61.559374994409296,
7121,1095.4218,139.415022582681,30.423535526695638,173.61297251397943,27.0,0.7538,149.0,31.0,108.0,721.0,30.0,242.0,88.0,251.0,20.574973257675566,137,3,59,58,288.0,-97.0,80.0,-60.0,152.0,-6.0,-136.0,7311.0,91.0,78.0,8.895491742845522,61.559374994409296,
7122,1072.4448,46.74615915743353,19.199113812221796,168.23799193612126,27.0,0.7691,149.0,31.0,108.0,721.0,30.0,242.0,88.0,251.0,11.517295981043578,138,3,58,57,288.0,-97.0,80.0,-60.0,152.0,-6.0,-136.0,7311.0,91.0,78.0,8.899866216286645,61.559374994409296,
7123,1058.3365,65.54284316657355,13.812089058633696,167.02486903081174,27.0,0.7447,145.0,30.0,105.0,707.0,30.0,238.0,86.0,247.0,8.020796763983126,142,3,58,55,290.0,-96.0,80.0,-57.0,155.0,-3.0,-135.0,7340.0,94.0,81.0,8.904240689727764,61.559374994409296,
7124,988.825,82.61974684740673,10.776089426234735,142.5450088613863,27.0,0.77805,143.0,29.0,103.0,700.0,31.0,236.0,86.0,246.0,12.396191663786151,137,4,61,54,291.0,-96.0,80.0,-57.0,156.0,-3.0,-135.0,7374.0,94.0,82.0,8.912989636610012,61.559374994409296,
7125,965.1099,190.00744760718717,3.816600665706467,185.36926486575325,27.0,0.729,143.0,30.0,104.0,706.0,31.0,239.0,87.0,248.0,3.935564884677984,137,3,60,58,291.0,-96.0,81.0,-58.0,155.0,-3.0,-136.0,7384.0,94.0,81.0,8.943610950697797,61.559374994409296,
7126,968.46454,222.2837445848418,4.570088505155403,186.09534524950192,27.0,0.7261,143.0,30.0,104.0,706.0,31.0,239.0,87.0,248.0,2.758225053015075,137,1,58,55,291.0,-96.0,81.0,-58.0,155.0,-3.0,-136.0,7384.0,94.0,81.0,8.947985424138919,61.559374994409296,
7127,971.1367,117.27076471815954,4.250804502296602,175.5377581897542,27.0,0.7204,141.0,29.0,102.0,696.0,31.0,237.0,86.0,245.0,4.657893462674768,130,2,57,58,293.0,-96.0,81.0,-56.0,158.0,-2.0,-135.0,7415.0,96.0,83.0,8.952359897580042,61.559374994409296,
7128,963.3976,142.64830233215932,3.9004721400766216,176.0045393626828,27.0,0.7049,141.0,29.0,102.0,696.0,31.0,237.0,86.0,245.0,2.7742282057260113,124,1,59,59,293.0,-96.0,81.0,-56.0,158.0,-2.0,-135.0,7415.0,96.0,83.0,8.956734371021163,61.559374994409296,
7129,958.47534,102.98399120827557,5.295998565421536,176.02493783971016,27.0,0.6998,142.0,30.0,103.0,699.0,31.0,238.0,86.0,246.0,3.9728368815383743,126,0,61,59,291.0,-95.0,81.0,-57.0,156.0,-2.0,-135.0,7396.0,95.0,83.0,8.961108844462284,61.559374994409296,
7130,959.8165,246.66138567191854,6.895931804364688,191.64815952012398,27.0,0.70655,142.0,30.0,103.0,699.0,31.0,238.0,86.0,246.0,5.600336909491811,138,0,61,57,291.0,-95.0,81.0,-57.0,156.0,-2.0,-135.0,7396.0,95.0,83.0,8.965483317903336,61.559374994409296,
7131,975.9665,193.81155825334642,5.863553208653124,186.02774621492478,27.0,0.7049,144.0,30.0,105.0,709.0,31.0,241.0,87.0,249.0,6.173543375175599,143,1,57,61,291.0,-96.0,81.0,-58.0,155.0,-4.0,-136.0,7385.0,94.0,81.0,8.969857791344461,61.559374994409296,
7132,970.75684,75.96529945310903,8.025199697119751,174.68504955762376,27.0,0.7347,144.0,30.0,105.0,709.0,31.0,241.0,87.0,249.0,5.236812094788812,144,2,58,61,291.0,-96.0,81.0,-58.0,155.0,-4.0,-136.0,7385.0,94.0,81.0,8.974232264785583,61.559374994409296,
7133,982.0529,305.9854492373902,10.090734176640844,202.93875101845433,27.0,0.76265,145.0,30.0,105.0,711.0,31.0,242.0,88.0,250.0,9.109800601624073,143,2,57,61,291.0,-98.0,81.0,-59.0,154.0,-5.0,-137.0,7396.0,93.0,80.0,8.978606738226706,61.559374994409296,
7134,966.8938,244.6516794112145,34.738473764385496,253.40981702706245,28.0,0.76735,298.0,48.0,176.0,1080.0,26.0,258.0,121.0,350.0,30.497531260368877,112,3,52,51,233.0,-64.0,66.0,35.0,137.0,7.0,-96.0,5886.0,86.0,-25.0,7.5870148385719896,61.55729166107616,
7135,746.5932,130.29905065644277,50.69586345642775,101.24540270822837,29.0,0.7711,228.0,33.0,125.0,839.0,32.0,194.0,102.0,291.0,35.36987774738189,126,2,58,56,240.0,-30.0,70.0,77.0,178.0,45.0,-62.0,6102.0,126.0,46.0,7.604511557714601,61.55729166107616,
7136,613.7102,116.6355112358101,55.16781760523136,76.78552011766881,29.0,0.8142,219.0,32.0,120.0,814.0,33.0,188.0,100.0,286.0,41.27563791320667,110,7,58,55,240.0,-23.0,70.0,86.0,186.0,53.0,-54.0,6125.0,134.0,54.0,7.608885737500272,61.55729166107616,
7137,388.9831,113.32365943706098,59.47810714836696,64.18890392056275,29.0,0.82765,219.0,32.0,120.0,814.0,33.0,188.0,100.0,286.0,45.70761065324063,94,6,56,58,240.0,-23.0,70.0,86.0,186.0,53.0,-54.0,6125.0,134.0,54.0,7.6132599172859425,61.55729166107616,
7138,175.63876,236.36758875608288,38.86969837373081,205.81208025225024,29.0,0.82815,228.0,33.0,127.0,843.0,31.0,198.0,101.0,289.0,29.9070643708464,91,7,53,61,240.0,-35.0,70.0,72.0,173.0,40.0,-67.0,6103.0,121.0,41.0,7.6220082768572865,61.55729166107616,
7139,300.03943,313.9664060995187,59.770638873657276,247.74136980925277,28.0,0.8658,258.0,39.0,150.0,948.0,28.0,229.0,109.0,312.0,37.76418206776138,104,6,53,62,237.0,-54.0,68.0,9.0,152.0,20.0,-85.0,5996.0,99.0,-15.0,7.626382456642957,61.55729166107616,
7140,447.22232,305.62100614339045,61.731507930610235,254.30174433373352,28.0,0.86705,258.0,39.0,150.0,948.0,28.0,229.0,109.0,312.0,41.44357545005203,124,5,54,65,237.0,-54.0,68.0,9.0,152.0,20.0,-85.0,5996.0,99.0,-15.0,7.630756636428628,61.55729166107616,
7141,737.5017,318.2159373376143,86.95120956178768,236.7642841678632,28.0,0.8172,282.0,45.0,169.0,1033.0,27.0,251.0,116.0,334.0,42.96597709229323,120,4,50,61,235.0,-64.0,67.0,-3.0,139.0,8.0,-96.0,5925.0,87.0,-25.0,7.639504995999898,61.55729166107616,
7142,830.7108,328.18055407595364,54.26671143203811,226.800603721613,28.0,0.7965,292.0,47.0,176.0,1066.0,26.0,261.0,118.0,342.0,30.138964488126057,124,2,51,61,234.0,-68.0,67.0,-9.0,134.0,3.0,-100.0,5905.0,82.0,-29.0,7.643879175785569,61.55729166107616,
7143,793.1249,113.04311024991634,59.8326002290509,66.42293150840958,29.0,0.7751,191.0,27.0,107.0,736.0,33.0,181.0,90.0,257.0,46.67651811075923,120,5,59,55,246.0,-31.0,72.0,40.0,183.0,47.0,-63.0,6238.0,129.0,48.0,7.735736951284519,61.55729166107616,
7144,1053.3217,75.46886309833768,11.54173581085472,146.10287096920212,27.0,0.776,150.0,31.0,109.0,726.0,30.0,244.0,88.0,252.0,11.461687059486932,139,3,58,55,288.0,-98.0,80.0,-61.0,151.0,-6.0,-137.0,7286.0,90.0,78.0,8.908017133842147,61.55729166107616,
7145,1005.0559,66.98049417191362,13.604575996663593,142.7135779624743,27.0,0.7846,142.0,29.0,102.0,696.0,31.0,235.0,85.0,244.0,13.548886818002378,140,4,59,55,290.0,-95.0,81.0,-56.0,156.0,-2.0,-134.0,7358.0,95.0,82.0,8.91239131362782,61.55729166107616,
7146,955.80273,62.42666533736827,10.386550115272318,152.3529132389108,27.0,0.752,142.0,29.0,102.0,697.0,31.0,236.0,86.0,245.0,9.741712369745116,139,2,56,57,291.0,-95.0,81.0,-56.0,156.0,-2.0,-135.0,7371.0,95.0,82.0,8.916765493413491,61.55729166107616,
7147,956.0888,201.7900360963943,7.759521202670318,192.2955337901763,27.0,0.70935,142.0,29.0,102.0,699.0,31.0,238.0,86.0,246.0,8.230604387395397,139,0,61,56,291.0,-96.0,81.0,-57.0,156.0,-2.0,-135.0,7409.0,95.0,83.0,8.943010572127447,61.55729166107616,
7148,957.45264,161.8727977454335,7.357499519583914,176.2789156076089,27.0,0.74725,142.0,29.0,102.0,699.0,31.0,238.0,86.0,246.0,5.835393869599848,136,0,58,56,291.0,-96.0,81.0,-57.0,156.0,-2.0,-135.0,7409.0,95.0,83.0,8.947384751913118,61.55729166107616,
7149,960.5886,188.6175591042123,9.156118463489605,187.50698248689952,27.0,0.7271,143.0,30.0,104.0,706.0,31.0,239.0,87.0,248.0,6.6462624717735315,139,0,59,56,291.0,-97.0,81.0,-58.0,155.0,-4.0,-136.0,7401.0,94.0,82.0,8.951758931698787,61.55729166107616,
7150,963.0165,121.20419375682367,6.750317128115572,175.7630643443665,27.0,0.7247,143.0,30.0,104.0,706.0,31.0,239.0,87.0,248.0,6.385940903342969,139,0,58,57,291.0,-97.0,81.0,-58.0,155.0,-4.0,-136.0,7401.0,94.0,82.0,8.956133111484458,61.55729166107616,
7151,967.064,207.62442383978396,3.6306318891261515,187.5680392531355,27.0,0.7028,145.0,30.0,105.0,710.0,30.0,241.0,87.0,249.0,3.195850447957109,139,1,60,58,291.0,-98.0,81.0,-59.0,154.0,-4.0,-137.0,7378.0,93.0,80.0,8.96488147105573,61.55729166107616,
7152,970.3723,172.96185101174407,3.4694771257846067,184.8423495165631,28.0,0.70005,148.0,31.0,108.0,722.0,30.0,244.0,88.0,252.0,2.5367418823602303,142,1,58,57,289.0,-98.0,81.0,-60.0,152.0,-6.0,-137.0,7345.0,91.0,78.0,8.9692556508414,61.55729166107616,
7153,979.6177,194.18915985485762,3.3733427694732216,186.21817748544527,28.0,0.70575,148.0,31.0,108.0,722.0,30.0,244.0,88.0,252.0,2.9255467873358274,146,2,57,62,289.0,-98.0,81.0,-60.0,152.0,-6.0,-137.0,7345.0,91.0,78.0,8.973629830627072,61.55729166107616,
7154,994.123,281.29018402740354,7.607491325569213,201.40121438809564,27.0,0.7512,152.0,32.0,112.0,739.0,30.0,250.0,90.0,257.0,7.912114861272862,143,2,58,59,288.0,-100.0,80.0,-64.0,149.0,-9.0,-139.0,7311.0,88.0,75.0,8.978004010412743,61.55729166107616,
7155,1000.86505,227.25597846858173,34.04943853096645,238.13134834894063,28.0,0.6943,298.0,48.0,176.0,1080.0,26.0,258.0,121.0,350.0,27.098983297635108,113,2,51,51,233.0,-64.0,66.0,35.0,137.0,7.0,-96.0,5886.0,86.0,-25.0,7.590879457776048,61.555208327743,
7156,909.3119,101.64288467258532,54.70849790038839,55.63410289103963,28.0,0.7172,261.0,39.0,149.0,951.0,29.0,226.0,110.0,315.0,45.84504144717376,104,2,51,54,236.0,-50.0,68.0,53.0,154.0,23.0,-82.0,5997.0,103.0,-12.0,7.599627230126827,61.555208327743,
7157,699.67334,110.00379084936485,48.002819623069136,85.22721587440283,29.0,0.812,228.0,33.0,125.0,839.0,32.0,194.0,102.0,291.0,35.502763606240535,118,3,55,57,240.0,-30.0,70.0,77.0,178.0,45.0,-62.0,6102.0,126.0,46.0,7.604001116302252,61.555208327743,
7158,535.6356,131.1769736627557,71.89531466906034,90.82745563220651,29.0,0.8237,219.0,32.0,120.0,814.0,33.0,188.0,100.0,286.0,44.057601781382516,114,4,56,57,240.0,-23.0,70.0,86.0,186.0,53.0,-54.0,6125.0,134.0,54.0,7.608375002477677,61.555208327743,
7159,316.13843,122.93707673087096,62.51964429969317,79.72197453537021,29.0,0.7982,219.0,32.0,120.0,814.0,33.0,188.0,100.0,286.0,46.37413655765514,94,6,59,59,240.0,-23.0,70.0,86.0,186.0,53.0,-54.0,6125.0,134.0,54.0,7.612748888653102,61.555208327743,
7160,423.0891,292.0842835624614,51.94491563078609,246.28570264550865,28.0,0.8483,258.0,39.0,150.0,948.0,28.0,229.0,109.0,312.0,34.90058921585617,106,5,54,64,237.0,-54.0,68.0,9.0,152.0,20.0,-85.0,5996.0,99.0,-15.0,7.625870547179378,61.555208327743,
7161,539.61804,290.6158337345697,47.96013493015514,251.14473023962893,28.0,0.842,258.0,39.0,150.0,948.0,28.0,229.0,109.0,312.0,32.76009636062771,112,3,55,65,237.0,-54.0,68.0,9.0,152.0,20.0,-85.0,5996.0,99.0,-15.0,7.630244433354803,61.555208327743,
7162,709.5153,273.4461932102402,50.06450418706976,252.71441167037372,28.0,0.8375,282.0,45.0,169.0,1033.0,27.0,251.0,116.0,334.0,39.24501898835044,122,4,55,62,235.0,-64.0,67.0,-3.0,139.0,8.0,-96.0,5925.0,87.0,-25.0,7.634618319530157,61.555208327743,
7163,832.2861,304.38038572216504,29.93023709226592,227.93003979248704,28.0,0.8238,282.0,45.0,169.0,1033.0,27.0,251.0,116.0,334.0,20.069150954585506,125,3,54,61,235.0,-64.0,67.0,-3.0,139.0,8.0,-96.0,5925.0,87.0,-25.0,7.638992205705583,61.555208327743,
7164,900.294,306.1225518830468,27.565844561089964,233.78904950276396,28.0,0.8026,292.0,47.0,176.0,1066.0,26.0,261.0,118.0,342.0,21.946275629252707,126,5,53,60,234.0,-68.0,67.0,-9.0,134.0,3.0,-100.0,5905.0,82.0,-29.0,7.643366091881007,61.555208327743,
7165,698.179,132.66947032564124,56.55190154300636,103.67115668968418,29.0,0.773,191.0,27.0,107.0,736.0,33.0,181.0,90.0,257.0,35.65064336941841,115,6,60,56,246.0,-31.0,72.0,40.0,183.0,47.0,-63.0,6238.0,129.0,48.0,7.735217701564795,61.555208327743,
7166,983.83673,68.14551975733994,17.035086404268128,130.8148850364952,27.0,0.7385,142.0,29.0,102.0,696.0,31.0,235.0,85.0,244.0,17.32795767665918,131,5,59,56,290.0,-95.0,81.0,-56.0,156.0,-2.0,-134.0,7358.0,95.0,82.0,8.916166968927401,61.555208327743,
7167,960.9796,216.499952739567,4.171255456835988,186.47558128469444,27.0,0.7162,145.0,30.0,105.0,710.0,30.0,241.0,87.0,249.0,3.18943675104271,138,1,61,55,291.0,-98.0,81.0,-59.0,154.0,-4.0,-137.0,7378.0,93.0,80.0,8.964279716856936,61.555208327743,
7168,969.8651,228.48748482446948,4.234923429855313,190.93933455784997,28.0,0.72955,148.0,31.0,108.0,722.0,30.0,244.0,88.0,252.0,4.732171510007903,142,0,56,56,289.0,-98.0,81.0,-60.0,152.0,-6.0,-137.0,7345.0,91.0,78.0,8.968653603032362,61.555208327743,
7169,982.04376,251.6977697950698,4.359144174279677,187.5218515664101,28.0,0.73265,148.0,31.0,108.0,722.0,30.0,244.0,88.0,252.0,3.8680281729968122,143,2,56,58,289.0,-98.0,81.0,-60.0,152.0,-6.0,-137.0,7345.0,91.0,78.0,8.973027489207787,61.555208327743,
7170,1001.0838,288.8925159800222,6.292720648164379,199.68094007888067,27.0,0.7531,152.0,32.0,112.0,739.0,30.0,250.0,90.0,257.0,7.671113518281444,137,1,57,57,288.0,-100.0,80.0,-64.0,149.0,-9.0,-139.0,7311.0,88.0,75.0,8.977401375383211,61.555208327743,
7171,938.5271,255.6845754106675,21.04333618945631,232.27393652336366,28.0,0.75245,298.0,48.0,176.0,1080.0,26.0,258.0,121.0,350.0,18.68919635090836,117,2,51,53,233.0,-64.0,66.0,35.0,137.0,7.0,-96.0,5886.0,86.0,-25.0,7.590369975631562,61.55312499440986,
7172,634.0511,102.1472457164807,58.688535909924845,67.00003911088969,29.0,0.7981,228.0,33.0,125.0,839.0,32.0,194.0,102.0,291.0,43.40026055546049,101,4,57,58,240.0,-30.0,70.0,77.0,178.0,45.0,-62.0,6102.0,126.0,46.0,7.603490753462616,61.55312499440986,
7173,451.63467,96.01685183025157,47.24820092592292,76.869146612946,29.0,0.8333,228.0,33.0,125.0,839.0,32.0,194.0,102.0,291.0,37.01484614059705,104,4,59,58,240.0,-30.0,70.0,77.0,178.0,45.0,-62.0,6102.0,126.0,46.0,7.607864346072991,61.55312499440986,
7174,168.01418,98.28275553613604,24.531356306398,119.54972810134562,29.0,0.8106,219.0,32.0,120.0,814.0,33.0,188.0,100.0,286.0,26.0827516056957,119,7,58,63,240.0,-23.0,70.0,86.0,186.0,53.0,-54.0,6125.0,134.0,54.0,7.616611531293743,61.55312499440986,
7175,245.36497,274.7536799038447,48.86395342306568,251.91843357911992,29.0,0.80035,228.0,33.0,127.0,843.0,31.0,198.0,101.0,289.0,44.79668321612687,116,7,54,66,240.0,-35.0,70.0,72.0,173.0,40.0,-67.0,6103.0,121.0,41.0,7.620985123904116,61.55312499440986,
7176,360.08478,187.28760931881192,64.9141471506496,189.10054720021384,28.0,0.8398,258.0,39.0,150.0,948.0,28.0,229.0,109.0,312.0,34.14158563020836,122,4,56,61,237.0,-54.0,68.0,9.0,152.0,20.0,-85.0,5996.0,99.0,-15.0,7.625358716514492,61.55312499440986,
7177,427.96002,210.68111199771946,85.8534978358484,242.22471879425396,28.0,0.837,258.0,39.0,150.0,948.0,28.0,229.0,109.0,312.0,48.596307713213996,119,5,57,64,237.0,-54.0,68.0,9.0,152.0,20.0,-85.0,5996.0,99.0,-15.0,7.629732309124867,61.55312499440986,
7178,592.48145,230.31488237950927,89.49791090844865,253.94107969035508,28.0,0.802,282.0,45.0,169.0,1033.0,27.0,251.0,116.0,334.0,51.64188124883894,114,5,58,63,235.0,-64.0,67.0,-3.0,139.0,8.0,-96.0,5925.0,87.0,-25.0,7.634105901735171,61.55312499440986,
7179,795.08923,234.93488367070597,58.44384589648159,247.53552927480197,28.0,0.7955,282.0,45.0,169.0,1033.0,27.0,251.0,116.0,334.0,37.28871371086942,122,2,54,59,235.0,-64.0,67.0,-3.0,139.0,8.0,-96.0,5925.0,87.0,-25.0,7.638479494345546,61.55312499440986,
7180,919.0583,274.0708389080471,23.444318878964474,232.71302637245017,28.0,0.7964,292.0,47.0,176.0,1066.0,26.0,261.0,118.0,342.0,20.437697694794963,119,3,53,57,234.0,-68.0,67.0,-9.0,134.0,3.0,-100.0,5905.0,82.0,-29.0,7.642853086955921,61.55312499440986,
7181,645.3599,174.0844488133423,77.02432268267906,169.43341090697277,28.0,0.72565,211.0,31.0,122.0,803.0,30.0,201.0,94.0,269.0,37.850333889009065,100,4,55,57,245.0,-47.0,70.0,21.0,166.0,30.0,-79.0,6197.0,112.0,32.0,7.730324939163282,61.55312499440986,
7182,956.6979,60.776622575173334,9.129026068512697,154.28271392958857,27.0,0.698,142.0,29.0,102.0,697.0,31.0,236.0,86.0,245.0,9.247820372824352,140,1,60,53,291.0,-95.0,81.0,-56.0,156.0,-2.0,-135.0,7371.0,95.0,82.0,8.919942129183108,61.55312499440986,
7183,951.5225,218.58307094481873,4.998466152882829,192.38774158254634,27.0,0.7275,145.0,30.0,105.0,710.0,30.0,241.0,87.0,249.0,5.395876762297632,137,2,62,53,291.0,-98.0,81.0,-59.0,154.0,-4.0,-137.0,7378.0,93.0,80.0,8.963678055286715,61.55312499440986,
7184,966.6998,226.10038392995114,5.02363924779081,188.6510419307837,28.0,0.7412,148.0,31.0,108.0,722.0,30.0,244.0,88.0,252.0,4.924865793621251,142,0,60,55,289.0,-98.0,81.0,-60.0,152.0,-6.0,-137.0,7345.0,91.0,78.0,8.968051647897093,61.55312499440986,
7185,981.637,257.80475410038457,4.89362042728037,194.47181000357688,28.0,0.7308,148.0,31.0,108.0,722.0,30.0,244.0,88.0,252.0,5.101930141100121,141,0,55,58,289.0,-98.0,81.0,-60.0,152.0,-6.0,-137.0,7345.0,91.0,78.0,8.972425240507468,61.55312499440986,
7186,999.9453,224.20946312335258,5.136978658244903,192.80381863539512,27.0,0.7261,152.0,32.0,112.0,739.0,30.0,250.0,90.0,257.0,5.100794034900337,129,2,58,54,288.0,-100.0,80.0,-64.0,149.0,-9.0,-139.0,7311.0,88.0,75.0,8.976798833117842,61.55312499440986,
7187,326.99362,81.20820016886209,38.306956439724516,83.97162650680319,29.0,0.8934,219.0,32.0,120.0,814.0,33.0,188.0,100.0,286.0,34.26377443235415,125,4,58,61,240.0,-23.0,70.0,86.0,186.0,53.0,-54.0,6125.0,134.0,54.0,7.611727067359541,61.55104166107671,
7188,185.64507,86.65771617719317,29.50149063892996,96.34861348323479,29.0,0.8382,219.0,32.0,120.0,814.0,33.0,188.0,100.0,286.0,30.448822076170234,125,6,60,63,240.0,-23.0,70.0,86.0,186.0,53.0,-54.0,6125.0,134.0,54.0,7.616100366450054,61.55104166107671,
7189,154.00508,179.28449498036588,47.581905742833506,204.60048117592135,29.0,0.7619,228.0,33.0,127.0,843.0,31.0,198.0,101.0,289.0,33.18239426103995,109,7,58,62,240.0,-35.0,70.0,72.0,173.0,40.0,-67.0,6103.0,121.0,41.0,7.6204736655405645,61.55104166107671,
7190,170.6756,186.21516128664956,67.93459807525723,181.5519133897921,29.0,0.8092,228.0,33.0,127.0,843.0,31.0,198.0,101.0,289.0,36.44266342525926,128,6,63,60,240.0,-35.0,70.0,72.0,173.0,40.0,-67.0,6103.0,121.0,41.0,7.6248469646310735,61.55104166107671,
7191,238.94887,232.2632874207837,56.61451700329258,251.35000512994998,28.0,0.8545,258.0,39.0,150.0,948.0,28.0,229.0,109.0,312.0,35.36216286741807,84,5,57,66,237.0,-54.0,68.0,9.0,152.0,20.0,-85.0,5996.0,99.0,-15.0,7.629220263721583,61.55104166107671,
7192,391.09546,238.2245973765265,70.49991287934634,253.57321915178846,28.0,0.8175,282.0,45.0,169.0,1033.0,27.0,251.0,116.0,334.0,44.44121587215411,121,5,57,62,235.0,-64.0,67.0,-3.0,139.0,8.0,-96.0,5925.0,87.0,-25.0,7.633593562812024,61.55104166107671,
7193,646.2303,251.05452088621482,76.72743223648683,253.65947468890718,28.0,0.7459,282.0,45.0,169.0,1033.0,27.0,251.0,116.0,334.0,50.903894077124605,123,4,50,59,235.0,-64.0,67.0,-3.0,139.0,8.0,-96.0,5925.0,87.0,-25.0,7.637966861902535,61.55104166107671,
7194,894.94324,268.0859301109148,36.713086443837206,243.14293227786538,28.0,0.7934,292.0,47.0,176.0,1066.0,26.0,261.0,118.0,342.0,31.935774510369782,117,2,54,57,234.0,-68.0,67.0,-9.0,134.0,3.0,-100.0,5905.0,82.0,-29.0,7.6423401609930455,61.55104166107671,
7195,657.9392,164.56129871768502,69.05428617659243,155.37394040114262,28.0,0.833,252.0,39.0,151.0,943.0,27.0,236.0,106.0,304.0,35.693659688227555,129,6,51,53,240.0,-63.0,69.0,0.0,145.0,12.0,-95.0,6075.0,93.0,14.0,7.712312946441077,61.55104166107671,
7196,639.55054,167.9955742976877,81.17199964149515,157.74339543211372,28.0,0.82405,228.0,34.0,133.0,859.0,29.0,215.0,99.0,283.0,37.850712178589376,112,6,58,58,243.0,-55.0,70.0,12.0,157.0,21.0,-86.0,6163.0,103.0,24.0,7.716686245531587,61.55104166107671,
7197,945.3761,259.8171308690262,3.5688495995995972,188.61276250717376,27.0,0.7152,145.0,30.0,105.0,710.0,30.0,241.0,87.0,249.0,3.0891794791566762,139,2,62,53,291.0,-98.0,81.0,-59.0,154.0,-4.0,-137.0,7378.0,93.0,80.0,8.963076486324825,61.55104166107671,
7198,963.2101,247.04912727932117,7.135728746207837,197.12448414793604,28.0,0.74865,148.0,31.0,108.0,722.0,30.0,244.0,88.0,252.0,7.8027727001683695,138,1,59,54,289.0,-98.0,81.0,-60.0,152.0,-6.0,-137.0,7345.0,91.0,78.0,8.967449785415337,61.55104166107671,
7199,984.30066,214.4360017814094,5.443277485694557,193.5048710038248,28.0,0.7379,148.0,31.0,108.0,722.0,30.0,244.0,88.0,252.0,6.598914248680277,140,0,58,55,289.0,-98.0,81.0,-60.0,152.0,-6.0,-137.0,7345.0,91.0,78.0,8.971823084505848,61.55104166107671,
7200,970.0911,268.69140118834576,32.65495204462183,253.7343306619789,28.0,0.7334,414.0,70.0,238.0,1438.0,26.0,326.0,167.0,467.0,34.020047807363035,114,9,50,54,216.0,-73.0,62.0,14.0,113.0,-8.0,-103.0,5448.0,65.0,-36.0,7.331343915252306,61.548958327743556,
7201,937.8904,232.40313904557127,14.50735764756761,206.63701515387837,28.0,0.738,265.0,40.0,152.0,965.0,29.0,230.0,111.0,319.0,11.129729166038052,100,5,54,51,237.0,-52.0,68.0,51.0,153.0,21.0,-84.0,5997.0,101.0,-13.0,7.593724252201157,61.548958327743556,
7202,848.76227,81.43635524298656,34.89890102536408,92.42293426030898,29.0,0.8148,231.0,34.0,129.0,853.0,31.0,200.0,103.0,293.0,30.176333854415077,95,3,55,56,240.0,-34.0,70.0,33.0,174.0,41.0,-66.0,6069.0,122.0,42.0,7.6024702634328,61.548958327743556,
7203,671.4364,72.44270752294078,67.14511010684214,64.17425792932521,29.0,0.85075,231.0,34.0,129.0,853.0,31.0,200.0,103.0,293.0,45.07140854015222,126,2,60,56,240.0,-34.0,70.0,33.0,174.0,41.0,-66.0,6069.0,122.0,42.0,7.606843269048623,61.548958327743556,
7204,427.91818,58.50549826114058,64.9682492377059,72.76085281304815,29.0,0.8726,219.0,32.0,120.0,812.0,33.0,186.0,100.0,286.0,45.04001907973659,124,2,56,58,240.0,-22.0,70.0,87.0,187.0,54.0,-53.0,6114.0,135.0,55.0,7.611216274664446,61.548958327743556,
7205,261.90732,59.391473678543534,48.781758404877884,91.58300704948499,29.0,0.8667,219.0,32.0,120.0,812.0,33.0,186.0,100.0,286.0,35.62293763996291,129,5,59,61,240.0,-22.0,70.0,87.0,187.0,54.0,-53.0,6114.0,135.0,55.0,7.615589280280269,61.548958327743556,
7206,142.47911,84.66204011279439,26.134858572302843,121.6237937815901,29.0,0.82675,216.0,31.0,117.0,805.0,34.0,185.0,100.0,286.0,22.44496736799575,114,5,58,64,241.0,-20.0,70.0,90.0,190.0,57.0,-51.0,6141.0,137.0,57.0,7.61996228589609,61.548958327743556,
7207,156.68471,244.53904605154375,30.907494544932796,248.08012733976335,29.0,0.8514,227.0,33.0,127.0,839.0,32.0,198.0,101.0,287.0,25.800339935068383,117,6,58,63,241.0,-36.0,70.0,31.0,173.0,39.0,-68.0,6087.0,120.0,41.0,7.628708297127735,61.548958327743556,
7208,513.8127,248.1885848918839,76.49764709456706,255.0,28.0,0.7431,284.0,45.0,170.0,1040.0,27.0,254.0,116.0,335.0,52.790815673745215,133,8,57,64,235.0,-65.0,67.0,-5.0,138.0,7.0,-97.0,5934.0,87.0,-25.0,7.637454308359309,61.548958327743556,
7209,848.7661,260.6953788377584,61.712395387960754,254.47522531607225,28.0,0.74665,311.0,52.0,192.0,1138.0,25.0,279.0,125.0,361.0,47.27196331844378,123,3,56,58,231.0,-75.0,66.0,22.0,124.0,-4.0,-107.0,5844.0,74.0,-36.0,7.641827313975131,61.548958327743556,
7210,801.8468,137.14220282796657,60.778492771706254,106.00211501224265,28.0,0.75955,204.0,29.0,114.0,773.0,32.0,188.0,93.0,267.0,37.923077889694085,132,6,52,53,245.0,-35.0,71.0,35.0,178.0,42.0,-67.0,6222.0,124.0,43.0,7.703049392596576,61.548958327743556,
7211,523.51154,148.78686130061962,58.80695906074531,130.03908251069313,28.0,0.8455,195.0,28.0,109.0,747.0,33.0,179.0,92.0,264.0,34.69654078184293,111,9,53,58,245.0,-25.0,71.0,47.0,189.0,53.0,-56.0,6224.0,135.0,53.0,7.711795403828149,61.548958327743556,
7212,953.5815,297.64508387315067,11.295176554308043,192.33909279219029,27.0,0.7418,146.0,31.0,107.0,719.0,31.0,244.0,88.0,252.0,7.685090744056077,137,2,61,52,290.0,-98.0,80.0,-60.0,153.0,-5.0,-137.0,7379.0,92.0,79.0,8.96247500995103,61.548958327743556,
7213,963.6495,267.53601885052547,8.946181594645228,184.78559000322463,27.0,0.7572,148.0,31.0,108.0,723.0,30.0,245.0,89.0,253.0,5.903616301146323,136,1,61,52,290.0,-99.0,80.0,-61.0,152.0,-7.0,-138.0,7343.0,90.0,78.0,8.966848015566853,61.548958327743556,
7214,976.72485,271.55578650885144,5.664415743061364,195.0909849359363,27.0,0.7521,148.0,31.0,108.0,723.0,30.0,245.0,89.0,253.0,6.026865744013768,142,1,61,54,290.0,-99.0,80.0,-61.0,152.0,-7.0,-138.0,7343.0,90.0,78.0,8.971221021182673,61.548958327743556,
7215,991.4758,256.1222178352581,2.7531949089273295,189.40204785183036,27.0,0.72935,151.0,32.0,111.0,735.0,30.0,248.0,90.0,256.0,3.255527786131294,136,1,60,54,289.0,-100.0,80.0,-63.0,150.0,-8.0,-139.0,7305.0,88.0,76.0,8.975594026798497,61.548958327743556,
7216,1004.6439,268.62502528563425,2.9063347168995155,189.62960419421222,27.0,0.7397,151.0,32.0,111.0,735.0,30.0,248.0,90.0,256.0,3.0947737329342324,124,1,58,54,289.0,-100.0,80.0,-63.0,150.0,-8.0,-139.0,7305.0,88.0,76.0,8.979967032414319,61.548958327743556,
7217,889.2926,323.50195959386303,52.915740699061814,232.29391582878205,28.0,0.80845,414.0,70.0,238.0,1438.0,26.0,326.0,167.0,467.0,33.44631539082554,113,9,50,57,216.0,-73.0,62.0,14.0,113.0,-8.0,-103.0,5448.0,65.0,-36.0,7.326479268471959,61.546874994410416,
7218,892.6247,223.39217426087262,26.747273730452083,219.72086458385115,28.0,0.7636,265.0,40.0,152.0,965.0,29.0,230.0,111.0,319.0,18.548692242893008,112,6,56,53,237.0,-52.0,68.0,51.0,153.0,21.0,-84.0,5997.0,101.0,-13.0,7.593214711835704,61.546874994410416,
7219,923.8763,171.69502109606398,17.82732829214565,182.1678405309266,28.0,0.76475,265.0,40.0,152.0,965.0,29.0,230.0,111.0,319.0,13.050177998619409,104,5,52,51,237.0,-52.0,68.0,51.0,153.0,21.0,-84.0,5997.0,101.0,-13.0,7.597587424022004,61.546874994410416,
7220,869.052,98.32971620355355,29.26683884712263,111.23588273640473,29.0,0.79835,231.0,34.0,129.0,853.0,31.0,200.0,103.0,293.0,24.6984912028912,105,4,56,55,240.0,-34.0,70.0,33.0,174.0,41.0,-66.0,6069.0,122.0,42.0,7.601960136208304,61.546874994410416,
7221,753.9818,73.01795237884117,49.79374228719029,105.27423143365334,29.0,0.8071,231.0,34.0,129.0,853.0,31.0,200.0,103.0,293.0,28.396112113854105,110,2,53,57,240.0,-34.0,70.0,33.0,174.0,41.0,-66.0,6069.0,122.0,42.0,7.6063328483946036,61.546874994410416,
7222,585.02014,67.79113679155273,68.43450197649855,73.37330181176706,29.0,0.8152,219.0,32.0,120.0,812.0,33.0,186.0,100.0,286.0,44.98573993039289,123,3,55,57,240.0,-22.0,70.0,87.0,187.0,54.0,-53.0,6114.0,135.0,55.0,7.610705560580904,61.546874994410416,
7223,369.40897,70.91009598171841,54.0706376359062,63.398141315063334,29.0,0.8477,219.0,32.0,120.0,812.0,33.0,186.0,100.0,286.0,45.18396546370003,114,3,57,60,240.0,-22.0,70.0,87.0,187.0,54.0,-53.0,6114.0,135.0,55.0,7.615078272767205,61.546874994410416,
7224,182.24559,76.4134920285632,39.6118991493697,94.588539725447,29.0,0.83935,216.0,31.0,117.0,805.0,34.0,185.0,100.0,286.0,34.54788587753165,126,5,57,63,241.0,-20.0,70.0,90.0,190.0,57.0,-51.0,6141.0,137.0,57.0,7.619450984953505,61.546874994410416,
7225,208.25417,254.5890000039454,36.22272025737738,253.04532508466355,29.0,0.8534,227.0,33.0,127.0,839.0,32.0,198.0,101.0,287.0,33.97904087237055,123,5,54,63,241.0,-36.0,70.0,31.0,173.0,39.0,-68.0,6087.0,120.0,41.0,7.632569121512333,61.546874994410416,
7226,391.6483,253.1639609858618,59.957422994794754,255.0,28.0,0.7924,284.0,45.0,170.0,1040.0,27.0,254.0,116.0,335.0,48.41286871375683,142,8,56,65,235.0,-65.0,67.0,-5.0,138.0,7.0,-97.0,5934.0,87.0,-25.0,7.636941833698633,61.546874994410416,
7227,724.3814,248.50288452546778,89.75161911550518,253.67731329673623,28.0,0.74075,284.0,45.0,170.0,1040.0,27.0,254.0,116.0,335.0,56.92451471206021,118,6,55,59,235.0,-65.0,67.0,-5.0,138.0,7.0,-97.0,5934.0,87.0,-25.0,7.641314545884933,61.546874994410416,
7228,974.08984,249.4775306976693,54.363683313354485,236.88314393310327,28.0,0.733,311.0,52.0,192.0,1138.0,25.0,279.0,125.0,361.0,32.26413403083736,118,3,56,60,231.0,-75.0,66.0,22.0,124.0,-4.0,-107.0,5844.0,74.0,-36.0,7.645687258071234,61.546874994410416,
7229,832.82275,120.22978706965233,36.5850896569345,107.03280300236675,28.0,0.7932,222.0,33.0,128.0,837.0,30.0,207.0,98.0,280.0,28.67759704572099,137,4,52,53,243.0,-47.0,70.0,19.0,164.0,29.0,-79.0,6167.0,110.0,31.0,7.698159804306765,61.546874994410416,
7230,697.4318,120.35593147967633,53.5063686070892,88.60144231727296,28.0,0.81295,204.0,29.0,114.0,773.0,32.0,188.0,93.0,267.0,37.45863582858289,92,3,52,55,245.0,-35.0,71.0,35.0,178.0,42.0,-67.0,6222.0,124.0,43.0,7.702532516493066,61.546874994410416,
7231,989.0581,283.61261039201935,14.185937203804977,194.54614407384662,27.0,0.7714,146.0,31.0,107.0,719.0,31.0,244.0,88.0,252.0,9.996212975935402,147,2,61,54,290.0,-98.0,80.0,-60.0,153.0,-5.0,-137.0,7379.0,92.0,79.0,8.961873626145103,61.546874994410416,
7232,990.0102,95.56581426973447,10.280634407679647,171.41775940521268,27.0,0.7793,146.0,31.0,107.0,719.0,31.0,244.0,88.0,252.0,7.3216780280847615,138,1,60,53,290.0,-98.0,80.0,-60.0,153.0,-5.0,-137.0,7379.0,92.0,79.0,8.966246338331405,61.546874994410416,
7233,985.6213,171.20478576888306,7.374083944877224,185.18149487897995,27.0,0.7702,148.0,31.0,108.0,723.0,30.0,245.0,89.0,253.0,6.160594739216236,141,1,60,54,290.0,-99.0,80.0,-61.0,152.0,-7.0,-138.0,7343.0,90.0,78.0,8.970619050517705,61.546874994410416,
7234,991.1291,233.01677088102437,3.534190487423777,185.55442143520875,27.0,0.728,148.0,31.0,108.0,723.0,30.0,245.0,89.0,253.0,1.9722288793918592,142,4,61,54,290.0,-99.0,80.0,-61.0,152.0,-7.0,-138.0,7343.0,90.0,78.0,8.974991762704004,61.546874994410416,
7235,797.8811,187.39677947427978,76.02974278210476,185.72055498216466,28.0,0.7475,265.0,40.0,152.0,965.0,29.0,230.0,111.0,319.0,35.45131283084873,116,4,53,55,237.0,-52.0,68.0,51.0,153.0,21.0,-84.0,5997.0,101.0,-13.0,7.592705249884003,61.54479166107728,
7236,858.688,200.78379498136763,75.13077068730671,217.046671100135,28.0,0.7717,265.0,40.0,152.0,965.0,29.0,230.0,111.0,319.0,33.97803468424347,107,4,55,54,237.0,-52.0,68.0,51.0,153.0,21.0,-84.0,5997.0,101.0,-13.0,7.597077668685937,61.54479166107728,
7237,818.81354,120.61562985897896,65.52091641148375,87.29486999214235,29.0,0.779,231.0,34.0,129.0,853.0,31.0,200.0,103.0,293.0,40.8545142009575,101,4,56,54,240.0,-34.0,70.0,33.0,174.0,41.0,-66.0,6069.0,122.0,42.0,7.601450087487871,61.54479166107728,
7238,648.0172,144.4321552227647,98.68477417663293,115.29151861661839,29.0,0.792,231.0,34.0,129.0,853.0,31.0,200.0,103.0,293.0,48.23462159008457,104,3,55,58,240.0,-34.0,70.0,33.0,174.0,41.0,-66.0,6069.0,122.0,42.0,7.605822506289804,61.54479166107728,
7239,509.99673,146.187705139202,95.40690589750916,111.16307809075049,29.0,0.7913,219.0,32.0,120.0,812.0,33.0,186.0,100.0,286.0,47.963018915378335,105,2,52,59,240.0,-22.0,70.0,87.0,187.0,54.0,-53.0,6114.0,135.0,55.0,7.610194925091738,61.54479166107728,
7240,281.66287,74.80611941338147,42.43615113731517,80.13331788696638,29.0,0.8463,216.0,31.0,117.0,805.0,34.0,185.0,100.0,286.0,37.173376689638324,124,6,54,64,241.0,-20.0,70.0,90.0,190.0,57.0,-51.0,6141.0,137.0,57.0,7.618939762695606,61.54479166107728,
7241,186.46608,271.199199099943,28.190018460048055,254.94880685733435,29.0,0.8323,227.0,33.0,127.0,839.0,32.0,198.0,101.0,287.0,30.210580588359814,108,5,53,64,241.0,-36.0,70.0,31.0,173.0,39.0,-68.0,6087.0,120.0,41.0,7.632057019101338,61.54479166107728,
7242,340.05,271.8558032500786,42.9948327827898,255.0,28.0,0.83,284.0,45.0,170.0,1040.0,27.0,254.0,116.0,335.0,37.421660614066354,134,6,52,63,235.0,-65.0,67.0,-5.0,138.0,7.0,-97.0,5934.0,87.0,-25.0,7.636429437903272,61.54479166107728,
7243,548.63416,260.0532299563292,81.47443340189773,248.31877549214187,28.0,0.7464,284.0,45.0,170.0,1040.0,27.0,254.0,116.0,335.0,48.24715385258535,118,5,51,59,235.0,-65.0,67.0,-5.0,138.0,7.0,-97.0,5934.0,87.0,-25.0,7.640801856705206,61.54479166107728,
7244,815.09064,259.6461534263037,93.65646511346438,246.11317349293972,28.0,0.7005,311.0,52.0,192.0,1138.0,25.0,279.0,125.0,361.0,51.835097104872716,117,5,50,57,231.0,-75.0,66.0,22.0,124.0,-4.0,-107.0,5844.0,74.0,-36.0,7.645174275507141,61.54479166107728,
7245,779.8277,114.91008754668749,41.811568257887366,88.42957994894651,28.0,0.8178,222.0,33.0,128.0,837.0,30.0,207.0,98.0,280.0,35.26648363330852,132,5,52,58,243.0,-47.0,70.0,19.0,164.0,29.0,-79.0,6167.0,110.0,31.0,7.697643301130277,61.54479166107728,
7246,960.00745,284.81365864848937,6.986248039396964,201.18236764113266,27.0,0.7416,146.0,30.0,106.0,715.0,30.0,242.0,88.0,250.0,7.239812314147046,144,4,63,54,290.0,-97.0,81.0,-59.0,153.0,-5.0,-137.0,7341.0,92.0,79.0,8.956899916084959,61.54479166107728,
7247,986.90094,237.2185399146023,6.6664577056796,192.0943648036413,27.0,0.7592,146.0,31.0,107.0,719.0,31.0,244.0,88.0,252.0,5.391523451328845,146,3,62,55,290.0,-98.0,80.0,-60.0,153.0,-5.0,-137.0,7379.0,92.0,79.0,8.961272334886823,61.54479166107728,
7248,1005.2391,99.79179754643954,9.22263945575891,178.78436161951913,27.0,0.8141,148.0,31.0,108.0,723.0,30.0,245.0,89.0,253.0,5.45848770651269,145,1,62,53,290.0,-99.0,80.0,-61.0,152.0,-7.0,-138.0,7343.0,90.0,78.0,8.970017172490692,61.54479166107728,
7249,1004.61414,241.17124629188274,14.641797957063588,185.05698983080347,27.0,0.8113,148.0,31.0,108.0,723.0,30.0,245.0,89.0,253.0,8.342628314487865,137,2,57,54,290.0,-99.0,80.0,-61.0,152.0,-7.0,-138.0,7343.0,90.0,78.0,8.974389591292626,61.54479166107728,
7250,1021.5184,329.12559353807507,20.080458377068197,198.23472702348917,27.0,0.8272,151.0,32.0,111.0,735.0,30.0,248.0,90.0,256.0,12.402203590566108,136,2,56,55,289.0,-100.0,80.0,-63.0,150.0,-8.0,-139.0,7305.0,88.0,76.0,8.97876201009456,61.54479166107728,
7251,690.07227,103.0665405039389,56.61681830066263,58.3449963168645,28.0,0.7263,285.0,45.0,166.0,1033.0,27.0,246.0,117.0,338.0,46.680387520518856,107,6,54,54,234.0,-60.0,67.0,40.0,143.0,13.0,-91.0,5901.0,91.0,-21.0,7.583451615403563,61.54270832774412,
7252,533.6155,157.91998991579288,72.62355790240325,155.18447324280035,28.0,0.7161,285.0,45.0,166.0,1033.0,27.0,246.0,117.0,338.0,35.55827590054139,99,5,54,56,234.0,-60.0,67.0,40.0,143.0,13.0,-91.0,5901.0,91.0,-21.0,7.587823740866277,61.54270832774412,
7253,566.6029,187.4183083356048,94.00005946914085,197.71963439385445,28.0,0.7675,265.0,40.0,152.0,965.0,29.0,230.0,111.0,319.0,43.96358042115611,109,6,54,52,237.0,-52.0,68.0,51.0,153.0,21.0,-84.0,5997.0,101.0,-13.0,7.592195866328922,61.54270832774412,
7254,598.6636,190.5118094563301,102.9912416496461,204.39406352053692,28.0,0.80655,265.0,40.0,152.0,965.0,29.0,230.0,111.0,319.0,44.75918359386644,93,6,55,52,237.0,-52.0,68.0,51.0,153.0,21.0,-84.0,5997.0,101.0,-13.0,7.596567991791635,61.54270832774412,
7255,642.53894,172.46666076896975,110.92586501740091,168.6454074533177,29.0,0.8092,231.0,34.0,129.0,853.0,31.0,200.0,103.0,293.0,53.24816372706652,92,5,58,53,240.0,-34.0,70.0,33.0,174.0,41.0,-66.0,6069.0,122.0,42.0,7.60094011725435,61.54270832774412,
7256,496.87195,126.49098596570934,79.02338314520526,73.9450880280027,29.0,0.803,231.0,34.0,129.0,853.0,31.0,200.0,103.0,293.0,50.51962214351159,81,6,55,59,240.0,-34.0,70.0,33.0,174.0,41.0,-66.0,6069.0,122.0,42.0,7.605312242717064,61.54270832774412,
7257,332.21826,145.73951200579927,71.23088360157602,117.29343313068622,29.0,0.8237,219.0,32.0,120.0,812.0,33.0,186.0,100.0,286.0,39.44750313862426,111,4,56,59,240.0,-22.0,70.0,87.0,187.0,54.0,-53.0,6114.0,135.0,55.0,7.609684368179777,61.54270832774412,
7258,294.81903,186.98183806000023,66.28943069125218,194.02405579638696,29.0,0.8248,219.0,32.0,120.0,812.0,33.0,186.0,100.0,286.0,36.01495940690434,121,6,60,62,240.0,-22.0,70.0,87.0,187.0,54.0,-53.0,6114.0,135.0,55.0,7.614056493642493,61.54270832774412,
7259,290.39395,129.41906590551724,44.0208252159497,117.8016856440278,29.0,0.8468,216.0,31.0,117.0,805.0,34.0,185.0,100.0,286.0,30.486888346734453,121,5,58,62,241.0,-20.0,70.0,90.0,190.0,57.0,-51.0,6141.0,137.0,57.0,7.618428619105208,61.54270832774412,
7260,343.50922,277.0483226672931,49.634776873108436,251.17016298210305,28.0,0.8369,284.0,45.0,170.0,1040.0,27.0,254.0,116.0,335.0,44.227392002416174,132,7,57,63,235.0,-65.0,67.0,-5.0,138.0,7.0,-97.0,5934.0,87.0,-25.0,7.635917120955993,61.54270832774412,
7261,589.4569,256.37829755332507,72.76490084004243,246.26511947130635,28.0,0.82035,284.0,45.0,170.0,1040.0,27.0,254.0,116.0,335.0,55.00973006761525,123,6,52,60,235.0,-65.0,67.0,-5.0,138.0,7.0,-97.0,5934.0,87.0,-25.0,7.640289246418707,61.54270832774412,
7262,856.3315,269.23579662910305,74.45835635661473,240.10281860684586,28.0,0.7764,311.0,52.0,192.0,1138.0,25.0,279.0,125.0,361.0,44.21349086878798,119,2,53,58,231.0,-75.0,66.0,22.0,124.0,-4.0,-107.0,5844.0,74.0,-36.0,7.644661371881424,61.54270832774412,
7263,849.6631,124.27401971512803,40.85263205224468,99.94358006699444,28.0,0.7977,222.0,33.0,128.0,837.0,30.0,207.0,98.0,280.0,32.730827610466676,144,6,53,55,243.0,-47.0,70.0,19.0,164.0,29.0,-79.0,6167.0,110.0,31.0,7.692754751971209,61.54270832774412,
7264,734.74097,120.5716388197719,35.95710081926646,109.68762746154876,28.0,0.8201,222.0,33.0,128.0,837.0,30.0,207.0,98.0,280.0,27.807475584183276,119,4,52,57,243.0,-47.0,70.0,19.0,164.0,29.0,-79.0,6167.0,110.0,31.0,7.697126877433923,61.54270832774412,
7265,961.72125,301.21490901668324,8.490853058217983,200.9142760433852,27.0,0.7468,146.0,30.0,106.0,715.0,30.0,242.0,88.0,250.0,7.910062684395333,143,4,61,55,290.0,-97.0,81.0,-59.0,153.0,-5.0,-137.0,7341.0,92.0,79.0,8.956299010693323,61.54270832774412,
7266,991.66046,274.5776128750491,9.519574133360612,200.6426518240405,27.0,0.7849,146.0,31.0,107.0,719.0,31.0,244.0,88.0,252.0,8.19763514884025,144,3,61,56,290.0,-98.0,80.0,-60.0,153.0,-5.0,-137.0,7379.0,92.0,79.0,8.960671136155968,61.54270832774412,
7267,1005.2955,233.5832277411583,12.808615749439127,186.68861804910728,27.0,0.8001,146.0,31.0,107.0,719.0,31.0,244.0,88.0,252.0,7.432689509358126,144,3,59,53,290.0,-98.0,80.0,-60.0,153.0,-5.0,-137.0,7379.0,92.0,79.0,8.965043261618682,61.54270832774412,
7268,1026.6315,299.5701492838119,18.14481316133928,198.9367607699196,27.0,0.8141,148.0,31.0,108.0,723.0,30.0,245.0,89.0,253.0,11.53185683871967,145,3,59,53,290.0,-99.0,80.0,-61.0,152.0,-7.0,-138.0,7343.0,90.0,78.0,8.969415387081396,61.54270832774412,
7269,1051.1332,331.8135440476467,26.884482573322696,201.59222573929898,27.0,0.8348,148.0,31.0,108.0,723.0,30.0,245.0,89.0,253.0,16.929791514880083,142,3,58,55,290.0,-99.0,80.0,-61.0,152.0,-7.0,-138.0,7343.0,90.0,78.0,8.973787512544112,61.54270832774412,
7270,1080.6481,339.33600429712095,33.006194853019224,200.99174211256,27.0,0.8263,151.0,32.0,111.0,735.0,30.0,248.0,90.0,256.0,18.867979376662955,143,4,57,55,289.0,-100.0,80.0,-63.0,150.0,-8.0,-139.0,7305.0,88.0,76.0,8.978159638006824,61.54270832774412,
7271,694.82166,73.98064557790025,41.221310366544444,95.5932641089112,28.0,0.77875,258.0,39.0,145.0,938.0,30.0,220.0,110.0,314.0,34.26425363595611,110,6,55,53,236.0,-46.0,68.0,58.0,159.0,28.0,-77.0,6007.0,107.0,-8.0,7.582942896816148,61.54062499441097,
7272,563.4498,50.22948701374083,50.106911527381044,93.94891875618391,29.0,0.7805,234.0,34.0,128.0,857.0,32.0,197.0,104.0,296.0,39.5673314093901,102,4,56,56,239.0,-31.0,70.0,76.0,177.0,44.0,-62.0,6079.0,125.0,45.0,7.587314728984777,61.54062499441097,
7273,425.58588,184.4589269804662,54.69488294931469,192.41278816392503,29.0,0.81915,223.0,32.0,120.0,825.0,34.0,188.0,102.0,292.0,29.303712048815715,87,5,55,60,239.0,-21.0,70.0,88.0,188.0,55.0,-51.0,6097.0,135.0,56.0,7.596058393321969,61.54062499441097,
7274,426.4831,171.26748778590968,66.23190579583243,166.8834620509998,29.0,0.8547,219.0,32.0,119.0,814.0,34.0,185.0,101.0,289.0,30.118960862567288,79,5,54,56,240.0,-18.0,70.0,92.0,191.0,58.0,-49.0,6112.0,139.0,59.0,7.600430225490601,61.54062499441097,
7275,356.4252,132.6789293446421,67.37104099285834,101.82092353941839,29.0,0.8593,219.0,32.0,119.0,814.0,34.0,185.0,101.0,289.0,36.97327373090213,88,5,55,58,240.0,-18.0,70.0,92.0,191.0,58.0,-49.0,6112.0,139.0,59.0,7.60480205765923,61.54062499441097,
7276,204.0969,135.0994410152593,60.32552705602497,100.20421663912441,29.0,0.8584,219.0,32.0,120.0,812.0,33.0,186.0,100.0,286.0,39.52390632632013,109,5,58,61,240.0,-21.0,70.0,89.0,188.0,55.0,-52.0,6135.0,136.0,56.0,7.6091738898278605,61.54062499441097,
7277,345.8657,270.2509956672157,56.04919581877971,255.0,28.0,0.83675,274.0,43.0,163.0,1006.0,27.0,245.0,114.0,326.0,46.417444999163614,126,7,57,61,236.0,-61.0,68.0,-1.0,143.0,11.0,-93.0,5971.0,91.0,-22.0,7.635404882839578,61.54062499441097,
7278,645.859,230.1947644607362,74.66469644689306,228.8864696329981,28.0,0.81725,274.0,43.0,163.0,1006.0,27.0,245.0,114.0,326.0,54.69132713293433,118,3,52,60,236.0,-61.0,68.0,-1.0,143.0,11.0,-93.0,5971.0,91.0,-22.0,7.6397767150082085,61.54062499441097,
7279,842.64185,259.3641709967059,54.219597103365835,245.94905159570382,28.0,0.80495,292.0,47.0,176.0,1067.0,26.0,261.0,118.0,342.0,40.790575386675094,121,3,57,59,235.0,-69.0,67.0,-9.0,134.0,3.0,-101.0,5912.0,82.0,-30.0,7.644148547176841,61.54062499441097,
7280,795.39417,113.09868885050483,29.56637065775189,116.19650203845833,29.0,0.7877,206.0,29.0,115.0,780.0,32.0,190.0,94.0,269.0,23.914312542604637,108,2,52,56,244.0,-36.0,71.0,35.0,177.0,42.0,-67.0,6215.0,123.0,43.0,7.692238701031711,61.54062499441097,
7281,699.8331,110.75102470437731,32.73189106402585,101.77208644181606,29.0,0.8289,206.0,29.0,115.0,780.0,32.0,190.0,94.0,269.0,28.396550358490877,112,5,51,54,244.0,-36.0,71.0,35.0,177.0,42.0,-67.0,6215.0,123.0,43.0,7.696610533200341,61.54062499441097,
7282,984.0277,314.88126243590904,15.570874377072176,193.54506923644365,27.0,0.79095,157.0,33.0,115.0,758.0,29.0,254.0,92.0,262.0,10.33581889048982,144,4,59,51,284.0,-102.0,79.0,-66.0,144.0,-12.0,-140.0,7217.0,84.0,72.0,8.955698197763766,61.54062499441097,
7283,1009.98975,308.19054079903674,16.03567231706372,205.58722001019322,28.0,0.792,165.0,35.0,122.0,785.0,28.0,261.0,94.0,269.0,11.918009502814483,142,5,59,53,282.0,-103.0,79.0,-70.0,140.0,-15.0,-142.0,7119.0,79.0,68.0,8.960070029932327,61.54062499441097,
7284,1043.104,324.9429298498925,21.08743043324807,205.10452415862687,28.0,0.8292,165.0,35.0,122.0,785.0,28.0,261.0,94.0,269.0,14.229792341664725,146,2,57,54,282.0,-103.0,79.0,-70.0,140.0,-15.0,-142.0,7119.0,79.0,68.0,8.964441862100959,61.54062499441097,
7285,1078.7196,326.79461975714406,27.091349385331096,208.8896606453728,27.0,0.8291,174.0,37.0,129.0,816.0,27.0,270.0,97.0,277.0,16.90918023209212,149,3,58,54,279.0,-106.0,78.0,-74.0,135.0,-19.0,-144.0,7056.0,75.0,63.0,8.96881369426959,61.54062499441097,
7286,747.3236,65.47816096952229,20.94471884051055,134.0042523370951,28.0,0.7677,258.0,39.0,145.0,938.0,30.0,220.0,110.0,314.0,16.846922713398598,111,5,56,54,236.0,-46.0,68.0,58.0,159.0,28.0,-77.0,6007.0,107.0,-8.0,7.58243425650086,61.53854166107783,
7287,661.2325,67.42091968058331,34.12606524374766,101.58924242553661,29.0,0.7594,234.0,34.0,128.0,857.0,32.0,197.0,104.0,296.0,28.532519830182547,105,6,54,55,239.0,-31.0,70.0,76.0,177.0,44.0,-62.0,6079.0,125.0,45.0,7.586805795420533,61.53854166107783,
7288,500.83762,69.54799209299742,44.64708798777182,78.03425549093352,29.0,0.7815,234.0,34.0,128.0,857.0,32.0,197.0,104.0,296.0,38.63558596136136,96,5,60,58,239.0,-31.0,70.0,76.0,177.0,44.0,-62.0,6079.0,125.0,45.0,7.591177334340136,61.53854166107783,
7289,363.76218,91.6548984561158,35.199917138722085,110.70115973473604,29.0,0.7861,223.0,32.0,120.0,825.0,34.0,188.0,102.0,292.0,29.21548821680647,113,3,57,59,239.0,-21.0,70.0,88.0,188.0,55.0,-51.0,6097.0,135.0,56.0,7.595548873259811,61.53854166107783,
7290,297.6366,167.5130503978968,56.84144587141966,167.2840430244139,29.0,0.8019,223.0,32.0,120.0,825.0,34.0,188.0,102.0,292.0,35.76143922953426,97,3,58,57,239.0,-21.0,70.0,88.0,188.0,55.0,-51.0,6097.0,135.0,56.0,7.599920412179484,61.53854166107783,
7291,230.43692,146.38025963931855,71.22587016673229,117.27160859713659,29.0,0.84725,219.0,32.0,119.0,814.0,34.0,185.0,101.0,289.0,42.98186061456244,104,5,58,62,240.0,-18.0,70.0,92.0,191.0,58.0,-49.0,6112.0,139.0,59.0,7.604291951099159,61.53854166107783,
7292,353.67215,272.5669808152235,51.60621236017361,254.54827578532664,28.0,0.83845,274.0,43.0,163.0,1006.0,27.0,245.0,114.0,326.0,46.931674863010336,137,5,54,61,236.0,-61.0,68.0,-1.0,143.0,11.0,-93.0,5971.0,91.0,-22.0,7.63489272353681,61.53854166107783,
7293,603.94025,232.16717203475397,65.77139658468495,248.03773386880084,28.0,0.82575,274.0,43.0,163.0,1006.0,27.0,245.0,114.0,326.0,43.5383338811505,123,5,54,58,236.0,-61.0,68.0,-1.0,143.0,11.0,-93.0,5971.0,91.0,-22.0,7.639264262456485,61.53854166107783,
7294,766.03204,251.45814957343026,52.54774163252293,253.7182162305809,28.0,0.8188,292.0,47.0,176.0,1067.0,26.0,261.0,118.0,342.0,43.44346548071707,122,5,58,60,235.0,-69.0,67.0,-9.0,134.0,3.0,-101.0,5912.0,82.0,-30.0,7.64363580137616,61.53854166107783,
7295,950.0341,261.72136224463986,30.818376004966986,249.22936350194945,28.0,0.762,292.0,47.0,176.0,1067.0,26.0,261.0,118.0,342.0,28.242029882066916,110,2,55,56,235.0,-69.0,67.0,-9.0,134.0,3.0,-101.0,5912.0,82.0,-30.0,7.648007340295835,61.53854166107783,
7296,662.1231,113.03153909614237,36.237181313506085,93.32693655976729,29.0,0.8354,206.0,29.0,115.0,780.0,32.0,190.0,94.0,269.0,32.17181024483585,104,2,50,54,244.0,-36.0,71.0,35.0,177.0,42.0,-67.0,6215.0,123.0,43.0,7.696094268412181,61.53854166107783,
7297,1013.53534,294.8671675074765,18.906312228147687,192.66690228002508,27.0,0.8027,157.0,33.0,115.0,758.0,29.0,254.0,92.0,262.0,12.002648289985865,141,4,60,54,284.0,-102.0,79.0,-66.0,144.0,-12.0,-140.0,7217.0,84.0,72.0,8.950725938356424,61.53854166107783,
7298,1025.7828,278.33493531118836,24.493239275851447,195.90815624866616,27.0,0.8033,157.0,33.0,115.0,758.0,29.0,254.0,92.0,262.0,15.054560596319195,141,5,59,54,284.0,-102.0,79.0,-66.0,144.0,-12.0,-140.0,7217.0,84.0,72.0,8.955097477276098,61.53854166107783,
7299,1051.8029,292.1790558369562,26.599904407075865,202.82741650122236,28.0,0.8129,165.0,35.0,122.0,785.0,28.0,261.0,94.0,269.0,16.33489314759831,137,4,58,53,282.0,-103.0,79.0,-70.0,140.0,-15.0,-142.0,7119.0,79.0,68.0,8.959469016195703,61.53854166107783,
7300,1092.2296,328.825146365813,27.64129053108827,209.79299186585996,28.0,0.7989,165.0,35.0,122.0,785.0,28.0,261.0,94.0,269.0,18.43379731066537,139,4,58,55,282.0,-103.0,79.0,-70.0,140.0,-15.0,-142.0,7119.0,79.0,68.0,8.963840555115377,61.53854166107783,
7301,693.5093,91.17505156195834,34.41580545801009,106.00984644515675,29.0,0.7854,234.0,34.0,128.0,857.0,32.0,197.0,104.0,296.0,25.0850841463337,115,3,57,59,239.0,-31.0,70.0,76.0,177.0,44.0,-62.0,6079.0,125.0,45.0,7.586296940156437,61.53645832774469,
7302,489.69888,116.01744159080552,87.46633451318039,76.1041300239981,29.0,0.8069,234.0,34.0,128.0,857.0,32.0,197.0,104.0,296.0,47.29103478967748,110,3,58,59,239.0,-31.0,70.0,76.0,177.0,44.0,-62.0,6079.0,125.0,45.0,7.590668185872201,61.53645832774469,
7303,321.23355,132.38309954813565,81.45983924555817,99.68725514255674,29.0,0.8121,223.0,32.0,120.0,825.0,34.0,188.0,102.0,292.0,43.561108790116414,107,4,57,58,239.0,-21.0,70.0,88.0,188.0,55.0,-51.0,6097.0,135.0,56.0,7.595039431588035,61.53645832774469,
7304,185.2786,146.67886768333483,64.18140191760733,129.50722704472238,29.0,0.76895,223.0,32.0,120.0,825.0,34.0,188.0,102.0,292.0,40.57473612294195,103,6,60,60,239.0,-21.0,70.0,88.0,188.0,55.0,-51.0,6097.0,135.0,56.0,7.59941067730387,61.53645832774469,
7305,297.3759,284.4530288574267,81.30944886657663,231.30213664187738,28.0,0.8721,241.0,36.0,138.0,892.0,30.0,214.0,105.0,299.0,45.295203403304875,151,7,51,59,239.0,-46.0,69.0,19.0,162.0,29.0,-77.0,6086.0,109.0,31.0,7.630009397314641,61.53645832774469,
7306,374.91818,225.8040905814671,81.0785590864784,218.23509120612738,28.0,0.848,274.0,43.0,163.0,1006.0,27.0,245.0,114.0,326.0,44.92945948462246,130,9,54,57,236.0,-61.0,68.0,-1.0,143.0,11.0,-93.0,5971.0,91.0,-22.0,7.634380643030476,61.53645832774469,
7307,520.29333,249.17401790277822,67.54270580220653,236.1019759275539,28.0,0.8359,274.0,43.0,163.0,1006.0,27.0,245.0,114.0,326.0,46.2444882543842,129,6,54,58,236.0,-61.0,68.0,-1.0,143.0,11.0,-93.0,5971.0,91.0,-22.0,7.6387518887463095,61.53645832774469,
7308,670.09094,252.9745999974057,54.428139062275676,250.16272998690792,28.0,0.8161,292.0,47.0,176.0,1067.0,26.0,261.0,118.0,342.0,45.18687378251472,129,5,55,60,235.0,-69.0,67.0,-9.0,134.0,3.0,-101.0,5912.0,82.0,-30.0,7.643123134462146,61.53645832774469,
7309,892.3859,265.3379363662637,43.935991200035104,248.19629866771098,28.0,0.7374,292.0,47.0,176.0,1067.0,26.0,261.0,118.0,342.0,38.9386440197177,123,7,54,57,235.0,-69.0,67.0,-9.0,134.0,3.0,-101.0,5912.0,82.0,-30.0,7.647494380177981,61.53645832774469,
7310,832.3086,116.14607244218477,27.635637148990202,116.94652351399041,28.0,0.7844,229.0,34.0,133.0,861.0,29.0,213.0,100.0,286.0,23.712582063565467,118,4,52,55,242.0,-51.0,70.0,16.0,160.0,25.0,-82.0,6148.0,107.0,28.0,7.686835591620421,61.53645832774469,
7311,635.93365,105.7751760228446,33.13320557902386,89.2247438744264,29.0,0.8345,206.0,29.0,115.0,780.0,32.0,190.0,94.0,269.0,32.02079019970318,104,4,51,56,244.0,-36.0,71.0,35.0,177.0,42.0,-67.0,6215.0,123.0,43.0,7.69557808305209,61.53645832774469,
7312,1058.2882,318.440907523502,25.214158273727797,202.04118865862702,27.0,0.8165,157.0,33.0,115.0,758.0,29.0,254.0,92.0,262.0,15.124971512760402,142,5,58,55,284.0,-102.0,79.0,-66.0,144.0,-12.0,-140.0,7217.0,84.0,72.0,8.950125603494293,61.53645832774469,
7313,1083.492,315.4796118223842,33.01328001735499,207.0758740198254,27.0,0.81905,157.0,33.0,115.0,758.0,29.0,254.0,92.0,262.0,19.151418167784083,127,4,59,54,284.0,-102.0,79.0,-66.0,144.0,-12.0,-140.0,7217.0,84.0,72.0,8.954496849210127,61.53645832774469,
7314,1117.337,324.0383754395729,36.09774656479729,199.83517854508128,28.0,0.7726,165.0,35.0,122.0,785.0,28.0,261.0,94.0,269.0,21.24560656724949,125,2,57,54,282.0,-103.0,79.0,-70.0,140.0,-15.0,-142.0,7119.0,79.0,68.0,8.958868094925892,61.53645832774469,
7315,660.3843,106.9909427756659,64.34957412909485,77.91919866679362,29.0,0.8269,234.0,34.0,128.0,857.0,32.0,197.0,104.0,296.0,40.2697931283664,129,4,58,60,239.0,-31.0,70.0,76.0,177.0,44.0,-62.0,6079.0,125.0,45.0,7.585788163175387,61.534374994411536,
7316,345.6517,105.43947793617967,75.01176673055163,62.53084787595814,29.0,0.8303,234.0,34.0,128.0,857.0,32.0,197.0,104.0,296.0,46.40252946729507,125,4,56,58,239.0,-31.0,70.0,76.0,177.0,44.0,-62.0,6079.0,125.0,45.0,7.590159115732416,61.534374994411536,
7317,174.09268,122.46579728060519,54.19484313973566,94.54464898096012,29.0,0.8519,223.0,32.0,120.0,825.0,34.0,188.0,102.0,292.0,35.45186580596955,112,5,57,59,239.0,-21.0,70.0,88.0,188.0,55.0,-51.0,6097.0,135.0,56.0,7.594530068289519,61.534374994411536,
7318,468.85828,326.9994949582223,81.73536519627984,229.60086241379886,28.0,0.873,241.0,36.0,138.0,892.0,30.0,214.0,105.0,299.0,43.5584774425228,139,7,55,55,239.0,-46.0,69.0,19.0,162.0,29.0,-77.0,6086.0,109.0,31.0,7.6294976887462616,61.534374994411536,
7319,585.09125,267.4899803664998,84.50271052934009,224.62909988725673,28.0,0.8563,274.0,43.0,163.0,1006.0,27.0,245.0,114.0,326.0,45.37988548681197,126,4,52,55,236.0,-61.0,68.0,-1.0,143.0,11.0,-93.0,5971.0,91.0,-22.0,7.633868641303362,61.534374994411536,
7320,691.83234,254.60948074404678,82.09128034540433,214.64858884328282,28.0,0.8328,274.0,43.0,163.0,1006.0,27.0,245.0,114.0,326.0,38.63041282063969,130,3,54,56,236.0,-61.0,68.0,-1.0,143.0,11.0,-93.0,5971.0,91.0,-22.0,7.6382395938604635,61.534374994411536,
7321,805.37,106.43608537208678,26.847339124437756,103.68788965345931,28.0,0.7359,229.0,34.0,133.0,861.0,29.0,213.0,100.0,286.0,26.715054096024257,102,4,51,55,242.0,-51.0,70.0,16.0,160.0,25.0,-82.0,6148.0,107.0,28.0,7.686320071988511,61.534374994411536,
7322,599.8783,247.58132381876115,43.31894772640688,220.19550391360733,28.0,0.85135,266.0,41.0,156.0,976.0,28.0,236.0,112.0,319.0,26.394317412197204,136,3,55,59,237.0,-57.0,68.0,5.0,148.0,16.0,-89.0,6006.0,96.0,-19.0,7.628986058894806,61.53229166107838,
7323,693.4952,304.79944428317873,38.75049764734502,236.84626009686838,28.0,0.84225,288.0,46.0,173.0,1055.0,27.0,258.0,118.0,339.0,25.73206425650162,130,7,55,57,236.0,-67.0,67.0,-6.0,137.0,5.0,-99.0,5933.0,85.0,-27.0,7.633356718338271,61.53229166107838,
7324,846.2588,296.9797668718932,37.70082306117835,243.01207302507464,28.0,0.7619,292.0,47.0,176.0,1069.0,26.0,262.0,119.0,343.0,30.822042688448672,135,4,52,59,235.0,-69.0,67.0,-9.0,134.0,3.0,-101.0,5920.0,83.0,-29.0,7.642098037225203,61.53229166107838,
7325,730.24976,288.9610830002234,26.949371359135498,239.75863707624507,28.0,0.84385,266.0,41.0,156.0,976.0,28.0,236.0,112.0,319.0,23.093608869253558,138,5,54,60,237.0,-57.0,68.0,5.0,148.0,16.0,-89.0,6006.0,96.0,-19.0,7.632844874118009,61.53020832774524,
7326,804.0041,311.65368776315194,16.377260394987136,211.80657371700076,28.0,0.7977,288.0,46.0,173.0,1055.0,27.0,258.0,118.0,339.0,13.072035010310133,131,3,55,62,236.0,-67.0,67.0,-6.0,137.0,5.0,-99.0,5933.0,85.0,-27.0,7.6372152404929246,61.53020832774524,
7327,877.20264,287.01947405230294,32.80643523151424,244.37286052596545,28.0,0.7395,288.0,46.0,173.0,1055.0,27.0,258.0,118.0,339.0,29.47255443623852,134,3,54,58,236.0,-67.0,67.0,-6.0,137.0,5.0,-99.0,5933.0,85.0,-27.0,7.641585606867845,61.53020832774524,
7328,889.5184,232.97543131841778,25.455159879642167,228.0044734177862,28.0,0.7363,368.0,60.0,206.0,1283.0,27.0,289.0,150.0,424.0,21.413347127345272,127,7,51,56,223.0,-62.0,64.0,31.0,131.0,6.0,-92.0,5643.0,82.0,-24.0,7.3744987808905655,61.52812499441209,
7329,649.4404,243.3414781968899,22.9292780007375,211.7522473784295,28.0,0.84645,266.0,41.0,156.0,976.0,28.0,236.0,112.0,319.0,19.75418901146116,135,4,52,59,237.0,-57.0,68.0,5.0,148.0,16.0,-89.0,6006.0,96.0,-19.0,7.627963035273929,61.52812499441209,
7330,756.0738,289.4329466393757,23.162017279914146,241.0371327520215,28.0,0.83815,266.0,41.0,156.0,976.0,28.0,236.0,112.0,319.0,21.55583158275662,129,4,52,61,237.0,-57.0,68.0,5.0,148.0,16.0,-89.0,6006.0,96.0,-19.0,7.6323331086253745,61.52812499441209,
7331,893.1929,284.8745080408515,30.67666965880587,245.02214879663836,28.0,0.76195,288.0,46.0,173.0,1055.0,27.0,258.0,118.0,339.0,29.674071002358218,128,4,55,56,236.0,-67.0,67.0,-6.0,137.0,5.0,-99.0,5933.0,85.0,-27.0,7.6410732553282665,61.52812499441209,
7332,851.031,246.48965739964567,16.69771012686484,221.780795691505,28.0,0.73645,368.0,60.0,206.0,1283.0,27.0,289.0,150.0,424.0,15.171796130969751,91,12,54,53,223.0,-62.0,64.0,31.0,131.0,6.0,-92.0,5643.0,82.0,-24.0,7.374004379834198,61.52604166107895,
7333,963.0356,262.50378382663865,30.117336614292764,254.4161287683376,28.0,0.7401,383.0,64.0,219.0,1340.0,26.0,306.0,155.0,437.0,31.536043380608003,128,4,54,57,222.0,-69.0,63.0,22.0,122.0,-2.0,-100.0,5559.0,73.0,-31.0,7.37837416020724,61.52604166107895,
7334,766.7273,278.5179728971869,22.037284618062234,244.1772971243194,28.0,0.8333,266.0,41.0,156.0,976.0,28.0,236.0,112.0,319.0,23.070710278807724,125,2,54,58,237.0,-57.0,68.0,5.0,148.0,16.0,-89.0,6006.0,96.0,-19.0,7.631821421843186,61.52604166107895,
7335,831.1273,298.30478396649903,13.038458139224513,210.1887911286348,28.0,0.7977,288.0,46.0,173.0,1055.0,27.0,258.0,118.0,339.0,11.301258097691328,123,3,55,58,236.0,-67.0,67.0,-6.0,137.0,5.0,-99.0,5933.0,85.0,-27.0,7.636191202216228,61.52604166107895,
7336,899.8544,285.1469807842299,30.434676795946555,241.3646648492354,28.0,0.76905,288.0,46.0,173.0,1055.0,27.0,258.0,118.0,339.0,28.568152924296676,119,5,54,57,236.0,-67.0,67.0,-6.0,137.0,5.0,-99.0,5933.0,85.0,-27.0,7.640560982589272,61.52604166107895,
7337,830.7409,259.210942117019,15.98509168210829,231.52516920148062,28.0,0.72735,358.0,58.0,199.0,1251.0,28.0,280.0,146.0,416.0,16.95820992330322,115,10,59,56,224.0,-58.0,64.0,36.0,135.0,10.0,-89.0,5686.0,86.0,-21.0,7.373510054812688,61.523958327745795,
7338,938.6579,270.4579276802329,29.5132893255168,254.69444936195762,28.0,0.71915,376.0,62.0,214.0,1315.0,26.0,298.0,152.0,430.0,32.05216836734822,132,4,53,55,223.0,-67.0,64.0,25.0,126.0,1.0,-97.0,5624.0,77.0,-29.0,7.377879542252384,61.523958327745795,
7339,851.8861,295.5444399787544,15.757610428978913,213.27316885667375,28.0,0.7467,296.0,48.0,179.0,1084.0,26.0,265.0,120.0,347.0,13.002068943909732,120,2,55,57,235.0,-70.0,67.0,29.0,133.0,2.0,-102.0,5909.0,81.0,-30.0,7.635679301193952,61.523958327745795,
7340,927.9839,271.062419149213,27.52533243859854,254.88359126490167,28.0,0.74395,376.0,62.0,214.0,1315.0,26.0,298.0,152.0,430.0,30.707075747308096,127,4,54,55,223.0,-67.0,64.0,25.0,126.0,1.0,-97.0,5624.0,77.0,-29.0,7.377385000360834,61.52187499441264,
7341,597.44037,167.82290358502792,26.160011507625033,171.41606716727566,28.0,0.83995,221.0,32.0,126.0,832.0,30.0,203.0,99.0,282.0,14.874087753362074,97,1,51,61,244.0,-44.0,70.0,24.0,168.0,33.0,-76.0,6189.0,115.0,34.0,7.683228618958116,61.52187499441264,
7342,566.59033,140.90549093047446,33.96378524040578,138.96527044320914,29.0,0.8357,206.0,29.0,115.0,780.0,32.0,188.0,95.0,271.0,23.389833229028245,109,5,53,58,244.0,-31.0,71.0,38.0,181.0,46.0,-63.0,6219.0,128.0,47.0,7.687597813509513,61.52187499441264,
7343,912.8535,265.3635920479734,24.143422469615448,252.46287736840665,28.0,0.77075,376.0,62.0,214.0,1315.0,26.0,298.0,152.0,430.0,26.788354524579344,119,4,53,59,223.0,-67.0,64.0,25.0,126.0,1.0,-97.0,5624.0,77.0,-29.0,7.376890534515996,61.5197916610795,
7344,545.4582,145.46246068625697,27.245056126837408,148.37834127611714,28.0,0.8586,221.0,32.0,126.0,832.0,30.0,203.0,99.0,282.0,18.037228547091782,96,5,51,58,244.0,-44.0,70.0,24.0,168.0,33.0,-76.0,6189.0,115.0,34.0,7.682713654085064,61.5197916610795,
7345,491.13538,140.26575657237402,43.2394820076974,124.7655479697005,29.0,0.8571,206.0,29.0,115.0,780.0,32.0,188.0,95.0,271.0,28.470918932196387,102,4,51,60,244.0,-31.0,71.0,38.0,181.0,46.0,-63.0,6219.0,128.0,47.0,7.6870825557932,61.5197916610795,
7346,374.79367,130.85538192613095,47.743920348513335,113.89602667690401,29.0,0.8526,206.0,29.0,115.0,780.0,32.0,188.0,95.0,271.0,30.26379183440843,126,4,55,55,244.0,-31.0,71.0,38.0,181.0,46.0,-63.0,6219.0,128.0,47.0,7.691451457501338,61.5197916610795,
7347,890.5407,271.23804389241326,19.015485367185125,239.8201048013095,28.0,0.77775,376.0,62.0,214.0,1315.0,26.0,298.0,152.0,430.0,19.922376063638822,125,6,53,56,223.0,-67.0,64.0,25.0,126.0,1.0,-97.0,5624.0,77.0,-29.0,7.376396144701265,61.51770832774636,
7348,591.33453,116.17452580861433,26.362786251976388,115.63685503245577,28.0,0.8068,221.0,32.0,126.0,832.0,30.0,203.0,99.0,282.0,23.687965805694038,106,4,53,59,244.0,-44.0,70.0,24.0,168.0,33.0,-76.0,6189.0,115.0,34.0,7.677830159484189,61.51770832774636,
7349,488.42316,135.35731812001262,33.62446169150345,125.70668723786464,28.0,0.8358,221.0,32.0,126.0,832.0,30.0,203.0,99.0,282.0,25.401476294111443,113,4,53,59,244.0,-44.0,70.0,24.0,168.0,33.0,-76.0,6189.0,115.0,34.0,7.682198768394093,61.51770832774636,
7350,420.9597,131.03549036058223,38.14468116958662,117.86067383190637,29.0,0.8669,206.0,29.0,115.0,780.0,32.0,188.0,95.0,271.0,27.689350947340202,119,5,54,58,244.0,-31.0,71.0,38.0,181.0,46.0,-63.0,6219.0,128.0,47.0,7.686567377304,61.51770832774636,
7351,313.69608,129.51183715453746,32.874925910710466,122.01862233750612,29.0,0.868,206.0,29.0,115.0,780.0,32.0,188.0,95.0,271.0,24.73850696684987,134,4,58,53,244.0,-31.0,71.0,38.0,181.0,46.0,-63.0,6219.0,128.0,47.0,7.690935986213904,61.51770832774636,
7352,282.011,171.71706992562528,25.377502644187647,170.63020883510967,28.0,0.8072,199.0,29.0,111.0,758.0,33.0,178.0,94.0,270.0,19.46062017706647,114,2,56,61,245.0,-19.0,71.0,54.0,195.0,59.0,-50.0,6238.0,141.0,59.0,7.695304595123812,61.51770832774636,
7353,731.5421,273.83744995902293,14.92586619824905,199.97806896913517,28.0,0.763,337.0,52.0,180.0,1171.0,30.0,257.0,139.0,397.0,10.662592506585385,107,5,52,60,226.0,-47.0,65.0,50.0,149.0,23.0,-77.0,5738.0,99.0,-10.0,7.358428566273282,61.51562499441321,
7354,790.3731,238.41609468942144,20.999565354632626,229.71959709231348,28.0,0.7726,347.0,55.0,190.0,1211.0,29.0,269.0,142.0,406.0,19.448850352643202,131,7,56,59,226.0,-54.0,65.0,42.0,141.0,16.0,-85.0,5708.0,92.0,-15.0,7.371533514743358,61.51562499441321,
7355,875.7641,252.73369667580587,21.383637933477846,240.62900149838777,28.0,0.77185,366.0,60.0,208.0,1286.0,27.0,292.0,149.0,423.0,20.986120764778754,126,6,53,56,223.0,-63.0,64.0,30.0,130.0,5.0,-93.0,5629.0,81.0,-25.0,7.375901830900047,61.51562499441321,
7356,632.67615,113.57296798404715,20.50653050189921,129.698921349837,29.0,0.8046,216.0,31.0,122.0,814.0,32.0,197.0,98.0,279.0,18.79499019174122,114,4,51,60,244.0,-38.0,71.0,31.0,174.0,39.0,-70.0,6201.0,120.0,40.0,7.67294732955454,61.51562499441321,
7357,553.6064,116.83609354985822,30.731507315064245,108.99111417552324,29.0,0.7798,206.0,29.0,113.0,777.0,33.0,185.0,95.0,273.0,26.47962515779357,110,5,55,60,244.0,-28.0,71.0,43.0,185.0,50.0,-59.0,6184.0,131.0,51.0,7.677315645711232,61.51562499441321,
7358,434.60022,123.03619608758727,34.260057213277875,110.93361934935571,29.0,0.80035,206.0,29.0,113.0,777.0,33.0,185.0,95.0,273.0,27.399788271321018,125,5,54,58,244.0,-28.0,71.0,43.0,185.0,50.0,-59.0,6184.0,131.0,51.0,7.681683961867924,61.51562499441321,
7359,357.36737,132.52131754543151,34.82246243457552,124.31302612267083,29.0,0.8656,202.0,29.0,112.0,769.0,33.0,183.0,95.0,272.0,24.95485169258676,129,4,55,57,245.0,-25.0,72.0,48.0,189.0,53.0,-56.0,6230.0,135.0,54.0,7.686052278024616,61.51562499441321,
7360,260.84363,126.99599309150993,34.62413821245087,115.56853835102864,29.0,0.87,202.0,29.0,112.0,769.0,33.0,183.0,95.0,272.0,26.79737743294966,133,5,57,58,245.0,-25.0,72.0,48.0,189.0,53.0,-56.0,6230.0,135.0,54.0,7.690420594181306,61.51562499441321,
7361,229.23618,181.26173139534126,24.085710661136517,183.76790998981343,29.0,0.7924,199.0,29.0,111.0,760.0,34.0,179.0,95.0,271.0,16.435685116003693,118,4,55,61,245.0,-19.0,72.0,54.0,195.0,59.0,-50.0,6244.0,141.0,60.0,7.694788910338,61.51562499441321,
7362,178.48802,111.63226548066592,28.29591413995547,107.66453503100547,29.0,0.7688,199.0,29.0,111.0,760.0,34.0,179.0,95.0,271.0,26.095448903293896,126,2,54,59,245.0,-19.0,72.0,54.0,195.0,59.0,-50.0,6244.0,141.0,60.0,7.699157226494692,61.51562499441321,
7363,811.7893,145.35886388130595,29.738147793383014,171.755296256332,28.0,0.81485,337.0,52.0,180.0,1171.0,30.0,257.0,139.0,397.0,22.475804565048033,129,4,54,59,226.0,-47.0,65.0,50.0,149.0,23.0,-77.0,5738.0,99.0,-10.0,7.3623035227503,61.513541661080055,
7364,754.32916,94.0793259237128,18.731893931757003,136.23161671907005,28.0,0.7925,347.0,55.0,190.0,1211.0,29.0,269.0,142.0,406.0,16.285518834206847,143,7,61,57,226.0,-54.0,65.0,42.0,141.0,16.0,-85.0,5708.0,92.0,-15.0,7.366671546198786,61.513541661080055,
7365,823.6773,241.35124715831677,27.076016160936202,243.27580376330616,28.0,0.8038,366.0,60.0,208.0,1286.0,27.0,292.0,149.0,423.0,23.96335392839153,127,8,53,58,223.0,-63.0,64.0,30.0,130.0,5.0,-93.0,5629.0,81.0,-25.0,7.375407593095761,61.513541661080055,
7366,916.35254,253.90491011303436,28.333305285818366,246.50677155954838,28.0,0.787,366.0,60.0,208.0,1286.0,27.0,292.0,149.0,423.0,27.999198694492588,117,7,53,56,223.0,-63.0,64.0,30.0,130.0,5.0,-93.0,5629.0,81.0,-25.0,7.379775616544246,61.513541661080055,
7367,847.2074,117.16278887827045,31.50493376566532,110.01505955466739,28.0,0.7573,236.0,35.0,137.0,883.0,29.0,216.0,103.0,294.0,26.808499370999915,93,9,51,58,242.0,-50.0,70.0,16.0,160.0,26.0,-82.0,6149.0,107.0,28.0,7.659329117246915,61.513541661080055,
7368,603.039,118.15546581518021,28.355611229164218,114.50733238434643,29.0,0.79765,216.0,31.0,122.0,814.0,32.0,197.0,98.0,279.0,24.644718074107836,109,4,53,59,244.0,-38.0,71.0,31.0,174.0,39.0,-70.0,6201.0,120.0,40.0,7.672433187592307,61.513541661080055,
7369,514.2205,122.48688196958695,36.19191524818618,108.53252073860945,29.0,0.7763,206.0,29.0,113.0,777.0,33.0,185.0,95.0,273.0,28.933140034024895,123,5,53,58,244.0,-28.0,71.0,43.0,185.0,50.0,-59.0,6184.0,131.0,51.0,7.676801211040793,61.513541661080055,
7370,387.80835,117.93671294204152,35.087512147803565,102.67666696272094,29.0,0.79795,206.0,29.0,113.0,777.0,33.0,185.0,95.0,273.0,29.37174722845624,121,5,57,58,244.0,-28.0,71.0,43.0,185.0,50.0,-59.0,6184.0,131.0,51.0,7.68116923448928,61.513541661080055,
7371,299.8796,129.45201793293649,31.102797032383396,124.18831021443273,29.0,0.861,202.0,29.0,112.0,769.0,33.0,183.0,95.0,272.0,23.9355531567933,129,5,54,60,245.0,-25.0,72.0,48.0,189.0,53.0,-56.0,6230.0,135.0,54.0,7.685537257937766,61.513541661080055,
7372,209.12846,122.78782286559992,29.6167227432818,119.4201960572516,29.0,0.873,202.0,29.0,112.0,769.0,33.0,183.0,95.0,272.0,23.709566039045782,129,5,61,58,245.0,-25.0,72.0,48.0,189.0,53.0,-56.0,6230.0,135.0,54.0,7.689905281386253,61.513541661080055,
7373,181.64775,179.36891730661694,24.503869405257998,178.02427304632528,29.0,0.8025,199.0,29.0,111.0,760.0,34.0,179.0,95.0,271.0,20.957497659705055,107,1,56,60,245.0,-19.0,72.0,54.0,195.0,59.0,-50.0,6244.0,141.0,60.0,7.694273304834742,61.513541661080055,
7374,151.63217,135.6383986296492,27.766074144344284,126.80355505082738,29.0,0.7595,199.0,29.0,111.0,760.0,34.0,179.0,95.0,271.0,25.12091382620478,121,3,56,59,245.0,-19.0,72.0,54.0,195.0,59.0,-50.0,6244.0,141.0,60.0,7.6986413282832284,61.513541661080055,
7375,821.5726,136.0169727833212,16.160933502217354,157.90429633392776,28.0,0.7945,236.0,35.0,137.0,883.0,29.0,216.0,103.0,294.0,10.740327116691324,105,5,51,53,242.0,-50.0,70.0,16.0,160.0,26.0,-82.0,6149.0,107.0,28.0,7.658815932314564,61.511458327746915,
7376,783.03235,139.23739311654552,23.036999340203536,140.88524881048687,28.0,0.803,236.0,35.0,137.0,883.0,29.0,216.0,103.0,294.0,17.02580202897655,103,3,52,57,242.0,-50.0,70.0,16.0,160.0,26.0,-82.0,6149.0,107.0,28.0,7.663183663099774,61.511458327746915,
7377,587.9173,89.0544585940761,26.162858118303266,112.05943198773984,29.0,0.7971,216.0,31.0,122.0,814.0,32.0,197.0,98.0,279.0,25.568893112932976,127,5,54,57,244.0,-38.0,71.0,31.0,174.0,39.0,-70.0,6201.0,120.0,40.0,7.671919124670336,61.511458327746915,
7378,458.9658,109.75689570473703,37.67527403616971,102.53587035452968,29.0,0.8039,206.0,29.0,113.0,777.0,33.0,185.0,95.0,273.0,32.452240132977614,116,6,54,58,244.0,-28.0,71.0,43.0,185.0,50.0,-59.0,6184.0,131.0,51.0,7.676286855455616,61.511458327746915,
7379,338.8115,118.38265657042248,35.96375642434075,101.59929944706305,29.0,0.8046,206.0,29.0,113.0,777.0,33.0,185.0,95.0,273.0,30.157690183487638,133,5,53,59,244.0,-28.0,71.0,43.0,185.0,50.0,-59.0,6184.0,131.0,51.0,7.680654586240897,61.511458327746915,
7380,254.00352,128.06179222903324,26.810764644759292,132.19307976619888,29.0,0.8332,202.0,29.0,112.0,769.0,33.0,183.0,95.0,272.0,20.14989438046689,135,1,52,59,245.0,-25.0,72.0,48.0,189.0,53.0,-56.0,6230.0,135.0,54.0,7.685022317026177,61.511458327746915,
7381,174.12938,116.30871852819551,23.31043230593783,119.1735661444575,29.0,0.8494,202.0,29.0,112.0,769.0,33.0,183.0,95.0,272.0,22.102468017962277,118,4,55,59,245.0,-25.0,72.0,48.0,189.0,53.0,-56.0,6230.0,135.0,54.0,7.6893900478114565,61.511458327746915,
7382,105.55418,134.5750476797865,23.43319160005256,144.89340706228697,29.0,0.7446,199.0,29.0,111.0,760.0,34.0,179.0,95.0,271.0,21.686669046904143,127,1,57,61,245.0,-19.0,72.0,54.0,195.0,59.0,-50.0,6244.0,141.0,60.0,7.698125509382019,61.511458327746915,
7383,817.12976,164.82874772974174,15.622209570077203,150.2028762180514,28.0,0.8069,254.0,39.0,149.0,941.0,28.0,230.0,108.0,308.0,12.589754373243743,122,5,52,54,240.0,-57.0,69.0,7.0,151.0,18.0,-89.0,6055.0,98.0,21.0,7.658302826270258,61.509374994413776,
7384,742.5719,120.25575263424946,26.11621647572568,121.37367785394282,28.0,0.8099,236.0,35.0,137.0,883.0,29.0,216.0,103.0,294.0,22.62092749304165,111,3,51,57,242.0,-50.0,70.0,16.0,160.0,26.0,-82.0,6149.0,107.0,28.0,7.662670264437253,61.509374994413776,
7385,670.8387,110.5837380029861,19.93946249609456,133.4755960607271,29.0,0.7938,216.0,31.0,122.0,814.0,32.0,197.0,98.0,279.0,16.875946057774886,126,5,54,55,244.0,-38.0,71.0,31.0,174.0,39.0,-70.0,6201.0,120.0,40.0,7.667037702604317,61.509374994413776,
7386,609.16486,110.67471943050987,20.799971232785023,130.24575026971945,29.0,0.7546,216.0,31.0,122.0,814.0,32.0,197.0,98.0,279.0,17.98528809293484,113,3,53,57,244.0,-38.0,71.0,31.0,174.0,39.0,-70.0,6201.0,120.0,40.0,7.6714051407713795,61.509374994413776,
7387,500.3281,92.59440664468558,40.869918177135304,86.15955691060503,29.0,0.7707,206.0,29.0,113.0,777.0,33.0,185.0,95.0,273.0,36.90258642177354,127,5,55,58,244.0,-28.0,71.0,43.0,185.0,50.0,-59.0,6184.0,131.0,51.0,7.675772578938442,61.509374994413776,
7388,327.62686,96.51228058956016,32.54981555041748,87.10327758085687,29.0,0.7942,206.0,29.0,113.0,777.0,33.0,185.0,95.0,273.0,33.66610476308287,140,4,53,58,244.0,-28.0,71.0,43.0,185.0,50.0,-59.0,6184.0,131.0,51.0,7.680140017105504,61.509374994413776,
7389,212.0623,119.14211151199112,23.92392009870758,124.67614815469301,29.0,0.8301,202.0,29.0,112.0,769.0,33.0,183.0,95.0,272.0,21.220192761623426,139,5,54,58,245.0,-25.0,72.0,48.0,189.0,53.0,-56.0,6230.0,135.0,54.0,7.684507455272567,61.509374994413776,
7390,797.80304,122.67825750579638,31.09786517080125,118.92620779406809,29.0,0.7993,237.0,35.0,137.0,885.0,30.0,215.0,104.0,296.0,25.73472936118932,113,5,53,56,241.0,-49.0,70.0,17.0,161.0,27.0,-80.0,6127.0,108.0,29.0,7.657789799096788,61.50729166108062,
7391,712.3147,117.70916942875272,21.010219044575727,134.72852705397963,28.0,0.81185,223.0,33.0,128.0,840.0,30.0,204.0,100.0,285.0,16.719264077064473,105,7,53,53,243.0,-43.0,70.0,25.0,169.0,34.0,-74.0,6173.0,115.0,36.0,7.662156944690541,61.50729166108062,
7392,654.3743,118.07237465808585,18.59172529676759,134.61340510578088,28.0,0.78835,223.0,33.0,128.0,840.0,30.0,204.0,100.0,285.0,17.05444012847471,121,5,52,57,243.0,-43.0,70.0,25.0,169.0,34.0,-74.0,6173.0,115.0,36.0,7.666524090284367,61.50729166108062,
7393,588.603,117.88920554428447,22.783465960357486,128.1156434544649,28.0,0.7595,207.0,30.0,116.0,784.0,33.0,186.0,96.0,275.0,19.504756028913956,125,4,53,57,245.0,-28.0,71.0,44.0,186.0,50.0,-59.0,6236.0,132.0,51.0,7.670891235878193,61.50729166108062,
7394,454.79504,119.26202793736317,51.120715557150476,90.47109004553907,28.0,0.77365,202.0,29.0,112.0,770.0,33.0,182.0,96.0,274.0,36.45791806907936,124,4,53,58,245.0,-21.0,71.0,52.0,193.0,57.0,-52.0,6240.0,139.0,57.0,7.675258381472017,61.50729166108062,
7395,310.4068,121.09140110180505,37.73849382418972,102.2515200002653,28.0,0.77755,202.0,29.0,112.0,770.0,33.0,182.0,96.0,274.0,31.144185667755565,132,4,55,59,245.0,-21.0,71.0,52.0,193.0,57.0,-52.0,6240.0,139.0,57.0,7.679625527065842,61.50729166108062,
7396,195.65356,109.1131378546745,23.494380611721773,115.01711352489873,28.0,0.8002,199.0,29.0,111.0,763.0,34.0,180.0,95.0,273.0,22.825396919622946,133,2,55,60,245.0,-18.0,71.0,55.0,196.0,60.0,-49.0,6217.0,142.0,61.0,7.683992672659667,61.50729166108062,
7397,131.73207,120.13886145370995,14.97041889974097,145.6725920187254,28.0,0.81025,199.0,29.0,111.0,763.0,34.0,180.0,95.0,273.0,13.18971598991271,130,0,58,56,245.0,-18.0,71.0,55.0,196.0,60.0,-49.0,6217.0,142.0,61.0,7.68835981825349,61.50729166108062,
7398,100.04796,219.51503018446468,23.90041199360772,211.17642117086803,29.0,0.6692,334.0,50.0,170.0,1150.0,32.0,241.0,139.0,401.0,20.5583495014718,115,6,49,66,224.0,-29.0,65.0,68.0,166.0,41.0,-58.0,5721.0,117.0,8.0,7.277360634074305,61.50520832774747,
7399,233.70544,298.5238900236887,41.752830243596556,249.6790018354513,29.0,0.733,334.0,50.0,170.0,1150.0,32.0,241.0,139.0,401.0,33.10036387268645,122,4,52,63,224.0,-29.0,65.0,68.0,166.0,41.0,-58.0,5721.0,117.0,8.0,7.281727487139791,61.50520832774747,
7400,728.2177,141.7147398599116,35.55543485841814,141.18901220652066,29.0,0.8072,237.0,35.0,137.0,885.0,30.0,215.0,104.0,296.0,20.86710957501927,113,4,52,55,241.0,-49.0,70.0,17.0,161.0,27.0,-80.0,6127.0,108.0,29.0,7.657276850776946,61.50520832774747,
7401,678.79596,139.32400530769053,27.091314066443953,144.76690680253088,28.0,0.80815,223.0,33.0,128.0,840.0,30.0,204.0,100.0,285.0,17.736331330189046,128,6,52,55,243.0,-43.0,70.0,25.0,169.0,34.0,-74.0,6173.0,115.0,36.0,7.661643703842431,61.50520832774747,
7402,628.2522,123.72777793016994,27.12011777690049,141.37976163833278,28.0,0.77715,223.0,33.0,128.0,840.0,30.0,204.0,100.0,285.0,15.426014823802449,140,4,54,56,243.0,-43.0,70.0,25.0,169.0,34.0,-74.0,6173.0,115.0,36.0,7.666010556907988,61.50520832774747,
7403,556.3766,122.79672700829472,35.07446915556507,121.53620472826077,28.0,0.76735,207.0,30.0,116.0,784.0,33.0,186.0,96.0,275.0,23.70446460478411,125,5,54,58,245.0,-28.0,71.0,44.0,186.0,50.0,-59.0,6236.0,132.0,51.0,7.670377409973543,61.50520832774747,
7404,412.75784,113.50848831069833,53.39972026720253,75.89402412013621,28.0,0.7955,207.0,30.0,116.0,784.0,33.0,186.0,96.0,275.0,40.79277756562193,128,4,54,57,245.0,-28.0,71.0,44.0,186.0,50.0,-59.0,6236.0,132.0,51.0,7.6747442630390985,61.50520832774747,
7405,256.99384,117.69051250333911,32.96368730489481,110.1083536010201,28.0,0.80175,202.0,29.0,112.0,770.0,33.0,182.0,96.0,274.0,27.161549681182233,135,5,55,61,245.0,-21.0,71.0,52.0,193.0,57.0,-52.0,6240.0,139.0,57.0,7.679111116104655,61.50520832774747,
7406,170.39146,112.68146889886536,20.444864006478706,130.69989319656216,28.0,0.80375,199.0,29.0,111.0,763.0,34.0,180.0,95.0,273.0,17.847634028723938,140,3,55,58,245.0,-18.0,71.0,55.0,196.0,60.0,-49.0,6217.0,142.0,61.0,7.68347796917021,61.50520832774747,
7407,116.390594,120.71151832778705,13.398653328529344,145.69899730026273,28.0,0.79765,199.0,29.0,111.0,763.0,34.0,180.0,95.0,273.0,13.032753550388069,116,3,58,59,245.0,-18.0,71.0,55.0,196.0,60.0,-49.0,6217.0,142.0,61.0,7.687844822235765,61.50520832774747,
7408,273.98257,259.2734239693731,34.1136760720095,225.37091085470297,29.0,0.7728,334.0,50.0,170.0,1150.0,32.0,241.0,139.0,401.0,26.844919391112473,131,5,52,64,224.0,-29.0,65.0,68.0,166.0,41.0,-58.0,5721.0,117.0,8.0,7.281239771221004,61.503124994414314,
7409,705.7151,158.0813186774169,41.85469026832155,152.673865010424,29.0,0.76,237.0,35.0,137.0,885.0,30.0,215.0,104.0,296.0,23.06829488689749,108,4,53,54,241.0,-49.0,70.0,17.0,161.0,27.0,-80.0,6127.0,108.0,29.0,7.652397420711288,61.503124994414314,
7410,667.51544,145.634483221769,38.94605321019269,150.00839098553737,29.0,0.7868,237.0,35.0,137.0,885.0,30.0,215.0,104.0,296.0,18.674117213461372,118,5,55,55,241.0,-49.0,70.0,17.0,161.0,27.0,-80.0,6127.0,108.0,29.0,7.656763981293533,61.503124994414314,
7411,612.3278,142.93546398541653,42.86947282386663,130.9940916274113,28.0,0.8009,223.0,33.0,128.0,840.0,30.0,204.0,100.0,285.0,27.1889660037828,130,6,54,56,243.0,-43.0,70.0,25.0,169.0,34.0,-74.0,6173.0,115.0,36.0,7.66113054187571,61.503124994414314,
7412,539.31384,154.8670471096587,55.560019293545864,143.79980860468288,28.0,0.7836,223.0,33.0,128.0,840.0,30.0,204.0,100.0,285.0,34.88562762389146,128,7,53,56,243.0,-43.0,70.0,25.0,169.0,34.0,-74.0,6173.0,115.0,36.0,7.665497102457957,61.503124994414314,
7413,465.03433,141.90312433788577,64.24891292433938,110.40319433990823,28.0,0.78315,207.0,30.0,116.0,784.0,33.0,186.0,96.0,275.0,41.43018111787511,126,4,57,56,245.0,-28.0,71.0,44.0,186.0,50.0,-59.0,6236.0,132.0,51.0,7.669863663040202,61.503124994414314,
7414,219.96971,111.2436702637006,24.05941485638662,123.90144101136445,28.0,0.821,202.0,29.0,112.0,770.0,33.0,182.0,96.0,274.0,20.489927997874418,135,2,54,63,245.0,-21.0,71.0,52.0,193.0,57.0,-52.0,6240.0,139.0,57.0,7.678596784204694,61.503124994414314,
7415,100.05065,108.56845201163897,11.929900213843293,148.3826662100738,28.0,0.8078,199.0,29.0,111.0,763.0,34.0,180.0,95.0,273.0,11.213259706704198,141,1,62,61,245.0,-18.0,71.0,55.0,196.0,60.0,-49.0,6217.0,142.0,61.0,7.687329905369187,61.503124994414314,
7416,1117.1124,175.81379806004452,63.64795801285482,172.83188234674643,27.0,0.6613,175.0,36.0,128.0,809.0,27.0,263.0,95.0,273.0,31.76993851754214,122,1,58,53,276.0,-103.0,77.0,-71.0,136.0,-17.0,-140.0,6991.0,76.0,65.0,8.792069732675406,61.503124994414314,
7417,1125.1902,183.4722341478997,58.37374241539918,186.42999683209675,27.0,0.7251,175.0,36.0,128.0,809.0,27.0,263.0,95.0,273.0,31.889465805755613,120,1,54,54,276.0,-103.0,77.0,-71.0,136.0,-17.0,-140.0,6991.0,76.0,65.0,8.796436293257653,61.503124994414314,
7418,316.6268,230.06120561988647,34.81839608086386,219.18093962504085,29.0,0.75775,334.0,50.0,170.0,1150.0,32.0,241.0,139.0,401.0,26.248857933268336,128,5,53,61,224.0,-29.0,65.0,68.0,166.0,41.0,-58.0,5721.0,117.0,8.0,7.280752130255783,61.501041661081175,
7419,606.0906,142.87169078916077,43.99471225409736,131.30321328268553,29.0,0.7894,237.0,35.0,137.0,885.0,30.0,215.0,104.0,296.0,27.296494052428,124,6,53,56,241.0,-49.0,70.0,17.0,161.0,27.0,-80.0,6127.0,108.0,29.0,7.651884922485472,61.501041661081175,
7420,558.6575,164.10497162972112,48.46177242797381,160.5345950587486,29.0,0.7707,237.0,35.0,137.0,885.0,30.0,215.0,104.0,296.0,28.634694251896946,136,7,53,56,241.0,-49.0,70.0,17.0,161.0,27.0,-80.0,6127.0,108.0,29.0,7.656251190629358,61.501041661081175,
7421,513.07117,151.0931706728371,51.056001347543564,139.73989729705693,28.0,0.78255,223.0,33.0,128.0,840.0,30.0,204.0,100.0,285.0,28.316669352016234,139,7,55,56,243.0,-43.0,70.0,25.0,169.0,34.0,-74.0,6173.0,115.0,36.0,7.660617458773174,61.501041661081175,
7422,141.73528,107.52874880250528,17.72566314946299,124.92287756092848,28.0,0.7957,202.0,29.0,112.0,770.0,33.0,182.0,96.0,274.0,19.771019189496613,138,2,57,62,245.0,-21.0,71.0,52.0,193.0,57.0,-52.0,6240.0,139.0,57.0,7.682448799492605,61.501041661081175,
7423,1056.8639,164.2843276670765,38.8638426361541,162.099678821601,28.0,0.7374,168.0,34.0,122.0,783.0,28.0,255.0,92.0,265.0,21.51018179821244,102,2,54,55,278.0,-101.0,78.0,-68.0,140.0,-14.0,-138.0,7057.0,80.0,69.0,8.782748371749875,61.501041661081175,
7424,1035.2592,165.8270740548657,32.85340487202677,166.43732282456364,27.0,0.7965,165.0,34.0,120.0,774.0,28.0,254.0,92.0,264.0,18.380591094130356,91,5,53,51,279.0,-101.0,78.0,-67.0,141.0,-13.0,-138.0,7097.0,82.0,70.0,8.787114639893762,61.501041661081175,
7425,1022.8476,177.4383510180721,26.975711291280998,177.93844195241965,27.0,0.8034,165.0,34.0,120.0,774.0,28.0,254.0,92.0,264.0,14.258939958786153,99,8,51,54,279.0,-101.0,78.0,-67.0,141.0,-13.0,-138.0,7097.0,82.0,70.0,8.791480908037647,61.501041661081175,
7426,1026.3844,190.60268313123066,26.494057690257236,187.48183300875567,27.0,0.794,175.0,36.0,128.0,809.0,27.0,263.0,95.0,273.0,13.635904389506834,117,3,52,49,276.0,-103.0,77.0,-71.0,136.0,-17.0,-140.0,6991.0,76.0,65.0,8.795847176181532,61.501041661081175,
7427,1044.7131,201.67002723119447,30.816695959376712,200.54138305531856,28.0,0.7894,172.0,35.0,125.0,799.0,28.0,261.0,94.0,270.0,17.062899982595013,116,4,52,52,277.0,-103.0,78.0,-70.0,137.0,-16.0,-140.0,7028.0,78.0,66.0,8.80021344432535,61.501041661081175,
7428,297.3602,259.4355332624693,50.25910099901818,250.516801137495,28.0,0.7626,358.0,55.0,187.0,1231.0,30.0,263.0,148.0,422.0,40.3124262809172,139,8,60,61,224.0,-42.0,64.0,54.0,152.0,27.0,-72.0,5675.0,103.0,-5.0,7.280264564227776,61.498958327748035,
7429,470.59946,148.60488822563156,38.04785007421837,145.62178949157794,29.0,0.8228,212.0,31.0,119.0,802.0,33.0,191.0,98.0,280.0,24.5449018354183,137,5,55,54,244.0,-29.0,71.0,41.0,183.0,48.0,-61.0,6190.0,130.0,49.0,7.6557384787672245,61.498958327748035,
7430,411.6955,139.73523905290128,45.173743660682725,128.01137987044712,29.0,0.805,208.0,30.0,116.0,788.0,33.0,186.0,97.0,278.0,27.703578170710763,134,5,53,55,244.0,-25.0,71.0,47.0,188.0,53.0,-56.0,6220.0,134.0,53.0,7.66010445451762,61.498958327748035,
7431,337.14832,146.24874514588686,42.2163804018607,138.544156478274,29.0,0.8077,208.0,30.0,116.0,788.0,33.0,186.0,97.0,278.0,25.693276994258923,133,4,54,56,244.0,-25.0,71.0,47.0,188.0,53.0,-56.0,6220.0,134.0,53.0,7.6644704302680875,61.498958327748035,
7432,1112.0972,178.84133804128948,69.77230314836261,179.34009237894423,27.0,0.6436,149.0,29.0,104.0,708.0,30.0,233.0,84.0,245.0,37.91651786301511,126,0,53,57,283.0,-92.0,79.0,-56.0,152.0,-3.0,-131.0,7137.0,91.0,80.0,8.686108755875246,61.498958327748035,
7433,1118.5371,178.34732035588186,75.13304203488951,177.01439509902673,27.0,0.6311,149.0,29.0,104.0,708.0,30.0,233.0,84.0,245.0,37.1563123975387,121,0,53,57,283.0,-92.0,79.0,-56.0,152.0,-3.0,-131.0,7137.0,91.0,80.0,8.690474731625713,61.498958327748035,
7434,1066.3438,164.38465559394845,71.36745477440395,151.31450524997777,27.0,0.6417,149.0,29.0,104.0,708.0,30.0,233.0,84.0,245.0,35.35312689699652,114,6,54,58,283.0,-93.0,79.0,-56.0,152.0,-3.0,-131.0,7153.0,91.0,80.0,8.699206683126645,61.498958327748035,
7435,1033.9664,168.49041023338165,53.800838018598164,163.9366575461839,27.0,0.66095,148.0,29.0,104.0,708.0,30.0,234.0,85.0,246.0,25.758678556822463,120,7,59,58,283.0,-93.0,79.0,-57.0,152.0,-3.0,-131.0,7174.0,91.0,80.0,8.70357265887711,61.498958327748035,
7436,1008.534,162.64934972268156,55.344919014287214,183.68533356968487,28.0,0.46935,148.0,29.0,104.0,707.0,30.0,234.0,85.0,245.0,22.768206189777214,135,7,63,61,284.0,-93.0,80.0,-57.0,153.0,-3.0,-131.0,7190.0,92.0,80.0,8.716670586128508,61.498958327748035,
7437,1012.64764,166.6695074470854,57.08257584845752,191.56971455120888,28.0,0.5629,148.0,29.0,104.0,707.0,30.0,234.0,85.0,245.0,24.304152964600792,105,6,63,56,285.0,-94.0,80.0,-57.0,153.0,-3.0,-132.0,7201.0,92.0,80.0,8.725402537629373,61.498958327748035,
7438,1043.81,189.55799129602545,67.55291589407035,193.32653486894307,28.0,0.5991,148.0,29.0,104.0,707.0,30.0,234.0,85.0,245.0,30.151376173207648,136,5,62,57,285.0,-94.0,80.0,-57.0,153.0,-3.0,-132.0,7201.0,92.0,80.0,8.729768513379838,61.498958327748035,
7439,1062.0775,180.72499380919305,69.54124851308345,181.13601011352114,27.0,0.64075,148.0,29.0,104.0,707.0,30.0,234.0,85.0,245.0,34.10385113397409,125,5,62,58,286.0,-94.0,80.0,-57.0,153.0,-3.0,-133.0,7225.0,92.0,80.0,8.734134489130303,61.498958327748035,
7440,1069.9514,196.2397753859617,76.61318969166781,209.70496195066536,28.0,0.6149,147.0,29.0,104.0,707.0,30.0,234.0,85.0,245.0,36.46137289205759,117,18,61,57,285.0,-94.0,80.0,-57.0,153.0,-3.0,-132.0,7229.0,92.0,80.0,8.755964367882635,61.498958327748035,
7441,1109.0127,190.42642693375913,79.77091598614588,199.54941620848783,28.0,0.6769,147.0,29.0,104.0,707.0,30.0,235.0,85.0,245.0,37.77222391546882,115,18,62,54,285.0,-95.0,80.0,-58.0,153.0,-4.0,-132.0,7249.0,92.0,80.0,8.76033034363303,61.498958327748035,
7442,1047.3947,138.2383571403921,37.68629970031281,147.15725658093552,28.0,0.7375,147.0,29.0,104.0,708.0,30.0,236.0,85.0,246.0,21.306872297964922,130,16,56,56,285.0,-95.0,80.0,-57.0,153.0,-4.0,-132.0,7242.0,92.0,80.0,8.769062295133962,61.498958327748035,
7443,1014.90753,153.4077203826223,28.468595694987382,163.77049734172743,28.0,0.7252,147.0,29.0,104.0,708.0,30.0,236.0,85.0,246.0,15.195668088097936,118,4,56,56,285.0,-95.0,80.0,-57.0,153.0,-4.0,-132.0,7242.0,92.0,80.0,8.773428270884427,61.498958327748035,
7444,231.35097,268.79823393006836,54.28452414763575,255.0,28.0,0.8049,358.0,55.0,187.0,1231.0,30.0,263.0,148.0,422.0,48.3799994008109,133,10,55,62,224.0,-42.0,64.0,54.0,152.0,27.0,-72.0,5675.0,103.0,-5.0,7.279777073120639,61.49687499441488,
7445,681.49304,149.70189889550915,58.363261233882376,144.11339746148346,29.0,0.80295,222.0,32.0,125.0,830.0,31.0,198.0,100.0,285.0,31.86220416648181,115,4,57,58,244.0,-36.0,71.0,33.0,176.0,40.0,-68.0,6195.0,122.0,41.0,7.642128795484017,61.49687499441488,
7446,597.7731,119.33020965543487,34.034233251575756,112.09169464305106,29.0,0.8129,222.0,32.0,125.0,830.0,31.0,198.0,100.0,285.0,26.166623742381404,114,4,54,58,244.0,-36.0,71.0,33.0,176.0,40.0,-68.0,6195.0,122.0,41.0,7.646494478885993,61.49687499441488,
7447,508.5533,121.2528785342147,30.63687086902391,119.17236489633237,29.0,0.81665,212.0,31.0,119.0,802.0,33.0,191.0,98.0,280.0,23.58635302060788,124,5,54,58,244.0,-29.0,71.0,41.0,183.0,48.0,-61.0,6190.0,130.0,49.0,7.650860162287968,61.49687499441488,
7448,415.71136,120.14770610673553,29.20085239488053,117.47487394635972,29.0,0.80655,212.0,31.0,119.0,802.0,33.0,191.0,98.0,280.0,23.880269887378386,124,6,54,52,244.0,-29.0,71.0,41.0,183.0,48.0,-61.0,6190.0,130.0,49.0,7.655225845689944,61.49687499441488,
7449,344.96014,129.8274552658763,30.92588825050374,131.26784934969498,29.0,0.8134,208.0,30.0,116.0,788.0,33.0,186.0,97.0,278.0,20.73616289226083,143,3,53,55,244.0,-25.0,71.0,47.0,188.0,53.0,-56.0,6220.0,134.0,53.0,7.659591529091849,61.49687499441488,
7450,278.0708,136.82670544126026,28.353689261549306,141.8119125786293,29.0,0.8256,208.0,30.0,116.0,788.0,33.0,186.0,97.0,278.0,18.67097545031257,135,3,53,57,244.0,-25.0,71.0,47.0,188.0,53.0,-56.0,6220.0,134.0,53.0,7.663957212493827,61.49687499441488,
7451,226.54349,126.23063342072749,22.640577345579167,144.488732343489,28.0,0.8334,204.0,30.0,114.0,777.0,34.0,182.0,97.0,277.0,14.851528146561016,141,2,51,56,245.0,-20.0,71.0,53.0,194.0,58.0,-51.0,6236.0,140.0,59.0,7.668322895895802,61.49687499441488,
7452,1053.1519,148.85182494558637,46.146146762317436,137.86832770983293,28.0,0.78315,149.0,29.0,104.0,707.0,30.0,232.0,84.0,245.0,27.594332088776984,133,0,58,52,282.0,-92.0,79.0,-56.0,152.0,-3.0,-130.0,7145.0,91.0,80.0,8.672430078348464,61.49687499441488,
7453,194.15509,268.42221942122285,42.1445766107825,254.17309708600177,28.0,0.8468,358.0,55.0,187.0,1231.0,30.0,263.0,148.0,422.0,38.62548511601651,119,9,52,62,224.0,-42.0,64.0,54.0,152.0,27.0,-72.0,5675.0,103.0,-5.0,7.279289656918033,61.49479166108173,
7454,519.01416,161.0451326256456,59.46783678398181,154.9351231396192,29.0,0.78775,222.0,32.0,125.0,830.0,31.0,198.0,100.0,285.0,32.61307647935154,133,1,54,58,244.0,-36.0,71.0,33.0,176.0,40.0,-68.0,6195.0,122.0,41.0,7.645982509183528,61.49479166108173,
7455,446.78052,136.1207185793143,44.080011649448146,121.94279182809731,29.0,0.7707,212.0,31.0,119.0,802.0,33.0,191.0,98.0,280.0,28.201091719717702,129,2,54,56,244.0,-29.0,71.0,41.0,183.0,48.0,-61.0,6190.0,130.0,49.0,7.650347900281934,61.49479166108173,
7456,368.7287,132.1124662108428,38.7648908739108,123.774544451314,29.0,0.77305,212.0,31.0,119.0,802.0,33.0,191.0,98.0,280.0,26.45707351162042,126,16,55,55,244.0,-29.0,71.0,41.0,183.0,48.0,-61.0,6190.0,130.0,49.0,7.65471329138034,61.49479166108173,
7457,289.29083,137.4599544338005,39.4945088027527,125.63145581323832,29.0,0.781,208.0,30.0,116.0,788.0,33.0,186.0,97.0,278.0,27.776750346140453,127,20,55,57,244.0,-25.0,71.0,47.0,188.0,53.0,-56.0,6220.0,134.0,53.0,7.659078682478676,61.49479166108173,
7458,220.69026,147.23405423334074,32.15601697236985,146.65976035866504,29.0,0.8027,208.0,30.0,116.0,788.0,33.0,186.0,97.0,278.0,20.201595768750156,131,5,54,58,244.0,-25.0,71.0,47.0,188.0,53.0,-56.0,6220.0,134.0,53.0,7.663444073577084,61.49479166108173,
7459,183.75844,157.07556905852312,28.306952957699675,162.14625534016258,28.0,0.81115,204.0,30.0,114.0,777.0,34.0,182.0,97.0,277.0,16.49233958788135,142,1,52,59,245.0,-20.0,71.0,53.0,194.0,58.0,-51.0,6236.0,140.0,59.0,7.66780946467549,61.49479166108173,
7460,144.44162,135.36004519057545,25.448984682527918,139.16632392905285,28.0,0.80145,204.0,30.0,114.0,777.0,34.0,182.0,97.0,277.0,18.872884722147507,152,4,54,58,245.0,-20.0,71.0,53.0,194.0,58.0,-51.0,6236.0,140.0,59.0,7.672174855773896,61.49479166108173,
7461,80.20005,251.30140148842338,13.687753917782143,218.79793362805358,29.0,0.7894,317.0,47.0,159.0,1100.0,34.0,227.0,135.0,390.0,14.127962994156974,94,2,56,65,224.0,-18.0,65.0,82.0,178.0,53.0,-46.0,5726.0,129.0,19.0,7.274437216763956,61.49270832774859,
7462,186.21977,282.5952621356097,38.91017186599832,254.1946729668254,28.0,0.8306,358.0,55.0,187.0,1231.0,30.0,263.0,148.0,422.0,35.926815876247325,97,7,53,61,224.0,-42.0,64.0,54.0,152.0,27.0,-72.0,5675.0,103.0,-5.0,7.278802315603632,61.49270832774859,
7463,269.75516,150.9072678571634,55.70431887012953,134.76026246301694,29.0,0.73915,212.0,31.0,119.0,802.0,33.0,191.0,98.0,280.0,32.27799256879974,129,17,54,58,244.0,-29.0,71.0,41.0,183.0,48.0,-61.0,6190.0,130.0,49.0,7.654200815821239,61.49270832774859,
7464,202.1521,143.116958713259,46.68990217054944,129.6743021799046,29.0,0.76315,208.0,30.0,116.0,788.0,33.0,186.0,97.0,278.0,29.332830484281512,125,18,58,60,244.0,-25.0,71.0,47.0,188.0,53.0,-56.0,6220.0,134.0,53.0,7.658565914660917,61.49270832774859,
7465,149.45898,157.07387816318473,33.1855178983794,155.07213055138143,29.0,0.7739,208.0,30.0,116.0,788.0,33.0,186.0,97.0,278.0,19.763288675162393,139,1,54,61,244.0,-25.0,71.0,47.0,188.0,53.0,-56.0,6220.0,134.0,53.0,7.662931013500664,61.49270832774859,
7466,123.25706,164.03514604003865,25.393592436821113,166.98478431035062,28.0,0.79605,204.0,30.0,114.0,777.0,34.0,182.0,97.0,277.0,14.025974395870964,144,3,56,59,245.0,-20.0,71.0,53.0,194.0,58.0,-51.0,6236.0,140.0,59.0,7.667296112340411,61.49270832774859,
7467,93.35163,146.88074749889856,28.946476887020477,148.71120101471377,28.0,0.7861,204.0,30.0,114.0,777.0,34.0,182.0,97.0,277.0,18.600123414576636,137,8,56,62,245.0,-20.0,71.0,53.0,194.0,58.0,-51.0,6236.0,140.0,59.0,7.671661211180157,61.49270832774859,
7468,1108.8319,160.04326640819306,32.09885635983267,160.67225647922407,28.0,0.76985,175.0,34.0,123.0,789.0,27.0,251.0,91.0,264.0,18.6610484500889,130,6,58,59,274.0,-98.0,77.0,-66.0,139.0,-12.0,-135.0,6928.0,80.0,69.0,8.614522560563747,61.49270832774859,
7469,1064.7106,164.94728123528412,27.333770199375284,166.06028030545045,28.0,0.74955,175.0,34.0,124.0,792.0,27.0,252.0,91.0,265.0,17.730254145763695,130,10,60,57,273.0,-98.0,77.0,-66.0,138.0,-12.0,-135.0,6896.0,79.0,68.0,8.623252758243241,61.49270832774859,
7470,1059.8743,182.97635335708705,37.08545183792839,184.28700114770615,28.0,0.79335,186.0,37.0,133.0,832.0,26.0,263.0,95.0,275.0,20.608701374651567,123,6,57,56,271.0,-101.0,76.0,-71.0,133.0,-17.0,-138.0,6829.0,74.0,63.0,8.631982955922735,61.49270832774859,
7471,1064.5774,184.10300222734475,51.69588888257631,187.43167174079923,28.0,0.76175,196.0,39.0,141.0,866.0,25.0,271.0,98.0,284.0,28.28186223007126,120,0,57,56,267.0,-103.0,75.0,-74.0,127.0,-21.0,-140.0,6711.0,68.0,58.0,8.636348054762484,61.49270832774859,
7472,1078.3256,189.53068277672412,63.9154011009683,196.81119674742783,28.0,0.69885,196.0,39.0,141.0,866.0,25.0,271.0,98.0,284.0,34.16024027199378,119,0,57,54,267.0,-103.0,75.0,-74.0,127.0,-21.0,-140.0,6711.0,68.0,58.0,8.64071315360223,61.49270832774859,
7473,1099.9408,191.38252569052398,73.82546866195212,196.36138942527697,28.0,0.6622,193.0,38.0,139.0,858.0,26.0,270.0,97.0,282.0,36.44973843691968,103,10,56,58,268.0,-103.0,76.0,-74.0,128.0,-20.0,-140.0,6743.0,70.0,59.0,8.645078252441907,61.49270832774859,
7474,1075.9934,145.4353087462964,53.229600643206986,129.99076007372008,28.0,0.726,175.0,34.0,124.0,798.0,27.0,255.0,92.0,268.0,31.17836014124127,118,0,62,54,273.0,-100.0,77.0,-68.0,137.0,-14.0,-136.0,6898.0,77.0,67.0,8.658173548961146,61.49270832774859,
7475,1007.0104,163.12029649144628,40.87834535600492,160.77410181607127,28.0,0.7497,153.0,29.0,106.0,717.0,30.0,234.0,85.0,246.0,19.00883022087729,122,6,57,54,281.0,-93.0,79.0,-58.0,150.0,-4.0,-131.0,7107.0,90.0,78.0,8.662538647800893,61.49270832774859,
7476,79.75524,281.9574655496122,21.671487396923684,226.73957008392202,28.0,0.8026,341.0,51.0,174.0,1173.0,32.0,247.0,142.0,408.0,17.884871243843925,115,4,55,63,225.0,-31.0,65.0,66.0,164.0,39.0,-61.0,5721.0,115.0,6.0,7.273950242535185,61.49062499441545,
7477,212.31075,287.62632207816785,49.20788944809076,255.0,28.0,0.8324,380.0,61.0,206.0,1310.0,28.0,285.0,156.0,441.0,40.78392266870848,114,7,52,61,223.0,-53.0,64.0,40.0,139.0,15.0,-84.0,5625.0,90.0,-16.0,7.278315049161104,61.49062499441545,
7478,147.86652,159.98968103216308,63.42392462147521,146.1829819926464,29.0,0.73875,207.0,30.0,115.0,786.0,34.0,183.0,98.0,281.0,34.18439484279756,133,3,56,62,244.0,-19.0,71.0,53.0,194.0,58.0,-50.0,6214.0,140.0,59.0,7.653688418995468,61.49062499441545,
7479,93.749825,157.84400114527213,53.650845600735344,144.2082050378236,29.0,0.73925,207.0,30.0,115.0,786.0,34.0,183.0,98.0,281.0,34.084120897538426,127,3,59,59,244.0,-19.0,71.0,53.0,194.0,58.0,-50.0,6214.0,140.0,59.0,7.658053225621385,61.49062499441545,
7480,66.23653,164.50357247702635,30.919883837063125,164.88055065489814,28.0,0.77745,204.0,30.0,113.0,776.0,34.0,181.0,97.0,278.0,22.170772071157234,134,5,54,61,245.0,-18.0,71.0,56.0,196.0,61.0,-49.0,6228.0,142.0,61.0,7.666782838873364,61.49062499441545,
7481,34.239872,155.57228046285869,23.183374381952515,154.34317409844107,28.0,0.7787,204.0,30.0,113.0,776.0,34.0,181.0,97.0,278.0,16.49211397244368,127,6,57,64,245.0,-18.0,71.0,56.0,196.0,61.0,-49.0,6228.0,142.0,61.0,7.671147645499351,61.49062499441545,
7482,1114.4279,163.74365736347582,25.22174848398761,165.71170529595753,27.0,0.7458,167.0,32.0,117.0,762.0,28.0,244.0,88.0,257.0,17.365728648213274,130,2,58,58,276.0,-96.0,77.0,-62.0,143.0,-9.0,-133.0,6983.0,84.0,72.0,8.600851456833182,61.49062499441545,
7483,1091.2,162.5314621719041,25.107641820662355,166.8281023661025,27.0,0.75295,167.0,32.0,117.0,762.0,28.0,244.0,88.0,257.0,16.994669523976132,121,6,60,56,276.0,-96.0,77.0,-62.0,143.0,-9.0,-133.0,6983.0,84.0,72.0,8.6052162634591,61.49062499441545,
7484,1073.5566,160.32802873853254,19.4478623437923,169.76852156550362,28.0,0.73635,159.0,30.0,111.0,737.0,29.0,238.0,86.0,251.0,11.947675654716504,130,4,59,57,277.0,-94.0,78.0,-60.0,146.0,-6.0,-131.0,7034.0,87.0,75.0,8.609581070085092,61.49062499441545,
7485,1053.1132,161.7127042740434,18.91579093270299,164.7268112902705,28.0,0.71485,159.0,30.0,111.0,737.0,29.0,238.0,86.0,251.0,11.759278476232977,133,3,58,57,277.0,-94.0,78.0,-60.0,146.0,-6.0,-131.0,7034.0,87.0,75.0,8.613945876711078,61.49062499441545,
7486,1028.4956,76.44622517030064,17.596589703005627,169.83594207370086,28.0,0.7178,150.0,28.0,103.0,708.0,30.0,231.0,84.0,244.0,9.744613121987879,124,5,57,58,281.0,-91.0,79.0,-56.0,152.0,-3.0,-129.0,7097.0,91.0,79.0,8.622675489963056,61.49062499441545,
7487,1023.2417,249.78010191574998,21.605155536232267,186.96690790688106,27.0,0.75615,165.0,34.0,120.0,774.0,28.0,254.0,92.0,264.0,12.01517319000254,142,5,60,56,279.0,-100.0,78.0,-67.0,141.0,-12.0,-138.0,7086.0,82.0,70.0,8.788538141750331,61.49062499441545,
7488,1046.2673,331.6813065635455,29.74442130924347,208.1422471245813,28.0,0.7129,159.0,32.0,114.0,754.0,29.0,249.0,90.0,259.0,19.14561005133203,128,3,62,54,281.0,-99.0,79.0,-64.0,144.0,-10.0,-137.0,7124.0,84.0,72.0,8.79290294837632,61.49062499441545,
7489,126.24364,304.21318037669164,56.4023847003172,250.61915229229055,28.0,0.7421,341.0,51.0,174.0,1173.0,32.0,247.0,142.0,408.0,35.17465881988655,120,9,51,58,225.0,-31.0,65.0,66.0,164.0,39.0,-61.0,5721.0,115.0,6.0,7.273463343117067,61.488541661082294,
7490,1025.0007,327.7962126676795,37.857112103787244,201.7453365353231,27.0,0.7666,154.0,30.0,109.0,729.0,30.0,240.0,87.0,251.0,20.3662670707081,139,3,53,56,284.0,-96.0,79.0,-60.0,150.0,-6.0,-134.0,7177.0,89.0,77.0,8.74430471516397,61.488541661082294,
7491,125.99859,327.9964938443875,64.74112199211093,228.47338755347153,28.0,0.6673,341.0,51.0,174.0,1173.0,32.0,247.0,142.0,408.0,35.926796967063694,117,7,50,61,225.0,-31.0,65.0,66.0,164.0,39.0,-61.0,5721.0,115.0,6.0,7.268612296160165,61.48645832774914,
7492,902.2593,252.9168583729992,16.732300979400364,226.80733358271098,28.0,0.73045,206.0,34.0,133.0,835.0,27.0,234.0,91.0,268.0,16.485574021163558,113,22,54,57,254.0,-77.0,73.0,-8.0,143.0,2.0,-111.0,6430.0,87.0,49.0,8.0192585374578,61.48645832774914,
7493,1002.0351,150.41657337181283,30.147569999016493,181.74440025022992,27.0,0.77685,148.0,29.0,104.0,707.0,30.0,233.0,84.0,245.0,14.15472005346064,142,3,55,52,283.0,-93.0,79.0,-56.0,152.0,-3.0,-131.0,7164.0,91.0,80.0,8.695712999092299,61.48645832774914,
7494,1003.90564,160.6384985795411,30.70587849671144,183.92591821519633,27.0,0.7789,148.0,29.0,104.0,708.0,30.0,234.0,85.0,246.0,15.57817789385196,144,4,58,53,283.0,-93.0,79.0,-57.0,152.0,-3.0,-131.0,7174.0,91.0,80.0,8.700077221425433,61.48645832774914,
7495,1012.6824,274.10827257382596,30.931393901640277,188.26891863657886,27.0,0.7612,148.0,29.0,104.0,708.0,30.0,234.0,85.0,246.0,17.84660458697581,135,5,54,50,283.0,-93.0,79.0,-57.0,152.0,-3.0,-131.0,7174.0,91.0,80.0,8.704441443758567,61.48645832774914,
7496,1054.8811,283.5772493575454,29.714837342756965,206.7452386516567,28.0,0.7362,155.0,30.0,109.0,731.0,30.0,240.0,87.0,251.0,22.417876888748367,131,4,56,53,281.0,-95.0,79.0,-60.0,148.0,-6.0,-133.0,7127.0,88.0,76.0,8.717534110757898,61.48645832774914,
7497,1094.9814,298.24786601824434,36.479944991905825,214.2083460779847,28.0,0.7547,155.0,30.0,109.0,731.0,30.0,240.0,87.0,251.0,29.577777631881503,136,4,52,57,281.0,-95.0,79.0,-60.0,148.0,-6.0,-133.0,7127.0,88.0,76.0,8.721898333091033,61.48645832774914,
7498,1008.72076,122.96992727256468,14.591975019740609,162.80027294218561,27.0,0.76035,148.0,29.0,105.0,713.0,30.0,237.0,86.0,248.0,8.705183683475543,124,4,54,53,286.0,-95.0,80.0,-58.0,152.0,-4.0,-134.0,7225.0,91.0,79.0,8.756812111756034,61.48645832774914,
7499,99.05899,272.00632893688527,40.153779808331706,235.99359564970314,29.0,0.7248,313.0,46.0,155.0,1089.0,34.0,223.0,135.0,389.0,31.297623275442245,108,0,51,61,224.0,-12.0,65.0,88.0,183.0,58.0,-41.0,5740.0,134.0,24.0,7.2637619081395375,61.484374994416,
7500,278.78152,305.2985456106273,66.04900287590701,244.5064705238307,28.0,0.8013,341.0,51.0,174.0,1173.0,32.0,247.0,142.0,408.0,41.6694236152362,120,2,52,64,225.0,-31.0,65.0,66.0,164.0,39.0,-61.0,5721.0,115.0,6.0,7.268125838393555,61.484374994416,
7501,872.63794,140.76177237650475,15.37587867714003,159.0957444486358,28.0,0.75755,190.0,30.0,121.0,780.0,28.0,219.0,87.0,255.0,10.889885190424403,85,3,49,47,256.0,-72.0,73.0,-41.0,151.0,9.0,-105.0,6494.0,95.0,56.0,8.0056300513213,61.484374994416,
7502,845.71576,154.58508978953105,17.6366176616367,164.11628780135158,28.0,0.74745,197.0,32.0,127.0,806.0,27.0,226.0,89.0,261.0,11.98121003369156,101,6,50,48,255.0,-74.0,73.0,-44.0,147.0,5.0,-108.0,6448.0,91.0,52.0,8.009993981575317,61.484374994416,
7503,843.3614,221.17130619701268,12.546962096915845,198.75327676900957,28.0,0.71315,197.0,32.0,127.0,806.0,27.0,226.0,89.0,261.0,10.753675532055194,112,29,53,50,255.0,-74.0,73.0,-44.0,147.0,5.0,-108.0,6448.0,91.0,52.0,8.014357911829336,61.484374994416,
7504,881.2918,274.7808252540093,19.360728822346843,212.15922215304283,28.0,0.7682,206.0,34.0,133.0,835.0,27.0,234.0,91.0,268.0,16.00242733367744,126,16,55,58,254.0,-77.0,73.0,-8.0,143.0,2.0,-111.0,6430.0,87.0,49.0,8.018721842083353,61.484374994416,
7505,1111.6301,137.79041969209499,50.475455932646966,164.60150973527234,27.0,0.76985,148.0,29.0,104.0,708.0,30.0,234.0,85.0,246.0,28.979640786852954,133,3,53,52,283.0,-93.0,79.0,-57.0,152.0,-3.0,-131.0,7174.0,91.0,80.0,8.703858891963014,61.484374994416,
7506,1051.0906,189.92915464610346,20.004190434704395,194.544213921395,28.0,0.7157,155.0,30.0,109.0,731.0,30.0,240.0,87.0,251.0,14.609226521978542,132,3,58,56,281.0,-95.0,79.0,-60.0,148.0,-6.0,-133.0,7127.0,88.0,76.0,8.716950682724999,61.484374994416,
7507,1054.9744,175.2833162578908,27.9265712696162,172.71687573506014,28.0,0.69645,155.0,30.0,109.0,731.0,30.0,240.0,87.0,251.0,19.47914195707967,148,2,60,55,281.0,-95.0,79.0,-60.0,148.0,-6.0,-133.0,7127.0,88.0,76.0,8.721314612979018,61.484374994416,
7508,1064.5908,194.28622694687502,43.407693734994986,204.07633216655788,27.0,0.678,162.0,32.0,115.0,756.0,28.0,247.0,89.0,258.0,26.193317815898727,152,2,56,54,279.0,-98.0,78.0,-63.0,144.0,-9.0,-135.0,7074.0,84.0,72.0,8.725678543233037,61.484374994416,
7509,1103.8691,150.21270849787717,27.39641222614007,140.51370651731656,28.0,0.6955,159.0,32.0,114.0,752.0,29.0,247.0,89.0,258.0,21.531974378397667,121,1,57,59,282.0,-98.0,79.0,-63.0,146.0,-10.0,-136.0,7108.0,85.0,73.0,8.77804570628119,61.484374994416,
7510,1075.8185,186.52612926786648,25.44702542224525,183.9402991047352,28.0,0.72285,159.0,32.0,114.0,752.0,29.0,247.0,89.0,258.0,16.253508961952353,119,2,56,61,282.0,-98.0,79.0,-63.0,146.0,-10.0,-136.0,7108.0,85.0,73.0,8.782409636535208,61.484374994416,
7511,146.22168,283.84673888219686,41.51757633832525,254.4566246492773,29.0,0.706,341.0,51.0,174.0,1174.0,32.0,246.0,142.0,410.0,39.77737941257233,118,2,54,63,224.0,-30.0,65.0,68.0,165.0,40.0,-59.0,5718.0,116.0,7.0,7.2632758171240654,61.48229166108286,
7512,328.4269,267.1748615767486,37.08850853623582,250.37343718428343,28.0,0.7514,384.0,61.0,207.0,1323.0,29.0,288.0,157.0,445.0,32.26942966386863,122,6,53,63,222.0,-53.0,63.0,39.0,138.0,14.0,-84.0,5593.0,89.0,-16.0,7.26763945534383,61.48229166108286,
7513,836.7221,283.4228243818191,19.032499529614743,223.02122210446186,28.0,0.7771,229.0,39.0,151.0,918.0,25.0,253.0,99.0,289.0,15.591860414344685,115,16,54,53,250.0,-83.0,72.0,-18.0,133.0,-6.0,-117.0,6298.0,78.0,40.0,8.01382159092221,61.48229166108286,
7514,928.50275,309.77768324628585,42.663721653072976,243.0725846820306,28.0,0.7946,262.0,47.0,176.0,1030.0,23.0,281.0,108.0,316.0,30.581580053899852,116,3,54,54,245.0,-92.0,70.0,-31.0,119.0,-17.0,-126.0,6167.0,65.0,29.0,8.018185229141976,61.48229166108286,
7515,128.36868,254.0898685573528,38.86955268193799,249.9681989165144,29.0,0.7129,341.0,51.0,174.0,1174.0,32.0,246.0,142.0,410.0,36.6394988244101,110,1,53,65,224.0,-30.0,65.0,68.0,165.0,40.0,-59.0,5718.0,116.0,7.0,7.262789800764335,61.48020832774971,
7516,264.5226,226.46307688756835,43.09059960875789,238.11397836335865,28.0,0.7904,384.0,61.0,207.0,1323.0,29.0,288.0,157.0,445.0,31.656943513768038,125,6,55,65,222.0,-53.0,63.0,39.0,138.0,14.0,-84.0,5593.0,89.0,-16.0,7.267153146994697,61.48020832774971,
7517,817.2403,244.94909926781617,6.7770090428081025,188.05301907884854,28.0,0.7303,229.0,39.0,151.0,918.0,25.0,253.0,99.0,289.0,4.711053341186363,112,25,55,52,250.0,-83.0,72.0,-18.0,133.0,-6.0,-117.0,6298.0,78.0,40.0,8.008922006154966,61.48020832774971,
7518,825.7559,123.59649944406374,9.922248219148035,156.3016438792027,28.0,0.701,186.0,29.0,117.0,766.0,29.0,216.0,86.0,252.0,9.647414375104287,103,4,55,56,256.0,-70.0,73.0,-39.0,152.0,10.0,-104.0,6490.0,96.0,57.0,8.004023087629138,61.47812499441657,
7519,817.2366,238.7118146968256,10.58234997061072,203.12927420957806,28.0,0.698,229.0,39.0,151.0,918.0,25.0,253.0,99.0,289.0,11.006697234508946,105,27,55,53,250.0,-83.0,72.0,-18.0,133.0,-6.0,-117.0,6298.0,78.0,40.0,8.00838614191494,61.47812499441657,
7520,1045.0112,208.5216080225812,28.495970907240125,207.3042325604092,28.0,0.6988,182.0,37.0,133.0,830.0,26.0,266.0,96.0,277.0,16.716487868064743,108,5,54,59,273.0,-104.0,77.0,-73.0,132.0,-19.0,-141.0,6890.0,72.0,62.0,8.745742316214264,61.47812499441657,
7521,1106.6248,214.25766167546763,59.84346146913451,235.87180756881875,28.0,0.6777,180.0,37.0,131.0,824.0,27.0,266.0,96.0,276.0,34.79034099892039,116,6,60,60,275.0,-104.0,77.0,-72.0,134.0,-18.0,-141.0,6929.0,74.0,63.0,8.750105370500066,61.47812499441657,
7522,77.74689,274.7762175989284,30.123231902319503,231.21773673891732,29.0,0.6794,341.0,51.0,174.0,1174.0,32.0,246.0,142.0,410.0,23.995500011359383,99,8,51,62,224.0,-30.0,65.0,68.0,165.0,40.0,-59.0,5718.0,116.0,7.0,7.2618179919470345,61.476041661083414,
7523,256.73868,298.6166683380116,57.52934363475209,255.0,29.0,0.8332,341.0,51.0,174.0,1174.0,32.0,246.0,142.0,410.0,46.2638421644483,119,5,54,64,224.0,-30.0,65.0,68.0,165.0,40.0,-59.0,5718.0,116.0,7.0,7.266180754333109,61.476041661083414,
7524,872.06,82.62212391891165,6.840892667034725,156.4622597877998,28.0,0.7242,183.0,28.0,115.0,757.0,29.0,213.0,85.0,249.0,7.867570734745291,115,4,57,55,256.0,-69.0,73.0,-38.0,154.0,12.0,-102.0,6499.0,98.0,59.0,7.994762072806203,61.476041661083414,
7525,844.68616,106.49786076328638,7.102651115671016,159.47608157940596,28.0,0.70445,183.0,28.0,115.0,757.0,29.0,213.0,85.0,249.0,7.105811158025369,114,3,55,57,256.0,-69.0,73.0,-38.0,154.0,12.0,-102.0,6499.0,98.0,59.0,7.99912483519228,61.476041661083414,
7526,795.7812,218.77399755360653,16.959232284843928,201.98711063956083,28.0,0.704,186.0,29.0,117.0,766.0,29.0,216.0,86.0,252.0,21.522045577953186,101,15,55,58,256.0,-70.0,73.0,-39.0,152.0,10.0,-104.0,6490.0,96.0,57.0,8.00785035996443,61.476041661083414,
7527,874.56775,265.68864472980846,24.02326435203919,247.30960988228782,28.0,0.7834,229.0,39.0,151.0,918.0,25.0,253.0,99.0,289.0,25.97573649910007,114,5,56,57,250.0,-83.0,72.0,-18.0,133.0,-6.0,-117.0,6298.0,78.0,40.0,8.012213122350502,61.476041661083414,
7528,1018.6854,273.45353814810346,31.842707896310483,193.900373983091,28.0,0.817,150.0,28.0,103.0,708.0,30.0,231.0,84.0,244.0,18.603065917051783,123,0,63,55,281.0,-91.0,79.0,-56.0,152.0,-3.0,-129.0,7097.0,91.0,79.0,8.622999856399858,61.476041661083414,
7529,113.08531,283.8268279420493,33.93150810953828,242.03008466340918,28.0,0.7849,363.0,56.0,190.0,1248.0,30.0,266.0,150.0,428.0,31.098783675554564,108,6,54,61,224.0,-42.0,64.0,54.0,152.0,27.0,-72.0,5678.0,103.0,-4.0,7.261332199456938,61.473958327750275,
7530,277.2133,260.0113022750713,41.868506798038354,255.0,28.0,0.8407,363.0,56.0,190.0,1248.0,30.0,266.0,150.0,428.0,37.776329763297625,129,4,56,62,224.0,-42.0,64.0,54.0,152.0,27.0,-72.0,5678.0,103.0,-4.0,7.2656946699881075,61.473958327750275,
7531,847.62134,89.22437322932242,8.78172235551835,152.24310737656296,28.0,0.7228,178.0,27.0,111.0,739.0,30.0,209.0,84.0,245.0,9.112683490371293,119,3,56,57,257.0,-66.0,74.0,-35.0,157.0,14.0,-100.0,6515.0,101.0,61.0,7.998589719223166,61.473958327750275,
7532,776.4072,221.02525169247767,20.456921044866164,197.25266672558706,28.0,0.7207,186.0,29.0,117.0,765.0,29.0,215.0,86.0,251.0,23.87597945040249,103,14,57,57,257.0,-69.0,74.0,-39.0,153.0,11.0,-104.0,6484.0,97.0,57.0,8.007314660285505,61.473958327750275,
7533,849.2713,257.73855241145776,21.881607445529948,245.53974510890657,28.0,0.7987,223.0,37.0,144.0,892.0,26.0,247.0,97.0,283.0,22.495561372253803,113,3,55,57,251.0,-81.0,72.0,-15.0,136.0,-4.0,-115.0,6338.0,81.0,43.0,8.011677130816674,61.473958327750275,
7534,111.41825,253.32803838665825,24.35419382676281,241.33638742489046,28.0,0.79675,363.0,56.0,190.0,1248.0,30.0,266.0,150.0,428.0,23.981772935663464,111,7,52,63,224.0,-42.0,64.0,54.0,152.0,27.0,-72.0,5678.0,103.0,-4.0,7.26084648155753,61.47187499441712,
7535,248.1676,277.5257941994242,39.34355610182525,255.0,28.0,0.8288,363.0,56.0,190.0,1248.0,30.0,266.0,150.0,428.0,36.95094598723114,108,4,55,59,224.0,-42.0,64.0,54.0,152.0,27.0,-72.0,5678.0,103.0,-4.0,7.2652086602786055,61.47187499441712,
7536,848.9468,91.2593485186096,12.016971131095405,137.88117076929075,28.0,0.7432,178.0,27.0,111.0,739.0,30.0,209.0,84.0,245.0,13.9051773830621,119,1,56,59,257.0,-66.0,74.0,-35.0,157.0,14.0,-100.0,6515.0,101.0,61.0,7.998054685418083,61.47187499441712,
7537,788.1463,101.03494689529543,14.429101389175814,138.86656269984314,28.0,0.7562,186.0,29.0,117.0,765.0,29.0,215.0,86.0,251.0,14.420558742017315,113,7,56,56,257.0,-69.0,74.0,-39.0,153.0,11.0,-104.0,6484.0,97.0,57.0,8.002416864139159,61.47187499441712,
7538,748.3092,185.97949290706825,18.67273665654482,186.0621483216954,28.0,0.7879,186.0,29.0,117.0,765.0,29.0,215.0,86.0,251.0,21.931720146511154,111,14,55,59,257.0,-69.0,74.0,-39.0,153.0,11.0,-104.0,6484.0,97.0,57.0,8.006779042860236,61.47187499441712,
7539,816.9216,260.0180514159464,21.23611198643906,245.0751010348807,28.0,0.8318,223.0,37.0,144.0,892.0,26.0,247.0,97.0,283.0,21.969413624597713,114,5,55,55,251.0,-81.0,72.0,-15.0,136.0,-4.0,-115.0,6338.0,81.0,43.0,8.011141221581312,61.47187499441712,
7540,919.48425,255.5426164599751,32.49474939495772,250.53294891762297,28.0,0.8004,223.0,37.0,144.0,892.0,26.0,247.0,97.0,283.0,29.45630611438212,117,2,55,56,251.0,-81.0,72.0,-15.0,136.0,-4.0,-115.0,6338.0,81.0,43.0,8.015503400302388,61.47187499441712,
7541,1112.9012,239.72028491193984,40.83069224076009,246.8588296629842,27.0,0.69915,167.0,34.0,120.0,780.0,28.0,255.0,92.0,265.0,27.248287860523515,109,4,58,60,279.0,-101.0,78.0,-67.0,141.0,-13.0,-138.0,7044.0,80.0,69.0,8.761435961605097,61.47187499441712,
7542,265.61206,287.92330331328606,55.99497558042306,255.0,28.0,0.7784,363.0,56.0,190.0,1248.0,30.0,266.0,150.0,428.0,42.72027067562234,121,9,51,63,224.0,-42.0,64.0,54.0,152.0,27.0,-72.0,5678.0,103.0,-4.0,7.264722725188349,61.46979166108398,
7543,924.687,76.09702210590835,18.838456948843643,124.74635483600417,28.0,0.7482,178.0,27.0,111.0,739.0,30.0,209.0,84.0,245.0,18.707955353447094,118,9,56,56,257.0,-66.0,74.0,-35.0,157.0,14.0,-100.0,6515.0,101.0,61.0,7.993157846803345,61.46979166108398,
7544,852.1716,98.49127777657931,14.503049269719027,129.6654484718635,28.0,0.7564,178.0,27.0,111.0,739.0,30.0,209.0,84.0,245.0,16.600943254647305,122,8,59,55,257.0,-66.0,74.0,-35.0,157.0,14.0,-100.0,6515.0,101.0,61.0,7.997519733759132,61.46979166108398,
7545,789.42413,90.89044238562845,12.934053905597974,135.78174262817635,28.0,0.7646,186.0,29.0,117.0,765.0,29.0,215.0,86.0,251.0,14.650195970472703,120,5,58,60,257.0,-69.0,74.0,-39.0,153.0,11.0,-104.0,6484.0,97.0,57.0,8.001881620714919,61.46979166108398,
7546,730.6112,150.22411012137405,16.379543081617413,160.66451780724705,28.0,0.78565,186.0,29.0,117.0,765.0,29.0,215.0,86.0,251.0,17.406623641956863,116,4,55,62,257.0,-69.0,74.0,-39.0,153.0,11.0,-104.0,6484.0,97.0,57.0,8.006243507670705,61.46979166108398,
7547,788.9192,258.2938663315474,22.499058208792594,245.03371864648489,28.0,0.8193,223.0,37.0,144.0,892.0,26.0,247.0,97.0,283.0,24.27357917000891,115,5,56,56,251.0,-81.0,72.0,-15.0,136.0,-4.0,-115.0,6338.0,81.0,43.0,8.010605394626491,61.46979166108398,
7548,877.46606,252.67783401952659,23.172058769670606,245.11870505705636,28.0,0.8004,223.0,37.0,144.0,892.0,26.0,247.0,97.0,283.0,22.55682805839907,119,4,55,57,251.0,-81.0,72.0,-15.0,136.0,-4.0,-115.0,6338.0,81.0,43.0,8.014967281582278,61.46979166108398,
7549,1024.9419,319.0380195482703,32.16266029786137,216.84401016740776,28.0,0.8326,164.0,31.0,114.0,752.0,28.0,241.0,87.0,254.0,20.960922803483054,152,2,57,54,278.0,-95.0,78.0,-60.0,146.0,-7.0,-132.0,6995.0,85.0,74.0,8.59946013365659,61.46979166108398,
7550,864.04767,73.28208403450729,18.997421690805293,123.5938161038915,28.0,0.7548,178.0,27.0,111.0,739.0,30.0,209.0,84.0,245.0,19.86680547384276,126,8,59,54,257.0,-66.0,74.0,-35.0,157.0,14.0,-100.0,6515.0,101.0,61.0,7.9969848642284145,61.46770832775083,
7551,803.82184,75.21485842830008,12.985880696504276,139.00310423213,28.0,0.7538,186.0,29.0,117.0,765.0,29.0,215.0,86.0,251.0,13.870361118200506,119,6,58,56,257.0,-69.0,74.0,-39.0,153.0,11.0,-104.0,6484.0,97.0,57.0,8.001346459463704,61.46770832775083,
7552,733.1318,97.70633488376444,19.221795929737947,125.50542318532568,28.0,0.75365,186.0,29.0,117.0,765.0,29.0,215.0,86.0,251.0,21.79011543556369,107,6,57,61,257.0,-69.0,74.0,-39.0,153.0,11.0,-104.0,6484.0,97.0,57.0,8.005708054698994,61.46770832775083,
7553,751.41113,256.7049515173492,24.034296667021696,245.46276186049803,28.0,0.7913,223.0,37.0,144.0,892.0,26.0,247.0,97.0,283.0,26.03550529636204,103,12,58,57,251.0,-81.0,72.0,-15.0,136.0,-4.0,-115.0,6338.0,81.0,43.0,8.010069649934284,61.46770832775083,
7554,845.9094,257.3492246010569,18.530890886226405,237.7148102718808,28.0,0.8053,223.0,37.0,144.0,892.0,26.0,247.0,97.0,283.0,19.130765839591202,106,3,56,59,251.0,-81.0,72.0,-15.0,136.0,-4.0,-115.0,6338.0,81.0,43.0,8.014431245169575,61.46770832775083,
7555,999.85803,174.0491188757649,58.217915101930835,170.76604935792406,28.0,0.5911,240.0,42.0,160.0,957.0,24.0,266.0,101.0,298.0,29.255997380404477,123,17,54,54,250.0,-88.0,71.0,-25.0,127.0,-12.0,-123.0,6273.0,72.0,34.0,8.058047197522406,61.46770832775083,
7556,1019.5587,187.2093592187519,38.849752954904105,187.94185535678236,28.0,0.6839,244.0,43.0,164.0,974.0,24.0,272.0,102.0,302.0,20.2187619063963,121,16,56,56,249.0,-91.0,71.0,-28.0,124.0,-15.0,-125.0,6251.0,69.0,32.0,8.075493578463496,61.46770832775083,
7557,1045.6464,188.19448991252517,43.000701822154106,190.89762345856005,28.0,0.62,252.0,45.0,170.0,1004.0,24.0,279.0,105.0,310.0,23.1028420323762,110,27,54,52,248.0,-93.0,71.0,-31.0,120.0,-18.0,-128.0,6220.0,65.0,29.0,8.084216768934077,61.46770832775083,
7558,1133.35,144.76460597443238,84.64421888545908,105.90298081609093,28.0,0.65035,173.0,33.0,121.0,781.0,27.0,247.0,89.0,261.0,46.07667805533332,132,4,59,50,272.0,-96.0,77.0,-63.0,140.0,-10.0,-132.0,6878.0,81.0,70.0,8.546545863873988,61.46770832775083,
7559,1016.2739,163.49680322221937,50.3162135074788,142.42226762529458,28.0,0.7161,153.0,28.0,105.0,713.0,30.0,229.0,83.0,244.0,25.277320237949812,143,9,62,52,278.0,-90.0,78.0,-55.0,151.0,-2.0,-127.0,7060.0,91.0,80.0,8.550907459109277,61.46770832775083,
7560,1030.1368,315.18846124011833,25.29678758825063,217.9219554882509,28.0,0.7572,164.0,31.0,114.0,752.0,28.0,241.0,87.0,254.0,17.675246163653807,143,0,60,54,278.0,-95.0,78.0,-60.0,146.0,-7.0,-132.0,6995.0,85.0,74.0,8.594523411462108,61.46770832775083,
7561,822.44434,82.2488731889141,11.590752004450547,142.4687054875163,28.0,0.7623,181.0,28.0,114.0,751.0,29.0,212.0,85.0,248.0,12.34338923712668,118,7,59,55,257.0,-68.0,74.0,-37.0,155.0,12.0,-102.0,6512.0,99.0,59.0,8.000811380367619,61.46562499441769,
7562,746.64813,100.20693934751702,23.589996330458916,106.65256385804985,28.0,0.7559,181.0,28.0,114.0,751.0,29.0,212.0,85.0,248.0,27.345807495843033,112,3,55,59,257.0,-68.0,74.0,-37.0,155.0,12.0,-102.0,6512.0,99.0,59.0,8.005172683927196,61.46562499441769,
7563,736.4847,264.3275154026664,22.617040828536673,243.11456084558594,28.0,0.7795,192.0,31.0,123.0,791.0,28.0,223.0,88.0,258.0,25.96408024562686,110,4,57,62,257.0,-73.0,73.0,-43.0,150.0,7.0,-107.0,6535.0,94.0,55.0,8.009533987486773,61.46562499441769,
7564,822.0272,266.92856792656187,15.485997136423794,231.98450689808024,28.0,0.809,192.0,31.0,123.0,791.0,28.0,223.0,88.0,258.0,17.0373717342774,110,3,56,62,257.0,-73.0,73.0,-43.0,150.0,7.0,-107.0,6535.0,94.0,55.0,8.01389529104635,61.46562499441769,
7565,905.91656,247.9243544934961,27.451127881357344,247.0389354909115,28.0,0.8099,200.0,32.0,129.0,817.0,27.0,229.0,90.0,264.0,26.368005886469458,117,12,55,57,256.0,-76.0,73.0,-46.0,146.0,4.0,-110.0,6465.0,90.0,51.0,8.018256594605926,61.46562499441769,
7566,975.24054,186.09831417010196,44.50202789919082,187.16226244121563,28.0,0.7941,200.0,32.0,129.0,817.0,27.0,229.0,90.0,264.0,24.82542353093469,119,3,55,57,256.0,-76.0,73.0,-46.0,146.0,4.0,-110.0,6465.0,90.0,51.0,8.022617898165503,61.46562499441769,
7567,945.6305,176.9794698119197,41.78390480384484,176.22226291071658,28.0,0.7923,197.0,32.0,127.0,808.0,27.0,228.0,89.0,262.0,24.340452053655824,120,3,55,56,255.0,-76.0,73.0,-46.0,146.0,4.0,-109.0,6462.0,90.0,51.0,8.031340505284588,61.46562499441769,
7568,941.1202,182.71154319192598,38.59314574315446,182.59266330991295,28.0,0.791,197.0,32.0,127.0,809.0,28.0,229.0,89.0,262.0,21.66211638599599,119,2,53,57,256.0,-76.0,73.0,-47.0,146.0,4.0,-110.0,6487.0,90.0,51.0,8.035701808844163,61.46562499441769,
7569,934.86896,171.01300322804923,34.641532729619165,170.12953334626937,28.0,0.7259,197.0,32.0,127.0,809.0,28.0,229.0,89.0,262.0,21.048198074280787,124,12,54,58,256.0,-76.0,73.0,-47.0,146.0,4.0,-110.0,6487.0,90.0,51.0,8.04006311240374,61.46562499441769,
7570,923.921,177.11531699815686,31.097252066273978,174.55166375998547,28.0,0.6776,200.0,33.0,130.0,821.0,27.0,232.0,90.0,265.0,16.94513179929239,113,1,56,56,256.0,-78.0,73.0,-48.0,144.0,2.0,-112.0,6463.0,88.0,49.0,8.044424415963316,61.46562499441769,
7571,920.2522,218.7293633453629,18.214790811680967,180.86547601045842,28.0,0.6514,200.0,33.0,130.0,821.0,27.0,232.0,90.0,265.0,7.758416249643719,121,5,56,57,256.0,-78.0,73.0,-49.0,144.0,1.0,-112.0,6479.0,88.0,49.0,8.057508326642047,61.46562499441769,
7572,923.4296,238.11836580227143,16.386343893685645,183.61788560874848,28.0,0.7248,203.0,34.0,133.0,832.0,27.0,235.0,91.0,267.0,7.295474987363385,123,7,55,56,256.0,-80.0,73.0,-50.0,142.0,0.0,-114.0,6471.0,86.0,47.0,8.061869630201624,61.46562499441769,
7573,931.6567,251.39379979213217,15.619841568027123,187.47658635574828,28.0,0.7669,203.0,34.0,133.0,832.0,27.0,235.0,91.0,267.0,6.804945823582583,118,1,55,59,256.0,-80.0,73.0,-50.0,142.0,0.0,-114.0,6471.0,86.0,47.0,8.066230933761132,61.46562499441769,
7574,940.1803,229.22433306131404,17.274350863536274,188.2062058317427,28.0,0.7755,201.0,33.0,131.0,826.0,27.0,235.0,90.0,266.0,7.61496236950826,112,16,56,57,256.0,-80.0,73.0,-50.0,142.0,0.0,-114.0,6480.0,87.0,48.0,8.070592237320707,61.46562499441769,
7575,953.297,205.84433408083078,18.410556146117386,189.2142398427068,28.0,0.79495,201.0,33.0,131.0,826.0,27.0,235.0,90.0,266.0,9.781549029276535,110,9,57,58,256.0,-80.0,73.0,-50.0,142.0,0.0,-114.0,6480.0,87.0,48.0,8.074953540880283,61.46562499441769,
7576,963.38196,206.7851122020639,18.53809696650873,185.8265378472826,28.0,0.78135,199.0,33.0,130.0,823.0,27.0,235.0,90.0,265.0,9.442906523285702,117,8,57,56,257.0,-80.0,73.0,-50.0,143.0,0.0,-114.0,6492.0,87.0,47.0,8.07931484443986,61.46562499441769,
7577,971.78613,201.3018644300192,19.2981719600432,186.2508570504501,28.0,0.74705,200.0,33.0,130.0,825.0,27.0,235.0,90.0,266.0,10.462739014664155,123,7,56,59,256.0,-80.0,73.0,-51.0,142.0,0.0,-114.0,6452.0,85.0,47.0,8.083676147999439,61.46562499441769,
7578,983.0077,207.0455548023996,18.36273468649031,191.05222950066693,28.0,0.7566,200.0,33.0,130.0,825.0,27.0,235.0,90.0,266.0,10.20824461800469,121,7,56,59,256.0,-80.0,73.0,-51.0,142.0,0.0,-114.0,6452.0,85.0,47.0,8.088037451559016,61.46562499441769,
7579,998.9063,202.99726262816696,19.509213307152795,193.71413786087956,28.0,0.7566,201.0,33.0,132.0,830.0,27.0,238.0,90.0,267.0,11.418870116302022,125,6,56,59,256.0,-81.0,73.0,-52.0,141.0,-1.0,-115.0,6488.0,85.0,46.0,8.092398755118591,61.46562499441769,
7580,1017.9152,202.59707054865623,24.02551650136162,194.8074191323569,28.0,0.6932,201.0,33.0,132.0,830.0,27.0,238.0,90.0,267.0,13.81076305685099,124,4,53,55,256.0,-81.0,73.0,-52.0,141.0,-1.0,-115.0,6488.0,85.0,46.0,8.096760058678168,61.46562499441769,
7581,1035.5884,198.5641753911287,24.602802584623017,192.55446326999305,28.0,0.7465,206.0,35.0,136.0,845.0,26.0,241.0,91.0,270.0,13.63717749968715,127,1,53,56,256.0,-83.0,73.0,-54.0,139.0,-3.0,-117.0,6462.0,83.0,44.0,8.101121362237745,61.46562499441769,
7582,1054.1514,209.78493586485226,27.07124411879222,202.21276762692133,28.0,0.7296,206.0,35.0,136.0,845.0,26.0,241.0,91.0,270.0,15.9523497986489,124,4,52,56,256.0,-83.0,73.0,-54.0,139.0,-3.0,-117.0,6462.0,83.0,44.0,8.105482665797252,61.46562499441769,
7583,1096.8208,216.4540760533655,33.27773285174484,217.32675438165754,28.0,0.7418,210.0,36.0,140.0,866.0,26.0,247.0,93.0,276.0,20.9904349569808,117,1,53,57,255.0,-85.0,73.0,-56.0,136.0,-5.0,-119.0,6438.0,80.0,42.0,8.109843969356827,61.46562499441769,
7584,1019.843,264.5875985005947,24.198642168506677,190.63749963820592,28.0,0.767,207.0,41.0,149.0,901.0,24.0,279.0,100.0,292.0,13.75072050812021,147,0,61,54,265.0,-106.0,75.0,-77.0,123.0,-24.0,-142.0,6652.0,65.0,54.0,8.58522605734986,61.46562499441769,
7585,46.741585,202.65914601277802,8.476489975683801,190.56871351413596,29.0,0.77805,322.0,48.0,162.0,1118.0,34.0,230.0,138.0,397.0,4.940026555546179,115,4,55,63,224.0,-17.0,66.0,83.0,179.0,54.0,-45.0,5725.0,130.0,20.0,7.2545433436132125,61.46354166108454,
7586,828.82495,88.18779500035022,15.896059307346786,128.67827223943004,28.0,0.7681,181.0,28.0,114.0,751.0,29.0,212.0,85.0,248.0,17.098828675520743,120,8,55,55,257.0,-68.0,74.0,-37.0,155.0,12.0,-102.0,6512.0,99.0,59.0,8.000276383408762,61.46354166108454,
7587,755.59784,100.65538250794478,24.360998839947847,108.479847942198,28.0,0.7602,181.0,28.0,114.0,751.0,29.0,212.0,85.0,248.0,24.932714519119283,110,7,55,61,257.0,-68.0,74.0,-37.0,155.0,12.0,-102.0,6512.0,99.0,59.0,8.004637395337399,61.46354166108454,
7588,725.5438,253.96735773737336,24.404757102146192,236.70940173717005,28.0,0.7517,192.0,31.0,123.0,791.0,28.0,223.0,88.0,258.0,27.511481726302055,110,3,56,62,257.0,-73.0,73.0,-43.0,150.0,7.0,-107.0,6535.0,94.0,55.0,8.008998407266036,61.46354166108454,
7589,815.9647,265.9186264017502,15.994866168315024,227.12365589137218,28.0,0.7922,192.0,31.0,123.0,791.0,28.0,223.0,88.0,258.0,16.332624253551298,109,4,57,62,257.0,-73.0,73.0,-43.0,150.0,7.0,-107.0,6535.0,94.0,55.0,8.013359419194673,61.46354166108454,
7590,887.00385,201.34205292012848,25.51991675877911,191.8912786495765,28.0,0.7933,200.0,32.0,129.0,817.0,27.0,229.0,90.0,264.0,16.442975054757945,112,2,57,58,256.0,-76.0,73.0,-46.0,146.0,4.0,-110.0,6465.0,90.0,51.0,8.022081443051949,61.46354166108454,
7591,892.5169,205.10612108671697,20.571342105635345,181.3466684559005,28.0,0.7801,197.0,32.0,127.0,808.0,27.0,228.0,89.0,262.0,10.760212067175011,114,0,55,56,255.0,-76.0,73.0,-46.0,146.0,4.0,-109.0,6462.0,90.0,51.0,8.026442454980586,61.46354166108454,
7592,899.6185,293.42717371039697,23.846093406472992,189.10544317674865,28.0,0.7851,197.0,32.0,127.0,808.0,27.0,228.0,89.0,262.0,10.320655587757372,110,0,54,56,255.0,-76.0,73.0,-46.0,146.0,4.0,-109.0,6462.0,90.0,51.0,8.030803466909152,61.46354166108454,
7593,909.7975,268.6265892037187,24.95365307292245,185.53921220645725,28.0,0.7863,197.0,32.0,127.0,809.0,28.0,229.0,89.0,262.0,12.114886957458555,104,3,55,58,256.0,-76.0,73.0,-47.0,146.0,4.0,-110.0,6487.0,90.0,51.0,8.035164478837789,61.46354166108454,
7594,914.1013,98.57738012962629,22.984592232625687,179.37166018578708,28.0,0.7793,197.0,32.0,127.0,809.0,28.0,229.0,89.0,262.0,12.946505203622364,119,3,56,57,256.0,-76.0,73.0,-47.0,146.0,4.0,-110.0,6487.0,90.0,51.0,8.039525490766426,61.46354166108454,
7595,918.69196,275.72213702602966,22.153772417880813,185.50084493551003,28.0,0.7757,200.0,33.0,130.0,821.0,27.0,232.0,90.0,265.0,13.213456936060558,113,4,56,57,256.0,-78.0,73.0,-48.0,144.0,2.0,-112.0,6463.0,88.0,49.0,8.043886502695063,61.46354166108454,
7596,925.70905,311.2217285950615,22.336514842185515,186.75928037826284,28.0,0.7462,200.0,33.0,130.0,821.0,27.0,232.0,90.0,265.0,13.616429626322205,119,4,58,57,256.0,-78.0,73.0,-48.0,144.0,2.0,-112.0,6463.0,88.0,49.0,8.0482475146237,61.46354166108454,
7597,935.0017,267.67340783901085,23.868434291888683,186.86104047849213,28.0,0.7626,200.0,33.0,130.0,821.0,27.0,232.0,90.0,265.0,14.261457487281232,120,4,56,58,256.0,-78.0,73.0,-49.0,144.0,1.0,-112.0,6479.0,88.0,49.0,8.052608526552339,61.46354166108454,
7598,942.2609,296.6111552383606,26.90184017232091,191.37651431679822,28.0,0.7705,200.0,33.0,130.0,821.0,27.0,232.0,90.0,265.0,16.06509189106078,121,2,55,57,256.0,-78.0,73.0,-49.0,144.0,1.0,-112.0,6479.0,88.0,49.0,8.056969538480976,61.46354166108454,
7599,957.889,270.81773104464,27.668301592138643,188.12415207348207,28.0,0.75575,203.0,34.0,133.0,832.0,27.0,235.0,91.0,267.0,15.593534162287607,125,6,59,53,256.0,-80.0,73.0,-50.0,142.0,0.0,-114.0,6471.0,86.0,47.0,8.061330550409611,61.46354166108454,
7600,964.7316,280.6800726218823,29.85861752576147,189.00043662757508,28.0,0.7691,203.0,34.0,133.0,832.0,27.0,235.0,91.0,267.0,17.640640888712703,123,6,56,59,256.0,-80.0,73.0,-50.0,142.0,0.0,-114.0,6471.0,86.0,47.0,8.065691562338179,61.46354166108454,
7601,973.47363,261.6901063131952,32.601785772808775,186.97043364840297,28.0,0.7767,201.0,33.0,131.0,826.0,27.0,235.0,90.0,266.0,19.18251522092538,121,3,56,57,256.0,-80.0,73.0,-50.0,142.0,0.0,-114.0,6480.0,87.0,48.0,8.070052574266816,61.46354166108454,
7602,977.64276,182.56705531250014,31.471951567708484,181.98847637855235,28.0,0.76065,201.0,33.0,131.0,826.0,27.0,235.0,90.0,266.0,18.98902872259747,120,8,59,58,256.0,-80.0,73.0,-50.0,142.0,0.0,-114.0,6480.0,87.0,48.0,8.074413586195453,61.46354166108454,
7603,980.3984,255.7082193660047,27.944735345768827,184.82014711733217,28.0,0.77115,199.0,33.0,130.0,823.0,27.0,235.0,90.0,265.0,16.92764908196623,125,9,58,55,257.0,-80.0,73.0,-50.0,143.0,0.0,-114.0,6492.0,87.0,47.0,8.07877459812409,61.46354166108454,
7604,980.9723,177.7987268992354,24.353787260324562,180.2321925721245,28.0,0.7367,199.0,33.0,130.0,823.0,27.0,235.0,90.0,265.0,14.566672429255066,127,5,59,56,257.0,-80.0,73.0,-50.0,143.0,0.0,-114.0,6492.0,87.0,47.0,8.083135610052727,61.46354166108454,
7605,981.5431,244.31626232242053,19.423712778878308,183.62173832628858,28.0,0.74455,200.0,33.0,130.0,825.0,27.0,235.0,90.0,266.0,10.79061655032331,129,0,57,57,256.0,-80.0,73.0,-51.0,142.0,0.0,-114.0,6452.0,85.0,47.0,8.087496621981364,61.46354166108454,
7606,986.25354,272.06497582369,14.582740174536895,186.263926057885,28.0,0.77075,201.0,33.0,132.0,830.0,27.0,238.0,90.0,267.0,7.479418061808511,118,6,55,59,256.0,-81.0,73.0,-52.0,141.0,-1.0,-115.0,6488.0,85.0,46.0,8.091857633910001,61.46354166108454,
7607,997.6005,289.52937682578334,10.19518868531383,191.32139659543827,28.0,0.7681,201.0,33.0,132.0,830.0,27.0,238.0,90.0,267.0,5.484386605510934,121,6,56,58,256.0,-81.0,73.0,-52.0,141.0,-1.0,-115.0,6488.0,85.0,46.0,8.096218645838638,61.46354166108454,
7608,1014.0087,270.9252227404933,6.616307463006849,193.05529447971594,28.0,0.76095,206.0,35.0,136.0,845.0,26.0,241.0,91.0,270.0,4.745007294103083,113,4,55,57,256.0,-83.0,73.0,-54.0,139.0,-3.0,-117.0,6462.0,83.0,44.0,8.100579657767275,61.46354166108454,
7609,1028.031,273.75121514182723,6.327681577230364,195.58366667381782,28.0,0.7529,206.0,35.0,136.0,845.0,26.0,241.0,91.0,270.0,5.322416611760305,121,3,55,55,256.0,-83.0,73.0,-54.0,139.0,-3.0,-117.0,6462.0,83.0,44.0,8.104940669695843,61.46354166108454,
7610,1048.5508,336.2269741704954,46.17681337506739,208.19003086258337,28.0,0.79205,182.0,35.0,129.0,816.0,26.0,257.0,93.0,270.0,25.887222096369296,140,0,62,53,272.0,-99.0,77.0,-68.0,136.0,-14.0,-136.0,6874.0,77.0,66.0,8.575929957987812,61.46354166108454,
7611,1069.6145,159.15836995854127,39.63453598837235,174.6707060352785,28.0,0.79695,182.0,35.0,129.0,816.0,26.0,257.0,93.0,270.0,20.363722457937747,135,0,60,54,272.0,-99.0,77.0,-68.0,136.0,-14.0,-136.0,6874.0,77.0,66.0,8.58029096991645,61.46354166108454,
7612,43.20563,126.75120529024647,8.41920635136509,170.74091602884272,29.0,0.7772,322.0,48.0,162.0,1118.0,34.0,230.0,138.0,397.0,5.684475929987863,108,5,56,66,224.0,-17.0,66.0,83.0,179.0,54.0,-45.0,5725.0,130.0,20.0,7.25405829000976,61.461458327751394,
7613,47.39426,195.7987888963631,15.014751166761293,201.6894661892751,28.0,0.81285,360.0,56.0,189.0,1241.0,30.0,265.0,149.0,426.0,10.714721137527661,111,3,56,67,224.0,-41.0,64.0,55.0,153.0,28.0,-71.0,5699.0,104.0,-4.0,7.258419010352222,61.461458327751394,
7614,193.28479,254.0823585454611,64.48891907323248,254.50276400530137,28.0,0.8321,360.0,56.0,189.0,1241.0,30.0,265.0,149.0,426.0,48.67586344588975,117,8,56,66,224.0,-41.0,64.0,55.0,153.0,28.0,-71.0,5699.0,104.0,-4.0,7.262779730694683,61.461458327751394,
7615,846.6031,85.93905612179577,17.245663586690196,121.4005784560537,28.0,0.7331,175.0,27.0,109.0,733.0,30.0,207.0,84.0,245.0,19.349077216233255,118,6,56,54,259.0,-66.0,74.0,-34.0,159.0,15.0,-100.0,6550.0,102.0,62.0,7.9997414685692485,61.461458327751394,
7616,745.5479,99.26210923613827,26.92683270684378,104.91626051855953,28.0,0.737,181.0,28.0,114.0,751.0,29.0,212.0,85.0,248.0,26.49914708728586,120,5,54,58,257.0,-68.0,74.0,-37.0,155.0,12.0,-102.0,6512.0,99.0,59.0,8.00410218891171,61.461458327751394,
7617,700.4699,217.43736036748967,28.043721073708348,203.69288607311856,28.0,0.7117,192.0,31.0,123.0,791.0,28.0,223.0,88.0,258.0,29.977960689501803,102,4,56,60,257.0,-73.0,73.0,-43.0,150.0,7.0,-107.0,6535.0,94.0,55.0,8.008462909254172,61.461458327751394,
7618,791.6175,275.35248712156033,23.6128633937367,228.68447449602263,28.0,0.73965,192.0,31.0,123.0,791.0,28.0,223.0,88.0,258.0,21.66337205256649,113,4,56,59,257.0,-73.0,73.0,-43.0,150.0,7.0,-107.0,6535.0,94.0,55.0,8.012823629596632,61.461458327751394,
7619,850.8966,303.67628589148535,17.68094471976235,213.57077457865316,28.0,0.7381,200.0,32.0,129.0,817.0,27.0,229.0,90.0,264.0,14.935898967247901,105,5,55,64,256.0,-76.0,73.0,-46.0,146.0,4.0,-110.0,6465.0,90.0,51.0,8.017184349939093,61.461458327751394,
7620,879.1578,326.8570319572172,22.53354714287393,201.8911483708146,28.0,0.7562,200.0,32.0,129.0,817.0,27.0,229.0,90.0,264.0,14.035673192881035,105,6,54,59,256.0,-76.0,73.0,-46.0,146.0,4.0,-110.0,6465.0,90.0,51.0,8.021545070281556,61.461458327751394,
7621,926.3732,330.3986334224924,51.41439192932369,220.22090680059208,28.0,0.75875,197.0,32.0,127.0,808.0,27.0,228.0,89.0,262.0,27.600662741455277,119,5,59,56,255.0,-76.0,73.0,-46.0,146.0,4.0,-109.0,6462.0,90.0,51.0,8.025905790624016,61.461458327751394,
7622,996.909,338.2990075210356,82.92677328081707,207.58032818868602,28.0,0.7632,197.0,32.0,127.0,808.0,27.0,228.0,89.0,262.0,37.357555431789564,123,4,57,54,255.0,-76.0,73.0,-46.0,146.0,4.0,-109.0,6462.0,90.0,51.0,8.030266510966408,61.461458327751394,
7623,1017.4963,107.71981255967259,69.21313250311482,168.59829875738592,28.0,0.7748,197.0,32.0,127.0,809.0,28.0,229.0,89.0,262.0,35.081479547570055,128,1,57,59,256.0,-76.0,73.0,-47.0,146.0,4.0,-110.0,6487.0,90.0,51.0,8.03462723130887,61.461458327751394,
7624,1000.25555,83.06546720885245,44.59376512767576,175.93674676668942,28.0,0.7765,200.0,33.0,130.0,821.0,27.0,232.0,90.0,265.0,24.63920677176639,127,3,57,58,256.0,-78.0,73.0,-48.0,144.0,2.0,-112.0,6463.0,88.0,49.0,8.043348671993792,61.461458327751394,
7625,1002.4711,194.8295675134932,43.436403470774,183.64759285882283,28.0,0.80535,200.0,33.0,130.0,821.0,27.0,232.0,90.0,265.0,23.222861625114692,124,3,57,55,256.0,-78.0,73.0,-48.0,144.0,2.0,-112.0,6463.0,88.0,49.0,8.047709392336252,61.461458327751394,
7626,1012.9116,308.98975947129287,43.71898575825343,190.31520887393776,28.0,0.7777,200.0,33.0,130.0,821.0,27.0,232.0,90.0,265.0,23.553990045262857,136,5,57,57,256.0,-78.0,73.0,-49.0,144.0,1.0,-112.0,6479.0,88.0,49.0,8.052070112678717,61.461458327751394,
7627,1027.7256,290.64335581551285,44.321021683560225,191.34159711630417,28.0,0.71725,200.0,33.0,130.0,821.0,27.0,232.0,90.0,265.0,24.12173276353708,132,2,58,59,256.0,-78.0,73.0,-49.0,144.0,1.0,-112.0,6479.0,88.0,49.0,8.056430833021176,61.461458327751394,
7628,1039.6511,276.0023827626086,43.57415417824299,188.1776795733992,28.0,0.70615,203.0,34.0,133.0,832.0,27.0,235.0,91.0,267.0,23.80819679675062,130,3,57,58,256.0,-80.0,73.0,-50.0,142.0,0.0,-114.0,6471.0,86.0,47.0,8.060791553363638,61.461458327751394,
7629,991.4781,155.86393911745793,21.327684350248987,193.706381038049,28.0,0.6528,161.0,30.0,111.0,742.0,29.0,238.0,86.0,252.0,9.16807296866813,136,0,58,53,277.0,-93.0,78.0,-59.0,147.0,-6.0,-130.0,7006.0,87.0,76.0,8.56227439274571,61.461458327751394,
7630,1029.6364,323.5579713983475,43.59887496166606,221.9262908488944,28.0,0.6749,161.0,30.0,111.0,742.0,29.0,238.0,86.0,252.0,27.171873933596903,134,0,59,53,277.0,-93.0,78.0,-59.0,147.0,-6.0,-130.0,7006.0,87.0,76.0,8.566635113088171,61.461458327751394,
7631,122.16677,262.64555006842915,49.76677921121696,245.2148976896828,28.0,0.7785,360.0,56.0,189.0,1241.0,30.0,265.0,149.0,426.0,40.02573777774303,111,8,54,66,224.0,-41.0,64.0,55.0,153.0,28.0,-71.0,5699.0,104.0,-4.0,7.262294168456882,61.45937499441825,
7632,857.768,96.75476329024843,15.27441862981431,131.3318191588539,28.0,0.73345,175.0,27.0,109.0,733.0,30.0,207.0,84.0,245.0,16.218016008842856,107,5,55,56,259.0,-66.0,74.0,-34.0,159.0,15.0,-100.0,6550.0,102.0,62.0,7.999206635831188,61.45937499441825,
7633,770.7732,84.45791538213115,28.773267444413175,94.92272704185443,28.0,0.728,181.0,28.0,114.0,751.0,29.0,212.0,85.0,248.0,29.793454165624315,116,5,54,56,257.0,-68.0,74.0,-37.0,155.0,12.0,-102.0,6512.0,99.0,59.0,8.003567064632227,61.45937499441825,
7634,719.0257,246.60991056234366,31.21441048777398,220.7028939553713,28.0,0.72085,181.0,28.0,114.0,751.0,29.0,212.0,85.0,248.0,37.16389649855184,109,3,54,62,257.0,-68.0,74.0,-37.0,155.0,12.0,-102.0,6512.0,99.0,59.0,8.007927493433268,61.45937499441825,
7635,834.5963,299.83992365589387,26.769648002880402,238.68076368377214,28.0,0.74525,192.0,31.0,123.0,791.0,28.0,223.0,88.0,258.0,23.26934885386825,102,3,55,60,257.0,-73.0,73.0,-43.0,150.0,7.0,-107.0,6535.0,94.0,55.0,8.012287922234307,61.45937499441825,
7636,890.1668,290.9004286491292,18.179927778515847,204.73125360285852,28.0,0.7535,192.0,31.0,123.0,791.0,28.0,223.0,88.0,258.0,13.000151895121496,107,6,57,59,257.0,-73.0,73.0,-43.0,150.0,7.0,-107.0,6535.0,94.0,55.0,8.016648351035347,61.45937499441825,
7637,941.4032,309.75783173177325,41.084038445615505,239.09684442074837,28.0,0.7443,200.0,32.0,129.0,817.0,27.0,229.0,90.0,264.0,27.931601538654267,116,4,57,58,256.0,-76.0,73.0,-46.0,146.0,4.0,-110.0,6465.0,90.0,51.0,8.021008779836386,61.45937499441825,
7638,1013.17957,275.07098031948516,35.885345907549016,211.52895849162255,28.0,0.8133,153.0,28.0,105.0,713.0,30.0,229.0,83.0,244.0,20.38035173250863,153,5,55,52,278.0,-90.0,78.0,-55.0,151.0,-2.0,-127.0,7049.0,91.0,80.0,8.557341522363284,61.45937499441825,
7639,1077.9358,330.88364120142165,61.324320091915105,229.5221510282103,28.0,0.7764,161.0,30.0,111.0,742.0,29.0,238.0,86.0,252.0,34.269517441760854,136,0,54,57,277.0,-93.0,78.0,-59.0,147.0,-6.0,-130.0,7006.0,87.0,76.0,8.561701951164254,61.45937499441825,
7640,77.8793,230.15135845256455,35.52620345545162,228.36869267109475,29.0,0.8002,323.0,48.0,162.0,1121.0,34.0,232.0,138.0,398.0,29.63624083226665,116,4,55,65,225.0,-20.0,66.0,80.0,177.0,51.0,-48.0,5743.0,127.0,17.0,7.26180868074086,61.4572916610851,
7641,230.17197,208.56585289995448,75.91724014160502,224.88246286473353,29.0,0.8372,323.0,48.0,162.0,1121.0,34.0,232.0,138.0,398.0,41.520272978461826,116,6,56,64,225.0,-20.0,66.0,80.0,177.0,51.0,-48.0,5743.0,127.0,17.0,7.266168818045222,61.4572916610851,
7642,849.1998,111.80139761043493,23.18463754596629,120.81698502075363,28.0,0.7418,173.0,26.0,107.0,723.0,30.0,204.0,83.0,242.0,21.556525077511516,106,7,53,50,260.0,-65.0,74.0,-33.0,161.0,17.0,-99.0,6586.0,104.0,64.0,7.998671885176706,61.4572916610851,
7643,787.9416,109.80348825039121,24.52368516652324,129.5503826275624,28.0,0.7504,192.0,30.0,122.0,788.0,28.0,221.0,88.0,257.0,18.81523870640924,108,4,55,55,257.0,-72.0,73.0,-42.0,151.0,8.0,-106.0,6526.0,95.0,56.0,8.003032022481069,61.4572916610851,
7644,708.98425,203.4731327466692,41.464342920346695,184.65188220465572,28.0,0.72925,192.0,30.0,122.0,788.0,28.0,221.0,88.0,257.0,43.85831439075523,106,4,56,61,257.0,-72.0,73.0,-42.0,151.0,8.0,-106.0,6526.0,95.0,56.0,8.00739215978543,61.4572916610851,
7645,844.1094,254.40363530739296,21.101145175716752,233.01348101760107,28.0,0.7536,213.0,35.0,138.0,862.0,26.0,241.0,94.0,275.0,21.625033158062312,107,3,56,60,254.0,-79.0,72.0,-12.0,141.0,0.0,-113.0,6425.0,85.0,47.0,8.011752297089792,61.4572916610851,
7646,890.93695,245.85126457762013,18.677182143282522,217.71606547474084,28.0,0.75615,213.0,35.0,138.0,862.0,26.0,241.0,94.0,275.0,18.001104953868087,110,6,56,57,254.0,-79.0,72.0,-12.0,141.0,0.0,-113.0,6425.0,85.0,47.0,8.016112434394154,61.4572916610851,
7647,1001.3822,293.99714106094495,45.33345821603979,254.53191272640257,28.0,0.7368,253.0,45.0,169.0,999.0,24.0,274.0,105.0,309.0,38.17874728218644,114,3,56,57,248.0,-90.0,70.0,-28.0,124.0,-14.0,-124.0,6236.0,70.0,32.0,8.020472571698518,61.4572916610851,
7648,1125.6781,219.6835263840634,38.589281476239115,225.54894541150347,28.0,0.7702,177.0,32.0,121.0,785.0,27.0,243.0,88.0,260.0,23.668407881543825,121,4,57,54,268.0,-92.0,76.0,-61.0,140.0,-8.0,-128.0,6787.0,82.0,71.0,8.44776602752519,61.4572916610851,
7649,1007.29095,326.28214659223875,20.783445245750826,198.35908818430937,28.0,0.8007,183.0,35.0,129.0,819.0,27.0,257.0,93.0,271.0,12.82416707147789,140,4,56,52,269.0,-98.0,76.0,-67.0,135.0,-14.0,-134.0,6821.0,77.0,66.0,8.548049185525388,61.4572916610851,
7650,1036.6252,304.92035177198403,23.55856105537711,208.36207610799931,28.0,0.757,207.0,41.0,149.0,900.0,24.0,277.0,100.0,291.0,15.139533652677814,132,3,60,51,265.0,-105.0,75.0,-76.0,124.0,-23.0,-141.0,6664.0,66.0,56.0,8.55240932282975,61.4572916610851,
7651,40.824333,139.57022852202243,22.421294656944788,181.6076793709144,29.0,0.7799,323.0,48.0,162.0,1121.0,34.0,232.0,138.0,398.0,11.836289493181956,121,0,55,64,225.0,-20.0,66.0,80.0,177.0,51.0,-48.0,5743.0,127.0,17.0,7.261323267530381,61.455208327751954,
7652,934.2191,103.64411782762822,34.35260510827409,89.75713153106685,28.0,0.69815,173.0,26.0,107.0,723.0,30.0,204.0,83.0,242.0,31.684201967079755,110,10,51,49,260.0,-65.0,74.0,-33.0,161.0,17.0,-99.0,6586.0,104.0,64.0,7.9937773707355015,61.455208327751954,
7653,805.86017,122.61275803108477,38.23311426997186,104.55811153311298,28.0,0.76235,173.0,26.0,107.0,723.0,30.0,204.0,83.0,242.0,30.23998791630356,110,7,53,52,260.0,-65.0,74.0,-33.0,161.0,17.0,-99.0,6586.0,104.0,64.0,7.998137216587921,61.455208327751954,
7654,735.77374,150.96775735236133,41.87517482827088,146.19873957298458,28.0,0.7681,192.0,30.0,122.0,788.0,28.0,221.0,88.0,257.0,24.12546180149844,107,5,52,59,257.0,-72.0,73.0,-42.0,151.0,8.0,-106.0,6526.0,95.0,56.0,8.00249706244034,61.455208327751954,
7655,691.95374,224.81407279413682,49.86997283635914,185.65698494859765,28.0,0.74665,192.0,30.0,122.0,788.0,28.0,221.0,88.0,257.0,44.12640972266955,111,5,58,60,257.0,-72.0,73.0,-42.0,151.0,8.0,-106.0,6526.0,95.0,56.0,8.00685690829276,61.455208327751954,
7656,839.18274,279.3764239244248,26.353405700508755,236.00422234524584,28.0,0.7618,213.0,35.0,138.0,862.0,26.0,241.0,94.0,275.0,22.911250537688222,114,7,55,58,254.0,-79.0,72.0,-12.0,141.0,0.0,-113.0,6425.0,85.0,47.0,8.011216754145181,61.455208327751954,
7657,908.0817,298.79411480597224,24.60130668395609,234.61545421360827,28.0,0.76235,213.0,35.0,138.0,862.0,26.0,241.0,94.0,275.0,22.559548200005764,108,1,56,55,254.0,-79.0,72.0,-12.0,141.0,0.0,-113.0,6425.0,85.0,47.0,8.0155765999976,61.455208327751954,
7658,1037.291,281.64565171457207,37.80450283132723,255.0,28.0,0.6847,253.0,45.0,169.0,999.0,24.0,274.0,105.0,309.0,36.36853318456874,120,1,55,57,248.0,-90.0,70.0,-28.0,124.0,-14.0,-124.0,6236.0,70.0,32.0,8.01993644585002,61.455208327751954,
7659,1102.4879,210.33874216338808,31.645385326499742,212.24848167348273,28.0,0.7734,183.0,34.0,127.0,805.0,26.0,249.0,90.0,265.0,19.566583468915614,129,7,55,55,267.0,-94.0,76.0,-63.0,137.0,-11.0,-130.0,6727.0,78.0,68.0,8.451561185238738,61.455208327751954,
7660,1043.6261,152.5128055138257,54.7267519695093,139.26444488452668,28.0,0.7236,155.0,28.0,105.0,717.0,30.0,229.0,83.0,244.0,30.465125378581245,119,0,56,52,277.0,-89.0,78.0,-54.0,151.0,-2.0,-126.0,7013.0,91.0,80.0,8.499519489615283,61.455208327751954,
7661,1020.71515,316.9374756588543,38.68568043459209,200.77824381358246,28.0,0.509,173.0,33.0,121.0,782.0,27.0,247.0,89.0,261.0,21.68704528398525,140,0,56,55,272.0,-95.0,77.0,-63.0,140.0,-10.0,-132.0,6860.0,81.0,70.0,8.538758102286991,61.455208327751954,
7662,1048.4937,324.3716827208542,45.355104017340494,197.91347733658574,28.0,0.6769,183.0,35.0,129.0,819.0,27.0,257.0,93.0,271.0,24.96040879916305,123,3,54,57,269.0,-98.0,76.0,-67.0,135.0,-14.0,-134.0,6821.0,77.0,66.0,8.543117948139411,61.455208327751954,
7663,1075.336,289.4523336281395,43.76338933615988,194.28372949118625,28.0,0.8147,183.0,35.0,129.0,819.0,27.0,257.0,93.0,271.0,22.907577779744607,126,1,55,56,269.0,-98.0,76.0,-67.0,135.0,-14.0,-134.0,6821.0,77.0,66.0,8.547477793991831,61.455208327751954,
7664,1099.8226,330.1408664334877,47.80774140317339,201.7988422327287,28.0,0.745,207.0,41.0,149.0,900.0,24.0,277.0,100.0,291.0,26.79125215328806,133,2,55,55,265.0,-105.0,75.0,-76.0,124.0,-23.0,-141.0,6664.0,66.0,56.0,8.551837639844251,61.455208327751954,
7665,910.8017,107.57477675615925,44.24508679823093,74.84246704734427,28.0,0.7152,173.0,26.0,107.0,723.0,30.0,204.0,83.0,242.0,38.210064462303365,120,16,54,51,260.0,-65.0,74.0,-33.0,161.0,17.0,-99.0,6586.0,104.0,64.0,7.993243075601768,61.45312499441881,
7666,758.5508,111.7974128207303,37.082580035528515,92.57829171710412,28.0,0.74895,173.0,26.0,107.0,723.0,30.0,204.0,83.0,242.0,31.972802757542787,100,5,52,55,260.0,-65.0,74.0,-33.0,161.0,17.0,-99.0,6586.0,104.0,64.0,7.997602630046972,61.45312499441881,
7667,660.78394,177.7205882112243,36.73782243446526,154.74946173383293,28.0,0.7683,192.0,30.0,122.0,788.0,28.0,221.0,88.0,257.0,32.21905351259354,112,2,52,56,257.0,-72.0,73.0,-42.0,151.0,8.0,-106.0,6526.0,95.0,56.0,8.001962184492173,61.45312499441881,
7668,730.87695,296.9693816291469,46.439698398811565,238.57044992466666,28.0,0.7477,192.0,30.0,122.0,788.0,28.0,221.0,88.0,257.0,38.15379439674831,101,4,55,57,257.0,-72.0,73.0,-42.0,151.0,8.0,-106.0,6526.0,95.0,56.0,8.006321738937375,61.45312499441881,
7669,868.03766,271.03073575060597,22.17522771490643,230.13519574656365,28.0,0.7457,213.0,35.0,138.0,862.0,26.0,241.0,94.0,275.0,20.345306044386152,114,6,55,57,254.0,-79.0,72.0,-12.0,141.0,0.0,-113.0,6425.0,85.0,47.0,8.010681293382575,61.45312499441881,
7670,925.10895,274.1396520677292,15.909502206003937,226.63954466685612,28.0,0.7564,213.0,35.0,138.0,862.0,26.0,241.0,94.0,275.0,15.850125902644983,112,5,57,57,254.0,-79.0,72.0,-12.0,141.0,0.0,-113.0,6425.0,85.0,47.0,8.015040847827777,61.45312499441881,
7671,1026.3821,255.87403823389153,27.54936772323842,243.94309176870635,28.0,0.6717,253.0,45.0,169.0,999.0,24.0,274.0,105.0,309.0,27.023009712479972,128,2,56,56,248.0,-90.0,70.0,-28.0,124.0,-14.0,-124.0,6236.0,70.0,32.0,8.019400402272982,61.45312499441881,
7672,1068.6002,137.51204832544778,23.061996444107233,188.94724373492667,28.0,0.7676,183.0,34.0,127.0,805.0,26.0,249.0,90.0,265.0,11.704686345074668,127,6,58,56,267.0,-94.0,76.0,-63.0,137.0,-11.0,-130.0,6727.0,78.0,68.0,8.455355846792344,61.45312499441881,
7673,1092.5463,195.22212784275828,42.12249973710923,205.43493109072134,28.0,0.76615,201.0,38.0,142.0,870.0,25.0,266.0,96.0,282.0,23.43533395521332,117,2,52,57,265.0,-100.0,75.0,-71.0,129.0,-18.0,-136.0,6690.0,71.0,61.0,8.459715401237546,61.45312499441881,
7674,1001.8541,303.04518880667575,21.555616789677632,202.01795983658243,28.0,0.86275,164.0,31.0,114.0,750.0,28.0,238.0,86.0,253.0,12.969990807673916,141,0,57,52,274.0,-93.0,77.0,-59.0,145.0,-6.0,-129.0,6956.0,86.0,75.0,8.525108717915435,61.45312499441881,
7675,1036.179,261.0982939395654,33.53110677925671,202.99487703274553,28.0,0.8088,164.0,31.0,114.0,750.0,28.0,238.0,86.0,253.0,18.729665761564963,141,0,55,52,274.0,-93.0,77.0,-59.0,145.0,-6.0,-129.0,6956.0,86.0,75.0,8.529468272360637,61.45312499441881,
7676,1070.6244,341.0595707440372,48.66461788731177,207.2794860788431,28.0,0.66,173.0,33.0,121.0,782.0,27.0,247.0,89.0,261.0,27.341124439677234,140,0,54,52,272.0,-95.0,77.0,-63.0,140.0,-10.0,-132.0,6860.0,81.0,70.0,8.53382782680584,61.45312499441881,
7677,1133.1499,332.95349296038984,59.59933325522941,222.2977434247627,28.0,0.55075,173.0,33.0,121.0,782.0,27.0,247.0,89.0,261.0,31.744108607388725,131,0,54,54,272.0,-95.0,77.0,-63.0,140.0,-10.0,-132.0,6860.0,81.0,70.0,8.538187381251044,61.45312499441881,
7678,273.95264,177.26826886371342,57.26141091371571,177.79886535115656,29.0,0.7992,263.0,39.0,141.0,951.0,32.0,213.0,116.0,330.0,30.82612357272533,100,6,50,57,236.0,-28.0,69.0,78.0,178.0,46.0,-58.0,5987.0,126.0,48.0,7.482675081778427,61.45104166108566,
7679,866.67285,112.56629763532112,48.77649146154569,79.10298025042135,28.0,0.7255,173.0,26.0,107.0,723.0,30.0,204.0,83.0,242.0,38.1533414135952,126,11,55,50,260.0,-65.0,74.0,-33.0,161.0,17.0,-99.0,6586.0,104.0,64.0,7.992708862453285,61.45104166108566,
7680,665.0642,207.56941864705558,34.894452032572495,184.70946013686515,28.0,0.7649,192.0,30.0,122.0,788.0,28.0,221.0,88.0,257.0,38.66801939967014,111,5,53,58,257.0,-72.0,73.0,-42.0,151.0,8.0,-106.0,6526.0,95.0,56.0,8.001427388618684,61.45104166108566,
7681,789.8589,277.8295863291167,33.97332182115234,235.22528912885423,28.0,0.7718,192.0,30.0,122.0,788.0,28.0,221.0,88.0,257.0,26.463632589855695,100,12,56,57,257.0,-72.0,73.0,-42.0,151.0,8.0,-106.0,6526.0,95.0,56.0,8.005786651701383,61.45104166108566,
7682,868.0969,287.96940243188135,22.57864227585978,221.69813058617916,28.0,0.7268,213.0,35.0,138.0,862.0,26.0,241.0,94.0,275.0,21.27613826987194,110,0,56,57,254.0,-79.0,72.0,-12.0,141.0,0.0,-113.0,6425.0,85.0,47.0,8.010145914784081,61.45104166108566,
7683,922.70386,267.03659098071796,13.883572205136112,221.18199337351578,28.0,0.6931,213.0,35.0,138.0,862.0,26.0,241.0,94.0,275.0,13.919168384727648,106,14,54,57,254.0,-79.0,72.0,-12.0,141.0,0.0,-113.0,6425.0,85.0,47.0,8.01450517786678,61.45104166108566,
7684,1055.2211,116.38468947043451,28.410654639064433,171.6051458222212,28.0,0.7434,201.0,38.0,142.0,870.0,25.0,266.0,96.0,282.0,16.047249776560825,121,3,56,59,265.0,-100.0,75.0,-71.0,129.0,-18.0,-136.0,6690.0,71.0,61.0,8.463509275383986,61.45104166108566,
7685,1045.3428,146.53877006201265,31.401520761214393,171.92130444094556,28.0,0.7244,188.0,35.0,131.0,827.0,26.0,255.0,92.0,271.0,15.775443561063096,126,0,56,60,267.0,-97.0,75.0,-67.0,134.0,-14.0,-133.0,6726.0,76.0,65.0,8.467868538466686,61.45104166108566,
7686,1037.0016,165.77270078931699,37.76384429349345,173.2110390866755,28.0,0.71765,188.0,35.0,131.0,827.0,26.0,255.0,92.0,271.0,16.209063122543068,129,1,56,55,267.0,-97.0,75.0,-67.0,134.0,-14.0,-133.0,6726.0,76.0,65.0,8.472227801549385,61.45104166108566,
7687,1024.8416,155.42166336460798,31.828267190466217,167.36537261699772,28.0,0.7117,169.0,31.0,116.0,762.0,28.0,240.0,87.0,256.0,14.104951150128333,109,5,57,54,273.0,-93.0,77.0,-59.0,144.0,-7.0,-129.0,6907.0,85.0,74.0,8.476587064632085,61.45104166108566,
7688,1012.4076,163.64616854584315,24.306336517088646,172.09552988473362,28.0,0.7048,169.0,31.0,116.0,762.0,28.0,240.0,87.0,256.0,11.260085272970397,111,2,58,56,273.0,-93.0,77.0,-59.0,144.0,-7.0,-129.0,6907.0,85.0,74.0,8.480946327714715,61.45104166108566,
7689,995.3853,145.95769878473806,16.03936182062967,165.9117830622823,28.0,0.7045,158.0,29.0,108.0,723.0,29.0,229.0,83.0,245.0,8.468045039022948,125,3,60,57,276.0,-89.0,78.0,-55.0,150.0,-2.0,-126.0,6962.0,90.0,79.0,8.485305590797413,61.45104166108566,
7690,1023.7168,324.91680811652174,30.439762340018174,209.59096278795934,28.0,0.79945,158.0,29.0,108.0,727.0,29.0,232.0,84.0,247.0,17.406863130213832,137,1,60,55,277.0,-90.0,78.0,-56.0,149.0,-3.0,-128.0,7009.0,90.0,78.0,8.520179695458939,61.45104166108566,
7691,967.17596,185.1200345006487,47.906745356691005,186.92699957100297,28.0,0.75385,164.0,25.0,101.0,695.0,31.0,196.0,81.0,235.0,24.76426044106611,105,2,53,48,260.0,-60.0,74.0,-27.0,166.0,22.0,-94.0,6605.0,109.0,69.0,7.983456787742468,61.44895832775251,
7692,702.4228,112.5379015736263,25.144760292475752,118.73020785952501,28.0,0.7431,173.0,26.0,108.0,725.0,30.0,205.0,83.0,242.0,22.4722412895275,120,7,55,57,260.0,-65.0,74.0,-33.0,161.0,17.0,-99.0,6586.0,104.0,64.0,7.996533703037106,61.44895832775251,
7693,637.817,190.37449138471482,31.4421561491843,175.73960397255917,28.0,0.7775,206.0,33.0,132.0,836.0,27.0,233.0,92.0,270.0,35.7930437993258,103,2,54,54,256.0,-77.0,73.0,-7.0,145.0,3.0,-111.0,6450.0,89.0,50.0,8.000892674802007,61.44895832775251,
7694,785.88806,260.0341819205717,34.07076376995271,251.3230751546371,28.0,0.77065,206.0,33.0,132.0,836.0,27.0,233.0,92.0,270.0,32.79510078025731,92,4,57,58,256.0,-77.0,73.0,-7.0,145.0,3.0,-111.0,6450.0,89.0,50.0,8.00525164656691,61.44895832775251,
7695,901.87103,287.0275888078914,19.78211752062989,229.52575767050675,28.0,0.7143,223.0,37.0,144.0,894.0,26.0,248.0,97.0,284.0,18.493749231834066,114,4,55,58,252.0,-82.0,72.0,-15.0,137.0,-3.0,-115.0,6371.0,82.0,43.0,8.009610618331813,61.44895832775251,
7696,947.13385,292.1383842594769,23.938463533523194,206.95880978990675,28.0,0.69,223.0,37.0,144.0,894.0,26.0,248.0,97.0,284.0,18.5301221111802,113,2,56,60,252.0,-82.0,72.0,-15.0,137.0,-3.0,-115.0,6371.0,82.0,43.0,8.013969590096714,61.44895832775251,
7697,1063.5969,64.17524161154998,15.901885463447474,138.06578011907004,28.0,0.7657,160.0,29.0,108.0,731.0,29.0,232.0,84.0,247.0,16.19173780937355,128,3,56,59,274.0,-89.0,78.0,-55.0,149.0,-3.0,-125.0,6937.0,89.0,79.0,8.467302653645715,61.44895832775251,
7698,1027.711,50.5542048065166,6.276196615268293,165.62545180456073,28.0,0.737,160.0,29.0,108.0,731.0,29.0,232.0,84.0,247.0,6.051274910110476,119,1,58,57,274.0,-89.0,78.0,-55.0,149.0,-3.0,-125.0,6937.0,89.0,79.0,8.471661625410619,61.44895832775251,
7699,1012.4146,80.1385054094922,4.206648909920241,166.8055816053245,28.0,0.7258,158.0,29.0,108.0,723.0,29.0,229.0,83.0,245.0,4.4854703070382325,123,5,57,59,275.0,-90.0,77.0,-55.0,149.0,-2.0,-126.0,6967.0,90.0,79.0,8.47602059717552,61.44895832775251,
7700,996.48303,100.43887388808365,3.8812701297317234,169.77310613348857,28.0,0.7227,158.0,29.0,108.0,723.0,29.0,229.0,83.0,245.0,3.5377684519968735,119,4,57,56,275.0,-90.0,77.0,-55.0,149.0,-2.0,-126.0,6967.0,90.0,79.0,8.480379568940354,61.44895832775251,
7701,1038.3333,326.546603601147,34.504857406605936,215.53929709957526,28.0,0.767,212.0,41.0,151.0,912.0,24.0,278.0,100.0,293.0,20.77195910241441,162,0,55,54,264.0,-105.0,74.0,-77.0,123.0,-23.0,-141.0,6629.0,65.0,55.0,8.515251343059571,61.44895832775251,
7702,868.2527,164.64965143939628,39.46050251193175,163.44251092788215,28.0,0.7833,180.0,28.0,112.0,746.0,29.0,209.0,85.0,247.0,23.005768022306757,110,4,51,50,258.0,-66.0,74.0,-34.0,158.0,15.0,-100.0,6530.0,102.0,62.0,7.982923321057151,61.44687499441937,
7703,847.8733,152.60828994178053,50.05742117248652,138.84705023588467,28.0,0.79955,164.0,25.0,101.0,695.0,31.0,196.0,81.0,235.0,29.268835889786498,131,3,52,54,260.0,-60.0,74.0,-27.0,166.0,22.0,-94.0,6605.0,109.0,69.0,7.9872820015488815,61.44687499441937,
7704,756.4957,126.04156952974397,37.29169436450616,118.76813440788963,28.0,0.78735,164.0,25.0,101.0,695.0,31.0,196.0,81.0,235.0,25.50842221461187,103,6,52,52,260.0,-60.0,74.0,-27.0,166.0,22.0,-94.0,6605.0,109.0,69.0,7.991640682040684,61.44687499441937,
7705,676.75,126.83875034614103,25.094455784391574,132.66161585739576,28.0,0.7895,173.0,26.0,108.0,725.0,30.0,205.0,83.0,242.0,19.56236492794451,123,10,54,58,260.0,-65.0,74.0,-33.0,161.0,17.0,-99.0,6586.0,104.0,64.0,7.9959993625324834,61.44687499441937,
7706,625.7738,202.1872300053866,25.21142892268719,185.27161264232012,28.0,0.7844,206.0,33.0,132.0,836.0,27.0,233.0,92.0,270.0,27.38659284104179,110,5,56,53,256.0,-77.0,73.0,-7.0,145.0,3.0,-111.0,6450.0,89.0,50.0,8.000358043024285,61.44687499441937,
7707,736.1933,259.2160272000334,36.31359792461457,254.19426078837319,28.0,0.78875,206.0,33.0,132.0,836.0,27.0,233.0,92.0,270.0,35.57614118944178,109,5,57,57,256.0,-77.0,73.0,-7.0,145.0,3.0,-111.0,6450.0,89.0,50.0,8.004716723516085,61.44687499441937,
7708,898.3089,271.74953021151623,23.300431799959757,238.63549596541182,28.0,0.7542,223.0,37.0,144.0,894.0,26.0,248.0,97.0,284.0,24.12199560884211,122,6,59,59,252.0,-82.0,72.0,-15.0,137.0,-3.0,-115.0,6371.0,82.0,43.0,8.009075404007886,61.44687499441937,
7709,1081.3468,74.13373567980226,14.692712815332982,138.34420735324764,28.0,0.7731,160.0,29.0,108.0,731.0,29.0,232.0,84.0,247.0,14.157846880565188,133,2,58,58,274.0,-89.0,78.0,-55.0,149.0,-3.0,-125.0,6937.0,89.0,79.0,8.466736855646138,61.44687499441937,
7710,1040.4165,72.63108917373526,8.003635474522433,156.5318201649153,28.0,0.7597,160.0,29.0,108.0,731.0,29.0,232.0,84.0,247.0,7.9792042911677274,136,2,59,56,274.0,-89.0,78.0,-55.0,149.0,-3.0,-125.0,6937.0,89.0,79.0,8.47109553613794,61.44687499441937,
7711,988.8304,57.53801147859218,2.1087450895369737,175.68311164184811,28.0,0.75515,158.0,29.0,108.0,725.0,29.0,231.0,84.0,247.0,1.7554240524450262,140,3,60,56,276.0,-89.0,78.0,-55.0,150.0,-2.0,-126.0,6962.0,90.0,79.0,8.484171577613273,61.44687499441937,
7712,1010.6345,308.8081103199719,13.133125915241505,195.09195963445782,28.0,0.74895,177.0,33.0,123.0,794.0,27.0,249.0,90.0,264.0,8.697794334261133,132,2,57,55,271.0,-95.0,76.0,-64.0,139.0,-11.0,-132.0,6831.0,80.0,69.0,8.501606299580475,61.44687499441937,
7713,1022.87146,320.4273379999269,19.03753792652075,192.45498937495162,28.0,0.72345,177.0,33.0,123.0,794.0,27.0,249.0,90.0,264.0,10.947659878114198,126,6,57,55,271.0,-95.0,76.0,-64.0,139.0,-11.0,-132.0,6831.0,80.0,69.0,8.505964980072276,61.44687499441937,
7714,1055.9271,322.8908626873711,33.93074977018142,219.004231132815,28.0,0.7538,212.0,41.0,151.0,912.0,24.0,278.0,100.0,293.0,20.91096795043955,156,3,57,54,264.0,-105.0,74.0,-77.0,123.0,-23.0,-141.0,6629.0,65.0,55.0,8.510323660564078,61.44687499441937,
7715,810.60223,118.84134613939639,27.62740149894102,120.72657775018493,28.0,0.75825,180.0,28.0,112.0,746.0,29.0,209.0,85.0,247.0,23.03760194349137,107,3,57,53,258.0,-66.0,74.0,-34.0,158.0,15.0,-100.0,6530.0,102.0,62.0,7.982389936214181,61.44479166108623,
7716,747.7897,152.14166678342824,46.079977765506506,139.37312758261052,28.0,0.7881,164.0,25.0,101.0,695.0,31.0,196.0,81.0,235.0,30.151381302898997,115,7,56,53,260.0,-60.0,74.0,-27.0,166.0,22.0,-94.0,6605.0,109.0,69.0,7.986748325477496,61.44479166108623,
7717,683.01404,143.30804595510125,43.548143316124154,129.4608111527581,28.0,0.8113,164.0,25.0,101.0,695.0,31.0,196.0,81.0,235.0,28.31220925793376,119,6,57,56,260.0,-60.0,74.0,-27.0,166.0,22.0,-94.0,6605.0,109.0,69.0,7.991106714740884,61.44479166108623,
7718,627.7529,162.07910257931013,29.941061519385652,161.13581253635078,28.0,0.7995,173.0,26.0,108.0,725.0,30.0,205.0,83.0,242.0,18.99529776505029,126,6,58,58,260.0,-65.0,74.0,-33.0,161.0,17.0,-99.0,6586.0,104.0,64.0,7.995465104004268,61.44479166108623,
7719,602.47266,208.29022166451628,21.701051990725784,191.33128509205426,28.0,0.7979,173.0,26.0,108.0,725.0,30.0,205.0,83.0,242.0,20.622936370751066,120,5,56,59,260.0,-65.0,74.0,-33.0,161.0,17.0,-99.0,6586.0,104.0,64.0,7.9998234932676535,61.44479166108623,
7720,701.42285,276.13298884878395,39.200775502680536,254.4593553556381,28.0,0.80465,206.0,33.0,132.0,836.0,27.0,233.0,92.0,270.0,35.00624965110165,110,5,55,56,256.0,-77.0,73.0,-7.0,145.0,3.0,-111.0,6450.0,89.0,50.0,8.00418188253104,61.44479166108623,
7721,890.7354,284.47142315168816,34.02254972368282,246.66396598457115,28.0,0.77485,223.0,37.0,144.0,894.0,26.0,248.0,97.0,284.0,31.690651638687406,132,3,59,58,252.0,-82.0,72.0,-15.0,137.0,-3.0,-115.0,6371.0,82.0,43.0,8.008540271794423,61.44479166108623,
7722,1006.18414,285.85473571492105,32.4143596988957,252.21590792526825,28.0,0.75445,223.0,37.0,144.0,894.0,26.0,248.0,97.0,284.0,30.202571921423264,136,3,58,55,252.0,-82.0,72.0,-15.0,137.0,-3.0,-115.0,6371.0,82.0,43.0,8.01289866105781,61.44479166108623,
7723,1055.1753,86.72853859998845,10.194426513318724,145.2428810597728,28.0,0.7559,160.0,29.0,108.0,731.0,29.0,232.0,84.0,247.0,12.100168550927206,140,2,57,57,274.0,-89.0,78.0,-55.0,149.0,-3.0,-125.0,6937.0,89.0,79.0,8.470529533712437,61.44479166108623,
7724,1021.4437,78.39306691882031,5.055974787671262,162.84118503760556,28.0,0.7379,160.0,29.0,108.0,731.0,29.0,232.0,84.0,247.0,5.906167395968106,137,1,58,57,274.0,-89.0,78.0,-55.0,149.0,-3.0,-125.0,6937.0,89.0,79.0,8.474887922975823,61.44479166108623,
7725,994.8678,51.283552153105006,3.8766449096567195,173.4680123349448,28.0,0.7353,158.0,29.0,108.0,725.0,29.0,231.0,84.0,247.0,2.8264273736439303,135,3,56,55,276.0,-89.0,78.0,-55.0,150.0,-2.0,-126.0,6962.0,90.0,79.0,8.483604701502522,61.44479166108623,
7726,1012.9016,328.1904470879743,17.817259906385807,198.7089155483463,28.0,0.7819,163.0,30.0,111.0,742.0,29.0,235.0,85.0,250.0,11.021268899517253,149,1,51,52,274.0,-91.0,77.0,-57.0,147.0,-5.0,-127.0,6939.0,87.0,76.0,8.496679869292679,61.44479166108623,
7727,1041.8722,320.45382192787673,21.161785036435003,201.2418091521808,28.0,0.7389,177.0,33.0,123.0,794.0,27.0,249.0,90.0,264.0,12.984659801703977,147,0,57,54,271.0,-95.0,76.0,-64.0,139.0,-11.0,-132.0,6831.0,80.0,69.0,8.501038258556065,61.44479166108623,
7728,1070.1383,300.6364589797057,28.007514018687065,212.24423796012925,28.0,0.726,177.0,33.0,123.0,794.0,27.0,249.0,90.0,264.0,18.546675509722967,141,3,57,52,271.0,-95.0,76.0,-64.0,139.0,-11.0,-132.0,6831.0,80.0,69.0,8.50539664781945,61.44479166108623,
7729,784.2541,113.8013564721628,28.821007820872403,114.004903562497,28.0,0.75885,180.0,28.0,112.0,746.0,29.0,209.0,85.0,247.0,23.94957845291219,106,4,55,55,258.0,-66.0,74.0,-34.0,158.0,15.0,-100.0,6530.0,102.0,62.0,7.981856633195741,61.442708327753074,
7730,678.41376,128.21946734966022,36.32714955104053,114.65859400756432,28.0,0.7596,164.0,25.0,101.0,695.0,31.0,196.0,81.0,235.0,28.067498198204863,114,6,52,54,260.0,-60.0,74.0,-27.0,166.0,22.0,-94.0,6605.0,109.0,69.0,7.986214731275318,61.442708327753074,
7731,610.7964,134.70434796794814,29.91798895362924,133.50474368875635,28.0,0.7741,164.0,25.0,101.0,695.0,31.0,196.0,81.0,235.0,22.30862023568565,123,6,59,55,260.0,-60.0,74.0,-27.0,166.0,22.0,-94.0,6605.0,109.0,69.0,7.9905728293549645,61.442708327753074,
7732,578.594,237.5811186467952,20.121420221224444,199.407177044164,28.0,0.7964,173.0,26.0,108.0,725.0,30.0,205.0,83.0,242.0,14.25400702997152,123,4,58,58,260.0,-65.0,74.0,-33.0,161.0,17.0,-99.0,6586.0,104.0,64.0,7.994930927434611,61.442708327753074,
7733,633.6229,284.7945109963833,38.59699729751898,234.51568609633853,28.0,0.8093,173.0,26.0,108.0,725.0,30.0,205.0,83.0,242.0,28.16214041153266,113,9,57,60,260.0,-65.0,74.0,-33.0,161.0,17.0,-99.0,6586.0,104.0,64.0,7.999289025514256,61.442708327753074,
7734,761.5299,306.1601275744658,58.8724397820418,254.95556079148574,28.0,0.7983,206.0,33.0,132.0,836.0,27.0,233.0,92.0,270.0,41.86125783110194,119,5,54,55,256.0,-77.0,73.0,-7.0,145.0,3.0,-111.0,6450.0,89.0,50.0,8.003647123593902,61.442708327753074,
7735,927.43134,299.66088545923986,38.4356132979301,247.71019023366347,28.0,0.7632,206.0,33.0,132.0,836.0,27.0,233.0,92.0,270.0,30.166951753032667,121,3,57,58,256.0,-77.0,73.0,-7.0,145.0,3.0,-111.0,6450.0,89.0,50.0,8.008005221673548,61.442708327753074,
7736,1051.3159,99.68583328279259,10.353431770740833,146.59279863815394,28.0,0.7696,160.0,29.0,108.0,731.0,29.0,232.0,84.0,247.0,11.234212699366077,144,1,58,57,274.0,-89.0,78.0,-55.0,149.0,-3.0,-125.0,6937.0,89.0,79.0,8.469963618115202,61.442708327753074,
7737,1024.8099,72.9892514306032,4.419105214372115,169.36192842558145,28.0,0.7389,160.0,29.0,108.0,731.0,29.0,232.0,84.0,247.0,3.823859047421367,139,3,58,56,274.0,-89.0,78.0,-55.0,149.0,-3.0,-125.0,6937.0,89.0,79.0,8.474321716194849,61.442708327753074,
7738,1015.447,56.17270824648289,5.642220118502222,173.6459191262537,28.0,0.7389,158.0,29.0,108.0,723.0,29.0,229.0,83.0,245.0,3.3928841461226527,143,3,59,57,275.0,-90.0,77.0,-55.0,149.0,-2.0,-126.0,6967.0,90.0,79.0,8.478679814274425,61.442708327753074,
7739,1008.7222,97.89336009280387,11.218009070640994,176.8418341037014,28.0,0.7342,158.0,29.0,108.0,723.0,29.0,229.0,83.0,245.0,5.9269876607890035,140,2,57,55,275.0,-90.0,77.0,-55.0,149.0,-2.0,-126.0,6967.0,90.0,79.0,8.48303791235407,61.442708327753074,
7740,1029.8243,334.4378413967254,26.875423946011253,201.74007055094003,28.0,0.75925,163.0,30.0,111.0,742.0,29.0,235.0,85.0,250.0,15.970275809871076,150,1,56,53,274.0,-91.0,77.0,-57.0,147.0,-5.0,-127.0,6939.0,87.0,76.0,8.491754108513362,61.442708327753074,
7741,1064.8579,332.8036271333561,32.28525051401297,207.8842895666464,28.0,0.7705,163.0,30.0,111.0,742.0,29.0,235.0,85.0,250.0,19.582539548293703,147,0,52,52,274.0,-91.0,77.0,-57.0,147.0,-5.0,-127.0,6939.0,87.0,76.0,8.496112206593008,61.442708327753074,
7742,1099.4198,335.14380984539775,35.126803477714404,206.0147664180178,28.0,0.7485,177.0,33.0,123.0,794.0,27.0,249.0,90.0,264.0,19.968737016559874,149,0,58,53,271.0,-95.0,76.0,-64.0,139.0,-11.0,-132.0,6831.0,80.0,69.0,8.500470304672653,61.442708327753074,
7743,874.9636,98.20460988866702,26.15829359722533,103.87112461130278,28.0,0.78275,161.0,24.0,98.0,680.0,32.0,191.0,80.0,231.0,25.644685348999264,118,1,55,54,261.0,-56.0,75.0,-23.0,171.0,26.0,-90.0,6614.0,114.0,73.0,7.9769656050434525,61.44062499441992,
7744,757.9525,105.38904902735142,32.78076915406194,94.05164535127585,28.0,0.79625,161.0,24.0,98.0,680.0,32.0,191.0,80.0,231.0,30.336577784854136,110,7,55,55,261.0,-56.0,75.0,-23.0,171.0,26.0,-90.0,6614.0,114.0,73.0,7.981323411984026,61.44062499441992,
7745,612.499,130.84185754876592,40.15691618810625,111.21782737556333,28.0,0.8101,183.0,28.0,114.0,758.0,29.0,213.0,86.0,251.0,30.449250644550677,109,6,54,59,257.0,-67.0,74.0,-36.0,156.0,13.0,-101.0,6512.0,100.0,60.0,7.98568121892453,61.44062499441992,
7746,567.5814,194.09630811193352,23.361124952530933,181.04601558201347,28.0,0.7773,183.0,28.0,114.0,758.0,29.0,213.0,86.0,251.0,19.200919970801102,106,15,55,56,257.0,-67.0,74.0,-36.0,156.0,13.0,-101.0,6512.0,100.0,60.0,7.990039025865105,61.44062499441992,
7747,615.2224,313.0561822376439,36.94318770986256,231.20170203560454,28.0,0.80185,208.0,34.0,134.0,844.0,27.0,235.0,93.0,271.0,24.62589441452546,130,8,58,56,255.0,-77.0,73.0,-8.0,144.0,2.0,-111.0,6457.0,88.0,50.0,7.994396832805678,61.44062499441992,
7748,710.21906,312.78323227032917,52.90397878434746,247.8970629539108,28.0,0.8052,208.0,34.0,134.0,844.0,27.0,235.0,93.0,271.0,33.430508814134065,127,7,58,59,255.0,-77.0,73.0,-8.0,144.0,2.0,-111.0,6457.0,88.0,50.0,7.99875463974625,61.44062499441992,
7749,852.69855,300.5160864112132,51.18217232371211,254.60100588837645,28.0,0.82,240.0,41.0,157.0,951.0,25.0,261.0,102.0,297.0,38.30867963055088,125,3,54,56,250.0,-86.0,71.0,-21.0,130.0,-9.0,-120.0,6276.0,75.0,38.0,8.003112446686824,61.44062499441992,
7750,970.1809,298.6042785609385,31.125780184864134,242.3410981742558,28.0,0.7626,240.0,41.0,157.0,951.0,25.0,261.0,102.0,297.0,23.265140089684518,132,2,58,56,250.0,-86.0,71.0,-21.0,130.0,-9.0,-120.0,6276.0,75.0,38.0,8.007470253627396,61.44062499441992,
7751,1095.7635,118.83639353105627,16.79813776843979,137.40299559129414,28.0,0.7487,174.0,32.0,120.0,780.0,27.0,244.0,88.0,259.0,15.819569499679217,133,0,58,56,271.0,-93.0,76.0,-61.0,142.0,-8.0,-129.0,6869.0,83.0,72.0,8.465039982386768,61.44062499441992,
7752,1052.6409,79.11947475563456,8.739315881452697,160.41236770024898,28.0,0.7721,185.0,35.0,129.0,819.0,27.0,255.0,92.0,270.0,7.831605926983588,143,4,58,56,267.0,-96.0,76.0,-65.0,135.0,-13.0,-132.0,6746.0,77.0,66.0,8.469397789327342,61.44062499441992,
7753,1039.1921,66.9953913231114,12.72714980533668,175.25449727738837,28.0,0.77695,185.0,35.0,129.0,819.0,27.0,255.0,92.0,270.0,7.224623325043213,127,2,58,55,267.0,-96.0,76.0,-65.0,135.0,-13.0,-132.0,6746.0,77.0,66.0,8.473755596267916,61.44062499441992,
7754,1037.4108,177.5840693455336,20.762324043659614,182.07016893077432,28.0,0.79485,199.0,38.0,140.0,866.0,25.0,266.0,96.0,282.0,10.855957611311622,132,0,56,56,265.0,-100.0,75.0,-71.0,129.0,-18.0,-136.0,6697.0,71.0,61.0,8.47811340320842,61.44062499441992,
7755,1049.4875,340.19548739143954,31.67943204844601,192.5138392829476,28.0,0.79585,199.0,38.0,140.0,866.0,25.0,266.0,96.0,282.0,17.218588651271993,129,4,55,56,265.0,-100.0,75.0,-71.0,129.0,-18.0,-136.0,6697.0,71.0,61.0,8.482471210148992,61.44062499441992,
7756,1072.9342,345.80900987666433,40.090913502036756,197.47328889108937,28.0,0.7566,212.0,41.0,151.0,911.0,25.0,278.0,100.0,293.0,22.438588292146598,140,3,57,55,261.0,-103.0,74.0,-75.0,122.0,-23.0,-139.0,6566.0,65.0,55.0,8.486829017089565,61.44062499441992,
7757,859.5905,112.22346639862027,26.283926739936547,112.73564330293723,28.0,0.78765,161.0,24.0,98.0,680.0,32.0,191.0,80.0,231.0,23.936649470269767,113,2,54,53,261.0,-56.0,75.0,-23.0,171.0,26.0,-90.0,6614.0,114.0,73.0,7.976432756715077,61.43854166108678,
7758,745.07104,102.93684711021024,35.88330490982744,81.35199994504325,28.0,0.8192,161.0,24.0,98.0,680.0,32.0,191.0,80.0,231.0,35.019691672130605,126,6,56,54,261.0,-56.0,75.0,-23.0,171.0,26.0,-90.0,6614.0,114.0,73.0,7.980790272561234,61.43854166108678,
7759,569.5266,112.3796271074427,30.805551249950494,108.29914387634679,28.0,0.8301,183.0,28.0,114.0,758.0,29.0,213.0,86.0,251.0,26.488361375005933,115,7,55,56,257.0,-67.0,74.0,-36.0,156.0,13.0,-101.0,6512.0,100.0,60.0,7.985147788407322,61.43854166108678,
7760,564.1174,256.814302589504,24.888222108857263,231.26417178156106,28.0,0.8213,183.0,28.0,114.0,758.0,29.0,213.0,86.0,251.0,22.53370551636358,113,18,54,57,257.0,-67.0,74.0,-36.0,156.0,13.0,-101.0,6512.0,100.0,60.0,7.9895053042534805,61.43854166108678,
7761,689.0268,301.28784090721217,46.530562435467466,251.86584473600152,28.0,0.8288,208.0,34.0,134.0,844.0,27.0,235.0,93.0,271.0,35.43824782491339,134,4,55,57,255.0,-77.0,73.0,-8.0,144.0,2.0,-111.0,6457.0,88.0,50.0,7.993862820099638,61.43854166108678,
7762,827.20386,311.33073347783034,51.42044568169917,244.48543885291778,28.0,0.7861,208.0,34.0,134.0,844.0,27.0,235.0,93.0,271.0,33.53555102150418,121,7,57,62,255.0,-77.0,73.0,-8.0,144.0,2.0,-111.0,6457.0,88.0,50.0,7.998220335945795,61.43854166108678,
7763,915.49005,303.3524966736557,35.044269334641385,236.54394698504495,28.0,0.7486,240.0,41.0,157.0,951.0,25.0,261.0,102.0,297.0,22.74244727329724,126,3,55,59,250.0,-86.0,71.0,-21.0,130.0,-9.0,-120.0,6276.0,75.0,38.0,8.002577851791953,61.43854166108678,
7764,1114.3286,130.08561897466703,26.93301973945978,137.78024387761195,28.0,0.7024,174.0,32.0,120.0,780.0,27.0,244.0,88.0,259.0,18.064780578168577,131,6,56,54,271.0,-93.0,76.0,-61.0,142.0,-8.0,-129.0,6869.0,83.0,72.0,8.460117015637652,61.43854166108678,
7765,1079.1254,126.3920720797189,9.793013349545408,166.37032044432812,28.0,0.76075,174.0,32.0,120.0,780.0,27.0,244.0,88.0,259.0,6.701811092894695,126,2,58,55,271.0,-93.0,76.0,-61.0,142.0,-8.0,-129.0,6869.0,83.0,72.0,8.464474531483809,61.43854166108678,
7766,1073.8766,207.23812879765114,15.350723640720755,182.09272653037053,28.0,0.7864,185.0,35.0,129.0,819.0,27.0,255.0,92.0,270.0,8.982895981096224,137,3,58,56,267.0,-96.0,76.0,-65.0,135.0,-13.0,-132.0,6746.0,77.0,66.0,8.468832047329965,61.43854166108678,
7767,1081.8354,287.6234467252249,28.22836069053064,191.42224715085916,28.0,0.8061,185.0,35.0,129.0,819.0,27.0,255.0,92.0,270.0,15.449656762958318,126,2,58,56,267.0,-96.0,76.0,-65.0,135.0,-13.0,-132.0,6746.0,77.0,66.0,8.473189563176124,61.43854166108678,
7768,723.3997,107.73599761340165,36.42557662481786,96.05623987502658,28.0,0.8164,161.0,24.0,98.0,680.0,32.0,191.0,80.0,231.0,29.837084791016537,114,5,58,55,261.0,-56.0,75.0,-23.0,171.0,26.0,-90.0,6614.0,114.0,73.0,7.980257214909565,61.43645832775364,
7769,558.54193,125.9967047093567,28.55661587235278,111.51328460520905,28.0,0.8265,183.0,28.0,114.0,758.0,29.0,213.0,86.0,251.0,24.929408047367886,121,6,55,57,257.0,-67.0,74.0,-36.0,156.0,13.0,-101.0,6512.0,100.0,60.0,7.984614439705883,61.43645832775364,
7770,579.6832,276.8939958256764,34.20001799870925,241.72045653506635,28.0,0.8167,183.0,28.0,114.0,758.0,29.0,213.0,86.0,251.0,31.428698539005886,113,8,57,56,257.0,-67.0,74.0,-36.0,156.0,13.0,-101.0,6512.0,100.0,60.0,7.988971664502274,61.43645832775364,
7771,748.62,290.24320711020636,40.86973262314356,255.0,28.0,0.81475,208.0,34.0,134.0,844.0,27.0,235.0,93.0,271.0,36.463627681104974,132,8,56,59,255.0,-77.0,73.0,-8.0,144.0,2.0,-111.0,6457.0,88.0,50.0,7.993328889298661,61.43645832775364,
7772,875.3971,292.53185681397315,30.581308669299123,243.13835652973344,28.0,0.7852,208.0,34.0,134.0,844.0,27.0,235.0,93.0,271.0,24.367382168742825,122,7,57,60,255.0,-77.0,73.0,-8.0,144.0,2.0,-111.0,6457.0,88.0,50.0,7.99768611409505,61.43645832775364,
7773,680.3832,116.51755575607513,49.52806274895392,80.65527204124766,28.0,0.79345,161.0,24.0,98.0,680.0,32.0,191.0,80.0,231.0,39.69018964000838,119,4,59,56,261.0,-56.0,75.0,-23.0,171.0,26.0,-90.0,6614.0,114.0,73.0,7.979724239011221,61.43437499442049,
7774,543.84015,130.52500381520824,23.04531526267135,128.40658039740765,28.0,0.78725,183.0,28.0,114.0,758.0,29.0,213.0,86.0,251.0,18.861678926023007,113,6,57,58,257.0,-67.0,74.0,-36.0,156.0,13.0,-101.0,6512.0,100.0,60.0,7.984081172802408,61.43437499442049,
7775,585.0822,266.44772506169164,35.893501456473366,243.25591731710375,28.0,0.80545,183.0,28.0,114.0,758.0,29.0,213.0,86.0,251.0,33.58638868000784,127,8,57,58,257.0,-67.0,74.0,-36.0,156.0,13.0,-101.0,6512.0,100.0,60.0,7.988438106593666,61.43437499442049,
7776,763.46356,276.4192737388341,33.17286947201888,254.89869464873587,28.0,0.8045,208.0,34.0,134.0,844.0,27.0,235.0,93.0,271.0,33.283593869450335,128,4,57,60,255.0,-77.0,73.0,-8.0,144.0,2.0,-111.0,6457.0,88.0,50.0,7.992795040384923,61.43437499442049,
7777,901.9067,283.1502074356679,32.64526782228794,250.23542266184023,28.0,0.7914,208.0,34.0,134.0,844.0,27.0,235.0,93.0,271.0,30.881682422649142,124,6,59,61,255.0,-77.0,73.0,-8.0,144.0,2.0,-111.0,6457.0,88.0,50.0,7.997151974176179,61.43437499442049,
7778,855.2779,92.38234905388393,40.74437076825475,74.21579158571006,28.0,0.7881,175.0,26.0,107.0,724.0,30.0,203.0,84.0,242.0,37.545373323906524,111,5,55,53,259.0,-62.0,74.0,-30.0,163.0,20.0,-96.0,6559.0,106.0,66.0,7.974834702017662,61.43229166108733,
7779,641.80493,93.83159637595092,41.65311899212608,77.81356108449087,28.0,0.7545,161.0,24.0,98.0,683.0,32.0,193.0,80.0,232.0,35.630768862899636,111,5,54,57,262.0,-57.0,75.0,-23.0,171.0,26.0,-91.0,6642.0,114.0,73.0,7.979191344848416,61.43229166108733,
7780,531.45984,127.76200385089476,15.989950520436304,141.70913477228007,28.0,0.7391,203.0,33.0,130.0,825.0,27.0,229.0,92.0,267.0,14.097432274059573,107,4,58,62,255.0,-75.0,73.0,-5.0,147.0,5.0,-108.0,6470.0,91.0,52.0,7.983547987679098,61.43229166108733,
7781,583.75104,279.8264676089955,40.34704841857807,244.75296113996168,28.0,0.7904,203.0,33.0,130.0,825.0,27.0,229.0,92.0,267.0,35.65234704205883,122,6,56,61,255.0,-75.0,73.0,-5.0,147.0,5.0,-108.0,6470.0,91.0,52.0,7.987904630509853,61.43229166108733,
7782,766.49976,279.5541666308226,32.44772275916829,255.0,28.0,0.8102,237.0,41.0,157.0,945.0,25.0,260.0,101.0,296.0,32.58598177904307,129,4,59,60,250.0,-85.0,71.0,-20.0,131.0,-8.0,-119.0,6276.0,76.0,39.0,7.992261273340607,61.43229166108733,
7783,916.93555,280.07526190218744,33.47851476208242,255.0,28.0,0.79675,237.0,41.0,157.0,945.0,25.0,260.0,101.0,296.0,33.52551475385741,124,5,59,57,250.0,-85.0,71.0,-20.0,131.0,-8.0,-119.0,6276.0,76.0,39.0,7.99661791617136,61.43229166108733,
7784,670.66376,87.77949954401065,45.29064210965834,58.06160954404958,28.0,0.8031,161.0,24.0,98.0,683.0,32.0,193.0,80.0,232.0,43.49335389946789,110,4,54,56,262.0,-57.0,75.0,-23.0,171.0,26.0,-91.0,6642.0,114.0,73.0,7.9786585324033705,61.430208327754194,
7785,522.51154,114.72084718420267,15.174679212317198,144.67432228774388,28.0,0.8108,161.0,24.0,98.0,683.0,32.0,193.0,80.0,232.0,13.351406001057168,116,4,56,61,262.0,-57.0,75.0,-23.0,171.0,26.0,-91.0,6642.0,114.0,73.0,7.983014884318168,61.430208327754194,
7786,595.08136,268.0541302388973,44.114243655688355,246.9462740575512,28.0,0.8049,203.0,33.0,130.0,825.0,27.0,229.0,92.0,267.0,37.386713058027645,115,3,58,62,255.0,-75.0,73.0,-5.0,147.0,5.0,-108.0,6470.0,91.0,52.0,7.987371236233036,61.430208327754194,
7787,771.1957,278.6817161162792,29.653878604074407,250.25594742880747,28.0,0.7993,237.0,41.0,157.0,945.0,25.0,260.0,101.0,296.0,27.159344091005142,131,4,57,58,250.0,-85.0,71.0,-20.0,131.0,-8.0,-119.0,6276.0,76.0,39.0,7.991727588147904,61.430208327754194,
7788,921.14307,279.4471782170738,37.322718257366496,255.0,28.0,0.78665,237.0,41.0,157.0,945.0,25.0,260.0,101.0,296.0,36.239554123821584,122,4,59,54,250.0,-85.0,71.0,-20.0,131.0,-8.0,-119.0,6276.0,76.0,39.0,7.996083940062772,61.430208327754194,
7789,551.3565,69.96719765454422,39.37263342987552,109.1644916201667,28.0,0.8024,161.0,24.0,98.0,683.0,32.0,193.0,80.0,232.0,27.725962547539684,111,3,60,58,262.0,-57.0,75.0,-23.0,171.0,26.0,-91.0,6642.0,114.0,73.0,7.982481862701826,61.428124994421054,
7790,555.8629,234.58125767003895,42.255310111508194,227.42827691461798,28.0,0.7743,203.0,33.0,130.0,825.0,27.0,229.0,92.0,267.0,33.19387092271322,119,7,57,62,255.0,-75.0,73.0,-5.0,147.0,5.0,-108.0,6470.0,91.0,52.0,7.986837923745417,61.428124994421054,
7791,769.6187,250.32518099459114,46.92372258200432,235.37036728572858,28.0,0.7696,203.0,33.0,130.0,825.0,27.0,229.0,92.0,267.0,31.503176009003422,133,3,60,57,255.0,-75.0,73.0,-5.0,147.0,5.0,-108.0,6470.0,91.0,52.0,7.991193984789007,61.428124994421054,
7792,935.1918,281.3930231376385,39.66644382169476,255.0,28.0,0.75945,237.0,41.0,157.0,945.0,25.0,260.0,101.0,296.0,35.14628768604992,124,5,57,54,250.0,-85.0,71.0,-20.0,131.0,-8.0,-119.0,6276.0,76.0,39.0,7.995550045832596,61.428124994421054,
7793,674.2216,68.49777785118513,62.87051988206811,56.61125493136109,28.0,0.8232,161.0,24.0,98.0,683.0,32.0,193.0,80.0,232.0,48.65880731053285,109,4,60,56,262.0,-57.0,75.0,-23.0,171.0,26.0,-91.0,6642.0,114.0,73.0,7.981948922812285,61.4260416610879,
7794,524.57117,161.3446613898605,35.09655808554146,173.11863309852203,28.0,0.7751,203.0,33.0,130.0,825.0,27.0,229.0,92.0,267.0,27.235611609099088,119,7,58,59,255.0,-75.0,73.0,-5.0,147.0,5.0,-108.0,6470.0,91.0,52.0,7.986304693029196,61.4260416610879,
7795,648.63727,237.86177914507044,64.19079448214706,251.0968015226678,28.0,0.7588,203.0,33.0,130.0,825.0,27.0,229.0,92.0,267.0,41.10234521239157,127,6,63,58,255.0,-75.0,73.0,-5.0,147.0,5.0,-108.0,6470.0,91.0,52.0,7.990660463246107,61.4260416610879,
7796,900.3034,262.8123753245424,51.37581722725737,253.0387261983057,28.0,0.7371,237.0,41.0,157.0,945.0,25.0,260.0,101.0,296.0,39.24764621221399,125,4,57,55,250.0,-85.0,71.0,-20.0,131.0,-8.0,-119.0,6276.0,76.0,39.0,7.9950162334630175,61.4260416610879,
7797,552.03326,104.32426702963132,28.166777082266986,114.001524966536,28.0,0.8166,207.0,34.0,133.0,841.0,27.0,234.0,93.0,271.0,26.231406467635694,117,4,59,61,255.0,-76.0,73.0,-7.0,145.0,4.0,-110.0,6457.0,90.0,51.0,7.985771544066594,61.42395832775475,
7798,572.13416,247.0454623923599,49.157548106420755,243.47027040125334,28.0,0.7816,207.0,34.0,133.0,841.0,27.0,234.0,93.0,271.0,39.19000155606453,117,1,56,58,255.0,-76.0,73.0,-7.0,145.0,4.0,-110.0,6457.0,90.0,51.0,7.990127023501414,61.42395832775475,
7799,884.32733,268.59977039839686,53.57132747141423,252.9699980926074,28.0,0.7546,251.0,44.0,166.0,991.0,24.0,271.0,105.0,308.0,39.34475826699021,120,4,57,56,248.0,-88.0,71.0,-25.0,126.0,-12.0,-122.0,6247.0,72.0,35.0,7.9944825029362345,61.42395832775475,
7800,1047.0028,274.44558296404426,39.330951660632564,254.75019542021354,28.0,0.72195,251.0,44.0,166.0,991.0,24.0,271.0,105.0,308.0,38.967444895459536,118,5,58,53,248.0,-88.0,71.0,-25.0,126.0,-12.0,-122.0,6247.0,72.0,35.0,7.998837982371056,61.42395832775475,
7801,956.78094,153.57383297311364,45.03011879561913,147.87956009634573,28.0,0.74995,172.0,26.0,106.0,718.0,31.0,201.0,83.0,241.0,26.733262987566544,105,2,52,53,261.0,-61.0,74.0,-28.0,165.0,21.0,-96.0,6611.0,108.0,69.0,7.972172910747968,61.42187499442159,
7802,665.6734,108.7383682434608,54.56816907580766,68.97809025607447,28.0,0.767,164.0,24.0,100.0,693.0,32.0,196.0,81.0,235.0,41.99150070855757,107,5,58,60,262.0,-59.0,75.0,-25.0,169.0,24.0,-93.0,6638.0,112.0,71.0,7.980883288142516,61.42187499442159,
7803,519.0056,164.33908469700214,27.770637375861323,139.93638325468436,28.0,0.78195,207.0,34.0,133.0,841.0,27.0,234.0,93.0,271.0,22.779249307487984,111,5,59,60,255.0,-76.0,73.0,-7.0,145.0,4.0,-110.0,6457.0,90.0,51.0,7.985238476839827,61.42187499442159,
7804,589.30597,289.5263477726958,67.63023805386571,246.67646067088526,28.0,0.7737,207.0,34.0,133.0,841.0,27.0,234.0,93.0,271.0,42.52478545496375,113,7,54,58,255.0,-76.0,73.0,-7.0,145.0,4.0,-110.0,6457.0,90.0,51.0,7.989593665537135,61.42187499442159,
7805,868.2161,279.45281354327534,50.04596170433205,254.54523746973342,28.0,0.7507,251.0,44.0,166.0,991.0,24.0,271.0,105.0,308.0,39.90682485540716,116,4,58,56,248.0,-88.0,71.0,-25.0,126.0,-12.0,-122.0,6247.0,72.0,35.0,7.993948854234445,61.42187499442159,
7806,878.52576,147.77088358587565,35.64208008413269,150.0139810203694,28.0,0.7639,172.0,26.0,106.0,718.0,31.0,201.0,83.0,241.0,20.238312834172973,115,2,51,51,261.0,-61.0,74.0,-28.0,165.0,21.0,-96.0,6611.0,108.0,69.0,7.967285899313722,61.41979166108845,
7807,854.8458,160.5406145577949,37.74600219325346,157.33233280240438,28.0,0.76945,172.0,26.0,106.0,718.0,31.0,201.0,83.0,241.0,22.280021520623173,111,2,52,53,261.0,-61.0,74.0,-28.0,165.0,21.0,-96.0,6611.0,108.0,69.0,7.971640797318088,61.41979166108845,
7808,762.1723,116.20925228225217,53.124007149339626,84.07452666139712,28.0,0.77385,164.0,24.0,100.0,693.0,32.0,196.0,81.0,235.0,39.44857029080604,113,3,51,55,262.0,-59.0,75.0,-25.0,169.0,24.0,-93.0,6638.0,112.0,71.0,7.975995695322456,61.41979166108845,
7809,588.1721,128.88757726433718,53.33936552779911,96.95371994058557,28.0,0.7808,164.0,24.0,100.0,693.0,32.0,196.0,81.0,235.0,38.6763344294314,110,7,55,62,262.0,-59.0,75.0,-25.0,169.0,24.0,-93.0,6638.0,112.0,71.0,7.980350593326753,61.41979166108845,
7810,515.1374,214.2268134132267,45.48863300285391,189.89596156291614,28.0,0.7245,207.0,34.0,133.0,841.0,27.0,234.0,93.0,271.0,29.914209762837178,110,6,56,62,255.0,-76.0,73.0,-7.0,145.0,4.0,-110.0,6457.0,90.0,51.0,7.984705491331122,61.41979166108845,
7811,711.4683,298.51486062155874,84.75201477848941,255.0,28.0,0.76695,207.0,34.0,133.0,841.0,27.0,234.0,93.0,271.0,50.24938990221069,110,5,55,58,255.0,-76.0,73.0,-7.0,145.0,4.0,-110.0,6457.0,90.0,51.0,7.989060389335489,61.41979166108845,
7812,901.0205,290.2980899942176,37.11888679452733,252.32834210404556,28.0,0.7536,251.0,44.0,166.0,991.0,24.0,271.0,105.0,308.0,28.566660832739693,119,5,58,57,248.0,-88.0,71.0,-25.0,126.0,-12.0,-122.0,6247.0,72.0,35.0,7.993415287339855,61.41979166108845,
7813,1065.9102,282.7567847610066,46.54227949140223,255.0,28.0,0.6868,251.0,44.0,166.0,991.0,24.0,271.0,105.0,308.0,42.49541824151548,116,4,57,55,248.0,-88.0,71.0,-25.0,126.0,-12.0,-122.0,6247.0,72.0,35.0,7.997770185344224,61.41979166108845,
7814,854.3343,95.5734052016749,17.986285378987144,128.8645785211304,28.0,0.7708,172.0,26.0,106.0,718.0,31.0,201.0,83.0,241.0,17.677774082283563,110,4,51,54,261.0,-61.0,74.0,-28.0,165.0,21.0,-96.0,6611.0,108.0,69.0,7.96675415809883,61.417708327755314,
7815,802.93835,115.18605766506782,19.857328637316353,146.02674859046428,28.0,0.7642,172.0,26.0,106.0,718.0,31.0,201.0,83.0,241.0,16.46816935302484,109,4,51,57,261.0,-61.0,74.0,-28.0,165.0,21.0,-96.0,6611.0,108.0,69.0,7.971108765454816,61.417708327755314,
7816,730.4416,121.47880062813842,43.863022129460894,102.73525130575861,28.0,0.7259,164.0,24.0,100.0,693.0,32.0,196.0,81.0,235.0,33.20700756417675,107,7,52,55,262.0,-59.0,75.0,-25.0,169.0,24.0,-93.0,6638.0,112.0,71.0,7.9754633728108,61.417708327755314,
7817,529.78107,140.5240286237565,44.50630494719206,98.57298375076134,28.0,0.7335,164.0,24.0,100.0,693.0,32.0,196.0,81.0,235.0,40.44605592465547,96,7,54,59,262.0,-59.0,75.0,-25.0,169.0,24.0,-93.0,6638.0,112.0,71.0,7.979817980166716,61.417708327755314,
7818,582.3573,271.2836152296573,58.40430162310815,239.38906127080153,28.0,0.774,207.0,34.0,133.0,841.0,27.0,234.0,93.0,271.0,43.57003331730142,106,6,55,61,255.0,-76.0,73.0,-7.0,145.0,4.0,-110.0,6457.0,90.0,51.0,7.9841725875227025,61.417708327755314,
7819,777.42487,266.99169931580417,50.06139730601544,253.49463942687666,28.0,0.8001,207.0,34.0,133.0,841.0,27.0,234.0,93.0,271.0,36.618639259219584,115,4,56,55,255.0,-76.0,73.0,-7.0,145.0,4.0,-110.0,6457.0,90.0,51.0,7.988527194878689,61.417708327755314,
7820,910.33777,275.3959913369943,27.46211482406541,253.83480400314338,28.0,0.77445,251.0,44.0,166.0,991.0,24.0,271.0,105.0,308.0,27.929391496941417,129,1,57,58,248.0,-88.0,71.0,-25.0,126.0,-12.0,-122.0,6247.0,72.0,35.0,7.992881802234673,61.417708327755314,
7821,883.9637,69.0781806919415,24.57581423680482,114.40056175865594,28.0,0.8077,175.0,26.0,108.0,728.0,31.0,204.0,84.0,244.0,23.519436602574658,112,3,53,55,259.0,-62.0,74.0,-29.0,163.0,20.0,-96.0,6569.0,107.0,68.0,7.966222498388259,61.41562499442216,
7822,800.9458,94.70535014100115,26.775062962814125,110.6368590193274,28.0,0.7933,158.0,23.0,95.0,668.0,32.0,187.0,80.0,229.0,24.68425915731253,114,5,55,57,263.0,-53.0,75.0,-18.0,176.0,31.0,-87.0,6668.0,118.0,77.0,7.9705768151404115,61.41562499442216,
7823,669.6564,119.6188636657581,52.540426306267356,86.31585416139667,28.0,0.7363,158.0,23.0,95.0,668.0,32.0,187.0,80.0,229.0,38.07982964418659,119,6,55,56,263.0,-53.0,75.0,-18.0,176.0,31.0,-87.0,6668.0,118.0,77.0,7.974931131892565,61.41562499442216,
7824,500.27057,168.21639613097778,40.48900848379981,134.33126816444212,28.0,0.762,181.0,28.0,114.0,753.0,30.0,211.0,86.0,250.0,38.705820048399794,101,5,54,60,259.0,-66.0,74.0,-35.0,159.0,15.0,-100.0,6554.0,102.0,63.0,7.979285448644648,61.41562499442216,
7825,548.9339,234.37157442803905,40.763310180339175,243.1203450601357,28.0,0.8203,215.0,36.0,140.0,871.0,26.0,242.0,95.0,279.0,30.961289174196867,129,6,58,60,255.0,-79.0,72.0,-11.0,142.0,1.0,-113.0,6435.0,86.0,48.0,7.983639765396804,61.41562499442216,
7826,706.2779,258.91499116368266,50.16335136153877,254.48596237156332,28.0,0.8108,215.0,36.0,140.0,871.0,26.0,242.0,95.0,279.0,43.015500447647895,133,5,55,57,255.0,-79.0,72.0,-11.0,142.0,1.0,-113.0,6435.0,86.0,48.0,7.987994082148957,61.41562499442216,
7827,903.33325,271.06917057359357,28.816467592396616,253.91078329442595,28.0,0.7798,232.0,39.0,151.0,926.0,25.0,255.0,100.0,292.0,29.332373711422058,124,3,56,57,252.0,-83.0,71.0,-18.0,135.0,-6.0,-117.0,6334.0,79.0,41.0,7.992348398901109,61.41562499442216,
7828,1075.0717,263.86924727857917,40.46728596238907,253.45835890939367,28.0,0.7249,232.0,39.0,151.0,926.0,25.0,255.0,100.0,292.0,38.25334386828599,111,4,53,57,252.0,-83.0,71.0,-18.0,135.0,-6.0,-117.0,6334.0,79.0,41.0,7.996702715653263,61.41562499442216,
7829,775.96826,114.70696679868846,45.6900839040301,80.46538840839673,28.0,0.7981,158.0,23.0,95.0,668.0,32.0,187.0,80.0,229.0,38.590163514954035,122,5,57,57,263.0,-53.0,75.0,-18.0,176.0,31.0,-87.0,6668.0,118.0,77.0,7.970044946357148,61.413541661089006,
7830,578.2415,116.46358979520542,58.29568529966785,69.84359787340229,28.0,0.7989,158.0,23.0,95.0,668.0,32.0,187.0,80.0,229.0,45.144630712633145,101,4,58,59,263.0,-53.0,75.0,-18.0,176.0,31.0,-87.0,6668.0,118.0,77.0,7.974398972550009,61.413541661089006,
7831,450.46005,182.76521444880825,30.65231298680262,164.28774212214154,28.0,0.8125,181.0,28.0,114.0,753.0,30.0,211.0,86.0,250.0,25.868952990926143,115,5,58,60,259.0,-66.0,74.0,-35.0,159.0,15.0,-100.0,6554.0,102.0,63.0,7.978752998742802,61.413541661089006,
7832,511.3565,281.5500303119194,34.10827249155795,253.31439820949282,28.0,0.8401,181.0,28.0,114.0,753.0,30.0,211.0,86.0,250.0,32.19497963483402,119,7,57,58,259.0,-66.0,74.0,-35.0,159.0,15.0,-100.0,6554.0,102.0,63.0,7.983107024935665,61.413541661089006,
7833,692.5135,285.7423726289467,52.15869310823881,255.0,28.0,0.82625,215.0,36.0,140.0,871.0,26.0,242.0,95.0,279.0,45.09582519949989,127,4,56,59,255.0,-79.0,72.0,-11.0,142.0,1.0,-113.0,6435.0,86.0,48.0,7.987461051128526,61.413541661089006,
7834,885.4837,275.21886597539856,32.707527984080045,254.64386468706965,28.0,0.7828,232.0,39.0,151.0,926.0,25.0,255.0,100.0,292.0,32.26319624527317,118,4,54,58,252.0,-83.0,71.0,-18.0,135.0,-6.0,-117.0,6334.0,79.0,41.0,7.991815077321388,61.413541661089006,
7835,1038.4456,271.06294609063156,34.50231447215139,254.55952725255517,28.0,0.75265,232.0,39.0,151.0,926.0,25.0,255.0,100.0,292.0,35.6571853811805,116,4,55,57,252.0,-83.0,71.0,-18.0,135.0,-6.0,-117.0,6334.0,79.0,41.0,7.99616910351425,61.413541661089006,
7836,879.0639,122.7183695519224,48.50561732118128,89.07232506200646,28.0,0.7667,175.0,26.0,108.0,728.0,31.0,204.0,84.0,244.0,38.24218939226217,111,5,53,55,259.0,-62.0,74.0,-29.0,163.0,20.0,-96.0,6569.0,107.0,68.0,7.965159423409199,61.41145832775587,
7837,714.36774,119.2729368251641,48.77414195575357,90.92190925618638,28.0,0.8071,158.0,23.0,95.0,668.0,32.0,187.0,80.0,229.0,35.618523545916624,107,5,54,58,263.0,-53.0,75.0,-18.0,176.0,31.0,-87.0,6668.0,118.0,77.0,7.9695131590873,61.41145832775587,
7838,569.1917,96.22618580855791,43.03812358637684,79.72908850891679,28.0,0.82765,158.0,23.0,95.0,668.0,32.0,187.0,80.0,229.0,36.0126852452417,104,4,55,58,263.0,-53.0,75.0,-18.0,176.0,31.0,-87.0,6668.0,118.0,77.0,7.973866894765401,61.41145832775587,
7839,441.28836,237.40450674320164,25.905034297612048,204.11604943641328,28.0,0.82605,181.0,28.0,114.0,753.0,30.0,211.0,86.0,250.0,24.568994678257752,105,5,57,57,259.0,-66.0,74.0,-35.0,159.0,15.0,-100.0,6554.0,102.0,63.0,7.978220630443431,61.41145832775587,
7840,545.9609,285.2655474551892,41.491351418154856,254.59830496974817,28.0,0.8287,181.0,28.0,114.0,753.0,30.0,211.0,86.0,250.0,35.28476571960239,113,8,57,58,259.0,-66.0,74.0,-35.0,159.0,15.0,-100.0,6554.0,102.0,63.0,7.982574366121534,61.41145832775587,
7841,743.53815,285.3561789617715,49.22492944574943,254.2379190408336,28.0,0.8139,215.0,36.0,140.0,871.0,26.0,242.0,95.0,279.0,41.382982320841506,118,4,57,58,255.0,-79.0,72.0,-11.0,142.0,1.0,-113.0,6435.0,86.0,48.0,7.986928101799634,61.41145832775587,
7842,891.7303,276.34587293292367,29.381572629730492,253.96836941873326,28.0,0.77555,215.0,36.0,140.0,871.0,26.0,242.0,95.0,279.0,29.019968223523783,123,3,57,60,255.0,-79.0,72.0,-11.0,142.0,1.0,-113.0,6435.0,86.0,48.0,7.991281837477735,61.41145832775587,
7843,1024.4152,258.9932143536806,26.640061218073427,247.7248203119106,28.0,0.76235,232.0,39.0,151.0,926.0,25.0,255.0,100.0,292.0,27.696516083615858,112,15,55,58,252.0,-83.0,71.0,-18.0,135.0,-6.0,-117.0,6334.0,79.0,41.0,7.995635573155836,61.41145832775587,
7844,803.66046,119.5907599641099,56.65379431002867,80.37144974684351,28.0,0.78065,175.0,26.0,108.0,728.0,31.0,204.0,84.0,244.0,40.87862755940656,107,4,51,55,259.0,-62.0,74.0,-29.0,163.0,20.0,-96.0,6569.0,107.0,68.0,7.964628008105282,61.40937499442273,
7845,637.29004,128.83332084181438,53.48178314788337,98.34808594875662,28.0,0.8208,158.0,23.0,95.0,668.0,32.0,187.0,80.0,229.0,36.249636240587535,102,5,53,59,263.0,-53.0,75.0,-18.0,176.0,31.0,-87.0,6668.0,118.0,77.0,7.968981453313144,61.40937499442273,
7846,515.6866,129.6350836183703,50.74880727729736,99.45257345869325,28.0,0.8151,158.0,23.0,95.0,668.0,32.0,187.0,80.0,229.0,36.077366951224086,103,4,57,58,263.0,-53.0,75.0,-18.0,176.0,31.0,-87.0,6668.0,118.0,77.0,7.973334898521004,61.40937499442273,
7847,438.80655,253.78786947128614,40.47163585735879,210.60670652076962,28.0,0.81195,181.0,28.0,114.0,753.0,30.0,211.0,86.0,250.0,33.223068847363635,90,5,57,60,259.0,-66.0,74.0,-35.0,159.0,15.0,-100.0,6554.0,102.0,63.0,7.977688343728794,61.40937499442273,
7848,586.9936,299.28532833343564,62.785864044473946,253.8435674253656,28.0,0.8032,181.0,28.0,114.0,753.0,30.0,211.0,86.0,250.0,44.1989007262405,125,7,55,57,259.0,-66.0,74.0,-35.0,159.0,15.0,-100.0,6554.0,102.0,63.0,7.982041788936658,61.40937499442273,
7849,789.6918,299.8677811072479,46.20527969442764,247.82628851347712,28.0,0.7881,215.0,36.0,140.0,871.0,26.0,242.0,95.0,279.0,33.50239375863081,125,3,59,56,255.0,-79.0,72.0,-11.0,142.0,1.0,-113.0,6435.0,86.0,48.0,7.986395234144518,61.40937499442273,
7850,896.08136,290.4887460048612,30.101586420878782,250.62498404345814,28.0,0.7743,215.0,36.0,140.0,871.0,26.0,242.0,95.0,279.0,27.364994759958382,113,5,56,58,255.0,-79.0,72.0,-11.0,142.0,1.0,-113.0,6435.0,86.0,48.0,7.99074867935238,61.40937499442273,
7851,885.8065,125.53049196618029,59.70625210330203,87.11693165068071,28.0,0.78485,161.0,24.0,98.0,682.0,32.0,190.0,81.0,233.0,39.89677264128008,98,6,48,54,262.0,-54.0,75.0,-20.0,174.0,29.0,-88.0,6628.0,117.0,76.0,7.959743519452694,61.40729166108957,
7852,724.676,118.2645906830796,49.97580976480793,86.20537050276599,28.0,0.8006,161.0,24.0,98.0,682.0,32.0,190.0,81.0,233.0,36.738963457495714,99,6,53,55,262.0,-54.0,75.0,-20.0,174.0,29.0,-88.0,6628.0,117.0,76.0,7.964096674234827,61.40729166108957,
7853,565.7435,108.40019539922268,46.85579616172449,76.10458674711633,28.0,0.8319,190.0,30.0,120.0,782.0,29.0,219.0,88.0,257.0,39.35921254167628,111,4,55,58,258.0,-69.0,74.0,-38.0,155.0,12.0,-103.0,6524.0,98.0,59.0,7.968449829016958,61.40729166108957,
7854,437.1429,195.34150418291546,45.57259665944902,157.73000824385886,28.0,0.84435,190.0,30.0,120.0,782.0,29.0,219.0,88.0,257.0,38.17121458626129,99,4,56,62,258.0,-69.0,74.0,-38.0,155.0,12.0,-103.0,6524.0,98.0,59.0,7.97280298379909,61.40729166108957,
7855,522.17303,310.79367031071223,63.20639189727335,252.1041590594088,28.0,0.8199,207.0,34.0,134.0,843.0,27.0,234.0,93.0,272.0,40.2476020168692,126,6,55,58,256.0,-76.0,73.0,-6.0,146.0,4.0,-110.0,6471.0,90.0,51.0,7.977156138581153,61.40729166108957,
7856,712.92975,311.56505787735443,71.62599614434572,252.63451358512657,28.0,0.8017,207.0,34.0,134.0,843.0,27.0,234.0,93.0,272.0,43.35933230562146,127,5,57,56,256.0,-76.0,73.0,-6.0,146.0,4.0,-110.0,6471.0,90.0,51.0,7.981509293363286,61.40729166108957,
7857,848.02264,303.8192199262393,41.616992334119296,250.14445492210635,28.0,0.7577,209.0,34.0,134.0,848.0,27.0,236.0,94.0,274.0,29.636126876118713,125,4,58,55,256.0,-77.0,73.0,-8.0,145.0,3.0,-111.0,6467.0,89.0,50.0,7.985862448145419,61.40729166108957,
7858,909.8762,143.12608037856248,51.927703273517785,125.973271565326,28.0,0.7614,167.0,25.0,102.0,701.0,31.0,196.0,82.0,237.0,30.07036059101101,114,7,52,52,261.0,-57.0,75.0,-23.0,170.0,26.0,-91.0,6619.0,113.0,73.0,7.954859692978321,61.40520832775642,
7859,775.3332,135.9474139525067,75.96328881217656,95.69074348236167,28.0,0.76475,161.0,24.0,98.0,682.0,32.0,190.0,81.0,233.0,44.0953548752526,100,4,50,55,262.0,-54.0,75.0,-20.0,174.0,29.0,-88.0,6628.0,117.0,76.0,7.959212557379225,61.40520832775642,
7860,652.47015,134.73077247324318,56.86754332924505,110.09949589413576,28.0,0.7886,161.0,24.0,98.0,682.0,32.0,190.0,81.0,233.0,33.51686982242704,97,5,50,57,262.0,-54.0,75.0,-20.0,174.0,29.0,-88.0,6628.0,117.0,76.0,7.963565421780132,61.40520832775642,
7861,553.1398,115.61794488512531,49.77390328365916,100.58763357626204,28.0,0.81475,190.0,30.0,120.0,782.0,29.0,219.0,88.0,257.0,33.09807327153661,99,4,54,57,258.0,-69.0,74.0,-38.0,155.0,12.0,-103.0,6524.0,98.0,59.0,7.967918286181036,61.40520832775642,
7862,445.64566,238.82018111033554,49.733110141738486,204.85554219143668,28.0,0.8317,190.0,30.0,120.0,782.0,29.0,219.0,88.0,257.0,43.066177514717296,99,4,56,61,258.0,-69.0,74.0,-38.0,155.0,12.0,-103.0,6524.0,98.0,59.0,7.972271150581941,61.40520832775642,
7863,624.6612,304.5324844392576,70.5271625286261,254.93998696170706,28.0,0.8242,207.0,34.0,134.0,843.0,27.0,234.0,93.0,272.0,45.17374538625877,110,4,56,59,256.0,-76.0,73.0,-6.0,146.0,4.0,-110.0,6471.0,90.0,51.0,7.976624014982777,61.40520832775642,
7864,807.9429,310.8284661207958,50.50754770579362,246.00223620917654,28.0,0.7661,207.0,34.0,134.0,843.0,27.0,234.0,93.0,272.0,33.61634337970433,119,5,55,57,256.0,-76.0,73.0,-6.0,146.0,4.0,-110.0,6471.0,90.0,51.0,7.980976879383685,61.40520832775642,
7865,913.5976,307.8979301741497,36.17565829478463,242.8904044579539,28.0,0.7661,209.0,34.0,134.0,848.0,27.0,236.0,94.0,274.0,27.339372999052586,121,5,57,58,256.0,-77.0,73.0,-8.0,145.0,3.0,-111.0,6467.0,89.0,50.0,7.98532974378459,61.40520832775642,
7866,870.099,57.34132408450694,18.1268021688094,152.17635100450224,28.0,0.7887,223.0,36.0,142.0,888.0,26.0,242.0,98.0,284.0,12.51921571617045,109,12,50,55,252.0,-76.0,72.0,-9.0,142.0,2.0,-110.0,6371.0,87.0,49.0,7.928213658210212,61.40312499442328,
7867,858.3992,162.44460504024627,17.170964673548884,192.28173579360475,28.0,0.7623,223.0,36.0,142.0,888.0,26.0,242.0,98.0,284.0,8.753725844156909,97,1,50,52,252.0,-76.0,72.0,-9.0,142.0,2.0,-110.0,6371.0,87.0,49.0,7.932566232274383,61.40312499442328,
7868,974.64935,161.32263677386499,56.735516622152545,152.55811996003013,28.0,0.7414,223.0,36.0,142.0,888.0,26.0,242.0,98.0,284.0,31.75996077275986,109,12,49,48,252.0,-77.0,72.0,-10.0,141.0,2.0,-111.0,6388.0,86.0,49.0,7.941271380402653,61.40312499442328,
7869,974.7233,199.2010806201572,38.498448885391895,200.93049102299636,28.0,0.751,200.0,32.0,127.0,813.0,28.0,224.0,91.0,265.0,24.148765931823093,102,9,50,48,256.0,-70.0,73.0,0.0,152.0,10.0,-104.0,6474.0,96.0,57.0,7.945623954466824,61.40312499442328,
7870,817.23505,134.4776004706782,64.51684814161355,101.99799819266286,28.0,0.75255,167.0,25.0,102.0,701.0,31.0,196.0,82.0,237.0,40.61747588152508,94,6,49,55,261.0,-57.0,75.0,-23.0,170.0,26.0,-91.0,6619.0,113.0,73.0,7.954329102595166,61.40312499442328,
7871,618.5337,125.52184379873913,82.29846453304127,74.39018685232422,28.0,0.7533,161.0,24.0,98.0,682.0,32.0,190.0,81.0,233.0,50.15381323735833,92,5,52,55,262.0,-54.0,75.0,-20.0,174.0,29.0,-88.0,6628.0,117.0,76.0,7.958681676659337,61.40312499442328,
7872,486.2586,165.86183551787468,87.14935516405701,146.65753734443737,28.0,0.7926,161.0,24.0,98.0,682.0,32.0,190.0,81.0,233.0,44.19285587506462,100,6,53,59,262.0,-54.0,75.0,-20.0,174.0,29.0,-88.0,6628.0,117.0,76.0,7.963034250723507,61.40312499442328,
7873,433.79202,191.79560437891192,69.24647645490857,150.41904442118064,28.0,0.8204,190.0,30.0,120.0,782.0,29.0,219.0,88.0,257.0,42.95085949603247,89,5,55,60,258.0,-69.0,74.0,-38.0,155.0,12.0,-103.0,6524.0,98.0,59.0,7.967386824787677,61.40312499442328,
7874,482.9244,290.72729048667225,77.94631552052688,241.7154558927596,28.0,0.8085,190.0,30.0,120.0,782.0,29.0,219.0,88.0,257.0,49.01572574134004,98,6,57,58,258.0,-69.0,74.0,-38.0,155.0,12.0,-103.0,6524.0,98.0,59.0,7.971739398851848,61.40312499442328,
7875,740.55457,301.7607037665149,67.6040367629678,253.45094972982523,28.0,0.77785,207.0,34.0,134.0,843.0,27.0,234.0,93.0,272.0,44.01809902771247,106,3,56,58,256.0,-76.0,73.0,-6.0,146.0,4.0,-110.0,6471.0,90.0,51.0,7.976091972915949,61.40312499442328,
7876,868.0458,300.7532059264448,30.822242168975105,239.10139993101845,28.0,0.7622,207.0,34.0,134.0,843.0,27.0,234.0,93.0,272.0,23.52139448156944,111,4,58,57,256.0,-76.0,73.0,-6.0,146.0,4.0,-110.0,6471.0,90.0,51.0,7.980444546980119,61.40312499442328,
7877,945.15753,281.0434758150745,17.0262475756105,227.00105464859237,28.0,0.76145,209.0,34.0,134.0,848.0,27.0,236.0,94.0,274.0,15.608520521452725,110,3,57,61,256.0,-77.0,73.0,-8.0,145.0,3.0,-111.0,6467.0,89.0,50.0,7.9847971210442905,61.40312499442328,
7878,926.9414,59.84775367283053,33.4155113572529,111.22709655064533,28.0,0.7845,223.0,36.0,142.0,888.0,26.0,242.0,98.0,284.0,26.50877389230996,112,3,47,60,252.0,-76.0,72.0,-9.0,142.0,2.0,-110.0,6371.0,87.0,49.0,7.9276848908719835,61.40104166109014,
7879,863.16223,74.78209527482231,10.596966930635888,154.0850909938557,28.0,0.7969,223.0,36.0,142.0,888.0,26.0,242.0,98.0,284.0,9.457377804438972,104,5,49,53,252.0,-76.0,72.0,-9.0,142.0,2.0,-110.0,6371.0,87.0,49.0,7.9320371746439005,61.40104166109014,
7880,874.308,181.36095709423586,35.92597543522101,183.9034403277458,28.0,0.7567,223.0,36.0,142.0,888.0,26.0,242.0,98.0,284.0,21.129810607004124,80,2,48,51,252.0,-77.0,72.0,-10.0,141.0,2.0,-111.0,6388.0,86.0,49.0,7.940741742187667,61.40104166109014,
7881,903.0439,216.11505827987233,34.95248953033986,213.02161738073102,28.0,0.751,200.0,32.0,127.0,813.0,28.0,224.0,91.0,265.0,24.7842564770141,72,8,49,50,256.0,-70.0,73.0,0.0,152.0,10.0,-104.0,6474.0,96.0,57.0,7.945094025959584,61.40104166109014,
7882,848.01056,130.7203000971251,65.8392699470984,89.33464900057842,28.0,0.7476,200.0,32.0,127.0,813.0,28.0,224.0,91.0,265.0,41.706365497421274,96,4,49,54,256.0,-70.0,73.0,0.0,152.0,10.0,-104.0,6474.0,96.0,57.0,7.949446309731503,61.40104166109014,
7883,669.7733,149.5541942566427,82.46144950870585,118.86614721062364,28.0,0.7591,167.0,25.0,102.0,701.0,31.0,196.0,82.0,237.0,48.34956450073072,91,6,54,55,261.0,-57.0,75.0,-23.0,170.0,26.0,-91.0,6619.0,113.0,73.0,7.953798593503421,61.40104166109014,
7884,518.566,124.90094624032075,75.53744545351812,67.15424149197291,28.0,0.7786,167.0,25.0,102.0,701.0,31.0,196.0,82.0,237.0,52.03162047963149,88,5,51,57,261.0,-57.0,75.0,-23.0,170.0,26.0,-91.0,6619.0,113.0,73.0,7.958150877275338,61.40104166109014,
7885,421.5195,267.59348867304277,47.61323951365459,219.6694453029566,28.0,0.8122,161.0,24.0,98.0,682.0,32.0,190.0,81.0,233.0,40.24293079056845,86,6,57,61,262.0,-54.0,75.0,-20.0,174.0,29.0,-88.0,6628.0,117.0,76.0,7.962503161047257,61.40104166109014,
7886,546.24365,303.4817394356607,77.27371280122964,238.21321463151952,28.0,0.8206,190.0,30.0,120.0,782.0,29.0,219.0,88.0,257.0,42.984312638747554,102,7,56,58,258.0,-69.0,74.0,-38.0,155.0,12.0,-103.0,6524.0,98.0,59.0,7.966855444819175,61.40104166109014,
7887,682.75104,315.11794634139414,91.81875375965066,248.57689249527255,28.0,0.7948,190.0,30.0,120.0,782.0,29.0,219.0,88.0,257.0,44.856743287594256,99,5,55,58,258.0,-69.0,74.0,-38.0,155.0,12.0,-103.0,6524.0,98.0,59.0,7.971207728591092,61.40104166109014,
7888,812.8098,296.6139442980442,39.23136636633589,244.1009443289565,28.0,0.77175,207.0,34.0,134.0,843.0,27.0,234.0,93.0,272.0,26.464831598950354,104,4,57,57,256.0,-76.0,73.0,-6.0,146.0,4.0,-110.0,6471.0,90.0,51.0,7.975560012362941,61.40104166109014,
7889,893.8345,285.29735105959355,15.844535689982795,221.39256964239488,28.0,0.75745,207.0,34.0,134.0,843.0,27.0,234.0,93.0,272.0,14.187535213015561,117,4,55,61,256.0,-76.0,73.0,-6.0,146.0,4.0,-110.0,6471.0,90.0,51.0,7.979912296134859,61.40104166109014,
7890,888.25006,71.53352536889196,17.63169608490246,130.55329048421117,28.0,0.7714,198.0,31.0,124.0,805.0,28.0,222.0,91.0,263.0,17.068121332352924,107,4,49,53,256.0,-69.0,73.0,3.0,154.0,12.0,-102.0,6507.0,98.0,59.0,7.9315081980647975,61.398958327756986,
7891,845.21063,82.71178776024283,7.7694748343742726,157.1554319897586,28.0,0.76405,184.0,28.0,114.0,758.0,30.0,210.0,87.0,252.0,7.758918074201342,103,2,49,56,258.0,-63.0,74.0,-31.0,161.0,18.0,-97.0,6547.0,105.0,65.0,7.935860191588865,61.398958327756986,
7892,818.1048,150.29491331764342,15.916906681704303,166.6093474274781,28.0,0.7567,184.0,28.0,114.0,758.0,30.0,210.0,87.0,252.0,11.365910012661748,103,3,51,54,258.0,-63.0,74.0,-31.0,161.0,18.0,-97.0,6547.0,105.0,65.0,7.940212185113003,61.398958327756986,
7893,817.19867,180.45028988401373,38.49918472809725,172.66621755673987,28.0,0.7611,159.0,23.0,96.0,669.0,32.0,185.0,80.0,229.0,23.03508066144592,83,0,52,54,263.0,-48.0,75.0,-13.0,180.0,35.0,-83.0,6652.0,123.0,82.0,7.94456417863714,61.398958327756986,
7894,727.16724,132.79915347457884,70.83830991986855,89.45174268008638,28.0,0.7554,159.0,23.0,96.0,669.0,32.0,185.0,80.0,229.0,43.67622746122497,93,4,51,56,263.0,-48.0,75.0,-13.0,180.0,35.0,-83.0,6652.0,123.0,82.0,7.948916172161278,61.398958327756986,
7895,526.0962,131.09149404353383,67.76926779775333,92.4717559466679,28.0,0.7879,172.0,26.0,105.0,715.0,31.0,199.0,84.0,241.0,41.561738126497936,90,4,52,56,261.0,-59.0,75.0,-26.0,168.0,23.0,-93.0,6599.0,111.0,70.0,7.953268165685417,61.398958327756986,
7896,406.0547,183.638653085272,57.43580047333632,144.1553173136583,28.0,0.8105,172.0,26.0,105.0,715.0,31.0,199.0,84.0,241.0,43.60712605720505,84,5,57,64,261.0,-59.0,75.0,-26.0,168.0,23.0,-93.0,6599.0,111.0,70.0,7.957620159209555,61.398958327756986,
7897,496.85214,307.2582929938927,54.53880321609671,253.33117459273018,28.0,0.8256,180.0,28.0,112.0,746.0,29.0,208.0,86.0,248.0,41.22779682864886,99,5,56,61,259.0,-64.0,74.0,-32.0,161.0,18.0,-98.0,6560.0,104.0,65.0,7.961972152733693,61.398958327756986,
7898,652.28864,304.56839659541686,50.26510672960439,251.67305578600906,28.0,0.8139,180.0,28.0,112.0,746.0,29.0,208.0,86.0,248.0,38.76631398014728,98,4,56,60,259.0,-64.0,74.0,-32.0,161.0,18.0,-98.0,6560.0,104.0,65.0,7.96632414625783,61.398958327756986,
7899,758.3453,284.60878308819457,22.737732866669766,227.904713921686,28.0,0.7747,190.0,30.0,120.0,783.0,29.0,219.0,89.0,258.0,17.47485213777919,110,4,56,59,258.0,-70.0,74.0,-38.0,155.0,12.0,-103.0,6534.0,98.0,59.0,7.970676139781967,61.398958327756986,
7900,822.94037,259.0811790567705,16.479250632829746,227.76845366309644,28.0,0.75555,202.0,33.0,130.0,826.0,28.0,230.0,92.0,268.0,16.110200969120793,109,3,55,60,256.0,-74.0,73.0,-44.0,148.0,6.0,-108.0,6502.0,93.0,54.0,7.975028133306036,61.398958327756986,
7901,877.4003,229.22704862381968,17.674051645207403,212.72128296684878,28.0,0.75805,202.0,33.0,130.0,826.0,28.0,230.0,92.0,268.0,14.56618779726232,111,4,56,61,256.0,-74.0,73.0,-44.0,148.0,6.0,-108.0,6502.0,93.0,54.0,7.979380126830175,61.398958327756986,
7902,917.745,229.81689695983985,16.853890160492373,209.90683211555296,28.0,0.76405,221.0,37.0,144.0,890.0,26.0,246.0,97.0,283.0,12.764364851036603,123,4,57,60,255.0,-81.0,72.0,-13.0,140.0,-1.0,-115.0,6442.0,84.0,46.0,7.983732120354312,61.398958327756986,
7903,922.83887,78.84752366095034,17.50930923809578,128.34936730885406,28.0,0.7866,198.0,31.0,124.0,805.0,28.0,222.0,91.0,263.0,18.11156921889447,114,1,53,55,256.0,-69.0,73.0,3.0,154.0,12.0,-102.0,6507.0,98.0,59.0,7.93097930251946,61.39687499442383,
7904,856.98535,84.82872114552883,14.910320818265994,133.84851228040912,28.0,0.7656,184.0,28.0,114.0,758.0,30.0,210.0,87.0,252.0,15.676179756762439,117,3,50,55,258.0,-63.0,74.0,-31.0,161.0,18.0,-97.0,6547.0,105.0,65.0,7.935331005840212,61.39687499442383,
7905,804.0127,147.6205145520895,12.529662093918212,154.68591871276743,28.0,0.7652,184.0,28.0,114.0,758.0,30.0,210.0,87.0,252.0,12.197142940527046,100,4,51,55,258.0,-63.0,74.0,-31.0,161.0,18.0,-97.0,6547.0,105.0,65.0,7.939682709161032,61.39687499442383,
7906,754.3081,124.30660428808244,27.384435548983927,121.18709329663218,28.0,0.7757,159.0,23.0,96.0,669.0,32.0,185.0,80.0,229.0,26.050009412439238,96,3,52,54,263.0,-48.0,75.0,-13.0,180.0,35.0,-83.0,6652.0,123.0,82.0,7.944034412481853,61.39687499442383,
7907,625.0086,113.35040433567136,48.81143391726349,87.06572473358418,28.0,0.7749,159.0,23.0,96.0,669.0,32.0,185.0,80.0,229.0,36.52388435269132,104,4,52,56,263.0,-48.0,75.0,-13.0,180.0,35.0,-83.0,6652.0,123.0,82.0,7.9483861158026725,61.39687499442383,
7908,458.1297,107.14725516945839,43.8898331055538,77.28916583975675,28.0,0.80005,172.0,26.0,105.0,715.0,31.0,199.0,84.0,241.0,37.51333890095618,81,1,56,59,261.0,-59.0,75.0,-26.0,168.0,23.0,-93.0,6599.0,111.0,70.0,7.952737819123496,61.39687499442383,
7909,378.35165,231.74285643799257,35.13687654838598,206.9067213208302,28.0,0.8026,172.0,26.0,105.0,715.0,31.0,199.0,84.0,241.0,35.85371012473539,90,4,55,62,261.0,-59.0,75.0,-26.0,168.0,23.0,-93.0,6599.0,111.0,70.0,7.957089522444316,61.39687499442383,
7910,540.2881,257.3414026653056,42.63618572435363,253.28997693288326,28.0,0.8194,180.0,28.0,112.0,746.0,29.0,208.0,86.0,248.0,36.131215347174354,92,3,58,60,259.0,-64.0,74.0,-32.0,161.0,18.0,-98.0,6560.0,104.0,65.0,7.961441225765137,61.39687499442383,
7911,678.12103,251.74182580907166,29.945353436515006,241.3142818778483,28.0,0.8087,180.0,28.0,112.0,746.0,29.0,208.0,86.0,248.0,24.646807978149255,114,3,58,61,259.0,-64.0,74.0,-32.0,161.0,18.0,-98.0,6560.0,104.0,65.0,7.965792929085957,61.39687499442383,
7912,741.76184,227.98034262819323,21.832776090963037,211.92160503519395,28.0,0.7914,190.0,30.0,120.0,783.0,29.0,219.0,89.0,258.0,15.45211608778321,104,3,57,61,258.0,-70.0,74.0,-38.0,155.0,12.0,-103.0,6534.0,98.0,59.0,7.970144632406779,61.39687499442383,
7913,781.67896,208.7152473510061,30.540869082476128,205.57395590342844,28.0,0.7551,190.0,30.0,120.0,783.0,29.0,219.0,89.0,258.0,20.171117024101246,104,1,56,61,258.0,-70.0,74.0,-38.0,155.0,12.0,-103.0,6534.0,98.0,59.0,7.974496335727529,61.39687499442383,
7914,823.5607,218.3847474470442,30.48260749003366,212.0642023549124,28.0,0.7529,202.0,33.0,130.0,826.0,28.0,230.0,92.0,268.0,17.568229137729976,120,5,55,60,256.0,-74.0,73.0,-44.0,148.0,6.0,-108.0,6502.0,93.0,54.0,7.978848039048351,61.39687499442383,
7915,871.27014,218.9516373804952,25.49002104432882,212.40828274878575,28.0,0.76125,202.0,33.0,130.0,826.0,28.0,230.0,92.0,268.0,17.44199415379885,118,5,56,59,256.0,-74.0,73.0,-44.0,148.0,6.0,-108.0,6502.0,93.0,54.0,7.983199742369173,61.39687499442383,
7916,882.6331,179.72871355220698,26.516503509904318,174.30962769539966,28.0,0.76865,221.0,37.0,144.0,890.0,26.0,246.0,97.0,283.0,19.13636238782992,111,6,56,60,255.0,-81.0,72.0,-13.0,140.0,-1.0,-115.0,6442.0,84.0,46.0,7.987551445689992,61.39687499442383,
7917,865.8304,94.64325799652721,20.756429965294767,112.67348937224392,28.0,0.77355,184.0,28.0,114.0,758.0,30.0,210.0,87.0,252.0,22.620439069873797,120,3,54,56,258.0,-63.0,74.0,-31.0,161.0,18.0,-97.0,6547.0,105.0,65.0,7.934801901152172,61.39479166109068,
7918,785.74475,124.61302512849218,12.629507751622075,149.29134890891075,28.0,0.784,184.0,28.0,114.0,758.0,30.0,210.0,87.0,252.0,12.53284623863908,101,3,54,55,258.0,-63.0,74.0,-31.0,161.0,18.0,-97.0,6547.0,105.0,65.0,7.939153314314129,61.39479166109068,
7919,751.9953,96.47070637386115,16.585567141423898,141.9893192255229,28.0,0.7846,159.0,23.0,96.0,669.0,32.0,185.0,80.0,229.0,14.54822857587581,99,4,56,56,263.0,-48.0,75.0,-13.0,180.0,35.0,-83.0,6652.0,123.0,82.0,7.9435047274760855,61.39479166109068,
7920,624.9098,93.43354319906047,51.10815116370882,67.89316790670608,28.0,0.7615,159.0,23.0,96.0,669.0,32.0,185.0,80.0,229.0,42.50959061298467,109,4,55,57,263.0,-48.0,75.0,-13.0,180.0,35.0,-83.0,6652.0,123.0,82.0,7.947856140638042,61.39479166109068,
7921,424.79834,126.14107058952722,52.156460600461514,97.60618318195169,28.0,0.7432,172.0,26.0,105.0,715.0,31.0,199.0,84.0,241.0,37.32089861833095,94,2,57,61,261.0,-59.0,75.0,-26.0,168.0,23.0,-93.0,6599.0,111.0,70.0,7.952207553800001,61.39479166109068,
7922,361.00693,231.05314492385236,40.38928438832095,210.20671832556428,28.0,0.74065,172.0,26.0,105.0,715.0,31.0,199.0,84.0,241.0,33.03351069062424,104,0,56,61,261.0,-59.0,75.0,-26.0,168.0,23.0,-93.0,6599.0,111.0,70.0,7.956558966961957,61.39479166109068,
7923,517.4209,300.3496284005744,59.887607402162644,246.44588528892697,28.0,0.78035,180.0,28.0,112.0,746.0,29.0,208.0,86.0,248.0,38.367170542867335,110,3,55,59,259.0,-64.0,74.0,-32.0,161.0,18.0,-98.0,6560.0,104.0,65.0,7.960910380123914,61.39479166109068,
7924,650.2189,289.93401918847957,31.787803950000285,227.26191285917255,28.0,0.7866,180.0,28.0,112.0,746.0,29.0,208.0,86.0,248.0,25.11459256480048,122,5,57,60,259.0,-64.0,74.0,-32.0,161.0,18.0,-98.0,6560.0,104.0,65.0,7.965261793285871,61.39479166109068,
7925,695.0068,228.3598873344697,15.652815562588971,192.92645242328777,28.0,0.78075,190.0,30.0,120.0,783.0,29.0,219.0,89.0,258.0,10.56349985973772,113,1,57,64,258.0,-70.0,74.0,-38.0,155.0,12.0,-103.0,6534.0,98.0,59.0,7.969613206447828,61.39479166109068,
7926,713.58167,241.42609656587842,16.67706394967297,198.81321334927858,28.0,0.7796,190.0,30.0,120.0,783.0,29.0,219.0,89.0,258.0,9.537758110944676,101,1,56,59,258.0,-70.0,74.0,-38.0,155.0,12.0,-103.0,6534.0,98.0,59.0,7.973964619609715,61.39479166109068,
7927,746.4227,248.32491833510744,23.734648122610018,213.62362169720186,28.0,0.7647,202.0,33.0,130.0,826.0,28.0,230.0,92.0,268.0,17.051845637517427,106,1,54,60,256.0,-74.0,73.0,-44.0,148.0,6.0,-108.0,6502.0,93.0,54.0,7.978316032771674,61.39479166109068,
7928,806.8446,241.4492361645221,27.372589128684332,219.80977567990166,28.0,0.7476,202.0,33.0,130.0,826.0,28.0,230.0,92.0,268.0,25.91429772199881,106,3,56,58,256.0,-74.0,73.0,-44.0,148.0,6.0,-108.0,6502.0,93.0,54.0,7.982667445933631,61.39479166109068,
7929,861.5444,265.4207107664693,29.92641746774805,222.9848670608316,28.0,0.74785,221.0,37.0,144.0,890.0,26.0,246.0,97.0,283.0,27.580589705477593,109,4,56,57,255.0,-81.0,72.0,-13.0,140.0,-1.0,-115.0,6442.0,84.0,46.0,7.9870188590955875,61.39479166109068,
7930,974.1272,288.75104823070797,32.83047828471505,250.19434870483343,28.0,0.7374,221.0,37.0,144.0,890.0,26.0,246.0,97.0,283.0,29.95419274148262,109,2,54,53,255.0,-81.0,72.0,-13.0,140.0,-1.0,-115.0,6442.0,84.0,46.0,7.991370272257544,61.39479166109068,
7931,856.17285,104.1614993578878,28.209143112751,102.27083610038828,28.0,0.7773,184.0,28.0,114.0,758.0,30.0,210.0,87.0,252.0,27.674342601537422,112,2,54,59,258.0,-63.0,74.0,-31.0,161.0,18.0,-97.0,6547.0,105.0,65.0,7.934272877507134,61.39270832775754,
7932,768.98505,139.92421531613505,19.59364184637817,148.8040568062604,28.0,0.7805,184.0,28.0,114.0,758.0,30.0,210.0,87.0,252.0,15.883557963053486,105,4,54,57,258.0,-63.0,74.0,-31.0,161.0,18.0,-97.0,6547.0,105.0,65.0,7.93862400055467,61.39270832775754,
7933,736.35455,142.0127650087934,33.804161419764995,138.95323727627112,28.0,0.7743,159.0,23.0,96.0,669.0,32.0,185.0,80.0,229.0,22.750669128062814,108,4,55,57,263.0,-48.0,75.0,-13.0,180.0,35.0,-83.0,6652.0,123.0,82.0,7.942975123602208,61.39270832775754,
7934,569.4126,115.24298166937953,65.11372562847717,64.27557252851531,28.0,0.71045,159.0,23.0,96.0,669.0,32.0,185.0,80.0,229.0,46.654983042670764,104,6,58,58,263.0,-48.0,75.0,-13.0,180.0,35.0,-83.0,6652.0,123.0,82.0,7.947326246649744,61.39270832775754,
7935,353.48645,166.86351404454473,44.87448446009484,129.34793020866184,28.0,0.66685,172.0,26.0,105.0,715.0,31.0,199.0,84.0,241.0,34.3121685190622,99,2,58,60,261.0,-59.0,75.0,-26.0,168.0,23.0,-93.0,6599.0,111.0,70.0,7.951677369697282,61.39270832775754,
7936,420.9979,292.57885278192646,56.90826292106862,251.50100872699363,28.0,0.736,172.0,26.0,105.0,715.0,31.0,199.0,84.0,241.0,44.36585133163571,101,1,58,61,261.0,-59.0,75.0,-26.0,168.0,23.0,-93.0,6599.0,111.0,70.0,7.956028492744819,61.39270832775754,
7937,629.00635,304.43858665127266,51.175436981709424,242.555434861583,28.0,0.7775,180.0,28.0,112.0,746.0,29.0,208.0,86.0,248.0,31.992161132273896,111,3,57,59,259.0,-64.0,74.0,-32.0,161.0,18.0,-98.0,6560.0,104.0,65.0,7.960379615792355,61.39270832775754,
7938,693.292,291.1888320875982,18.19243210253976,203.42172984567117,28.0,0.7753,180.0,28.0,112.0,746.0,29.0,208.0,86.0,248.0,11.664636763232027,116,1,55,61,259.0,-64.0,74.0,-32.0,161.0,18.0,-98.0,6560.0,104.0,65.0,7.964730738839894,61.39270832775754,
7939,716.74805,228.08619382399385,9.784314334850226,189.9975123110571,28.0,0.7661,190.0,30.0,120.0,783.0,29.0,219.0,89.0,258.0,8.168383954268812,114,0,56,63,258.0,-70.0,74.0,-38.0,155.0,12.0,-103.0,6534.0,98.0,59.0,7.969081861887429,61.39270832775754,
7940,760.8919,306.1441247396352,20.32034243770391,225.4682260240275,28.0,0.7461,202.0,33.0,130.0,826.0,28.0,230.0,92.0,268.0,18.813570720809583,99,1,53,60,256.0,-74.0,73.0,-44.0,148.0,6.0,-108.0,6502.0,93.0,54.0,7.977784107982435,61.39270832775754,
7941,837.6861,298.888793358393,27.836405707194647,236.7362096750641,28.0,0.751,202.0,33.0,130.0,826.0,28.0,230.0,92.0,268.0,24.72244971748349,114,6,57,56,256.0,-74.0,73.0,-44.0,148.0,6.0,-108.0,6502.0,93.0,54.0,7.982135231029971,61.39270832775754,
7942,911.8474,301.42570952772144,25.41876721259397,231.28608482322892,28.0,0.74855,221.0,37.0,144.0,890.0,26.0,246.0,97.0,283.0,19.69625188196688,120,5,56,56,255.0,-81.0,72.0,-13.0,140.0,-1.0,-115.0,6442.0,84.0,46.0,7.986486354077509,61.39270832775754,
7943,999.13654,283.4926864184732,24.29226209186098,244.46781414869778,28.0,0.7376,221.0,37.0,144.0,890.0,26.0,246.0,97.0,283.0,23.520739426796244,112,5,55,56,255.0,-81.0,72.0,-13.0,140.0,-1.0,-115.0,6442.0,84.0,46.0,7.990837477125045,61.39270832775754,
7944,912.21893,122.8861084872469,34.96364052831604,111.0521146465073,28.0,0.7976,171.0,25.0,104.0,712.0,31.0,196.0,84.0,241.0,28.87019928812559,114,6,52,58,260.0,-55.0,75.0,-22.0,171.0,27.0,-89.0,6589.0,114.0,74.0,7.929393101910008,61.3906249944244,
7945,828.1177,114.77947805826415,31.731986624047046,114.8250031581254,28.0,0.767,160.0,23.0,96.0,672.0,32.0,184.0,81.0,232.0,24.05038365057331,124,4,53,59,262.0,-47.0,75.0,-12.0,181.0,36.0,-81.0,6645.0,124.0,37.0,7.933743934887489,61.3906249944244,
7946,730.05316,148.19524425442296,36.371585071325356,140.5902993052164,28.0,0.7654,160.0,23.0,96.0,672.0,32.0,184.0,81.0,232.0,24.18833370913175,109,3,58,58,262.0,-47.0,75.0,-12.0,181.0,36.0,-81.0,6645.0,124.0,37.0,7.9380947678650395,61.3906249944244,
7947,659.5728,126.24819063440334,44.47232909411702,109.11348902672783,28.0,0.7911,181.0,28.0,113.0,749.0,30.0,208.0,86.0,249.0,31.555968913961728,109,6,56,57,259.0,-63.0,74.0,-31.0,162.0,19.0,-97.0,6566.0,106.0,67.0,7.94244560084259,61.3906249944244,
7948,468.2996,124.29024082664748,71.62387214933725,76.03277033925491,28.0,0.8086,181.0,28.0,113.0,749.0,30.0,208.0,86.0,249.0,45.8119568571106,111,5,58,60,259.0,-63.0,74.0,-31.0,162.0,19.0,-97.0,6566.0,106.0,67.0,7.946796433820141,61.3906249944244,
7949,331.24954,183.64392500023425,42.710394875920755,162.05850518373873,28.0,0.7672,180.0,27.0,111.0,745.0,30.0,207.0,86.0,249.0,29.354105552460226,93,2,57,61,260.0,-63.0,74.0,-31.0,163.0,19.0,-97.0,6572.0,106.0,66.0,7.951147266797693,61.3906249944244,
7950,456.2173,284.9349123457521,70.77886392306132,255.0,28.0,0.7159,180.0,27.0,111.0,745.0,30.0,207.0,86.0,249.0,47.50845293565013,104,3,58,58,260.0,-63.0,74.0,-31.0,163.0,19.0,-97.0,6572.0,106.0,66.0,7.9554980997752445,61.3906249944244,
7951,681.22156,215.95491958873578,34.85757691561998,203.95261430615946,28.0,0.7624,180.0,28.0,112.0,749.0,30.0,209.0,86.0,249.0,22.39901640480204,118,4,55,60,260.0,-64.0,74.0,-32.0,162.0,18.0,-98.0,6566.0,105.0,65.0,7.959848932752795,61.3906249944244,
7952,702.0892,221.49182647940626,7.962465709616967,193.69106181870293,28.0,0.76485,180.0,28.0,112.0,749.0,30.0,209.0,86.0,249.0,8.836976038578525,96,1,57,63,260.0,-64.0,74.0,-32.0,162.0,18.0,-98.0,6566.0,105.0,65.0,7.964199765730346,61.3906249944244,
7953,708.5219,197.58742491906585,8.07374239455618,191.54869362335756,28.0,0.7626,191.0,30.0,121.0,786.0,29.0,219.0,89.0,258.0,10.411967620337814,115,1,57,62,257.0,-69.0,74.0,-38.0,154.0,12.0,-103.0,6510.0,98.0,59.0,7.968550598707896,61.3906249944244,
7954,782.753,282.41122936090255,15.864643544176754,229.73590171760688,28.0,0.7601,209.0,34.0,134.0,849.0,27.0,236.0,94.0,274.0,16.844240800187148,99,1,56,59,255.0,-77.0,73.0,-7.0,145.0,3.0,-110.0,6477.0,89.0,51.0,7.97725226466293,61.3906249944244,
7955,851.2093,285.80573455804455,17.58911917469707,231.6289674182339,28.0,0.757,209.0,34.0,134.0,849.0,27.0,236.0,94.0,274.0,17.964487264804216,109,5,53,57,255.0,-77.0,73.0,-7.0,145.0,3.0,-110.0,6477.0,89.0,51.0,7.98160309764048,61.3906249944244,
7956,924.578,279.186710203587,18.55617374782099,234.28369560216024,28.0,0.7535,226.0,38.0,147.0,907.0,26.0,251.0,99.0,288.0,19.696066292883817,111,6,55,55,254.0,-82.0,72.0,-15.0,138.0,-3.0,-116.0,6400.0,82.0,44.0,7.985953930618031,61.3906249944244,
7957,972.8362,121.69132740832276,36.51547747118239,107.53710687270643,28.0,0.7551,201.0,32.0,126.0,813.0,28.0,222.0,92.0,265.0,28.614602632740944,110,3,50,50,256.0,-69.0,73.0,2.0,154.0,12.0,-102.0,6489.0,98.0,59.0,7.924513987371723,61.388541661091246,
7958,873.9467,119.24215203013716,29.37170195715747,118.83866870008137,28.0,0.7897,171.0,25.0,104.0,712.0,31.0,196.0,84.0,241.0,23.413070634359645,131,6,51,56,260.0,-55.0,75.0,-22.0,171.0,27.0,-89.0,6589.0,114.0,74.0,7.928864530323713,61.388541661091246,
7959,784.5876,122.53935267164815,43.68874110565191,104.16894925815333,28.0,0.7683,171.0,25.0,104.0,712.0,31.0,196.0,84.0,241.0,30.940174500454596,128,3,53,56,260.0,-55.0,75.0,-22.0,171.0,27.0,-89.0,6589.0,114.0,74.0,7.9332150732756315,61.388541661091246,
7960,627.1998,154.37837847838844,71.09658745454009,133.8946135985329,28.0,0.7723,160.0,23.0,96.0,672.0,32.0,184.0,81.0,232.0,45.92334710379108,125,7,60,59,262.0,-47.0,75.0,-12.0,181.0,36.0,-81.0,6645.0,124.0,37.0,7.937565616227621,61.388541661091246,
7961,589.1294,141.14312596892196,74.7133779747995,114.77916286739325,28.0,0.7925,181.0,28.0,113.0,749.0,30.0,208.0,86.0,249.0,39.85854833640619,120,4,58,59,259.0,-63.0,74.0,-31.0,162.0,19.0,-97.0,6566.0,106.0,67.0,7.941916159179609,61.388541661091246,
7962,384.6347,135.8270485482022,62.09642352308183,83.13211844183927,28.0,0.8098,181.0,28.0,113.0,749.0,30.0,208.0,86.0,249.0,44.353410539543624,117,5,56,59,259.0,-63.0,74.0,-31.0,162.0,19.0,-97.0,6566.0,106.0,67.0,7.946266702131599,61.388541661091246,
7963,367.26907,292.5694233926514,65.64125446393494,240.537226985948,28.0,0.7816,180.0,27.0,111.0,745.0,30.0,207.0,86.0,249.0,38.015088215542846,121,3,54,59,260.0,-63.0,74.0,-31.0,163.0,19.0,-97.0,6572.0,106.0,66.0,7.950617245083589,61.388541661091246,
7964,600.9608,310.2241710349435,101.65948510965755,243.09932190559,28.0,0.7722,180.0,27.0,111.0,745.0,30.0,207.0,86.0,249.0,48.45119991964385,109,2,55,61,260.0,-63.0,74.0,-31.0,163.0,19.0,-97.0,6572.0,106.0,66.0,7.954967788035579,61.388541661091246,
7965,711.8949,145.1306859544286,15.753967381163593,174.04500147981562,28.0,0.755,180.0,28.0,112.0,749.0,30.0,209.0,86.0,249.0,6.529485230207785,108,3,57,59,260.0,-64.0,74.0,-32.0,162.0,18.0,-98.0,6566.0,105.0,65.0,7.959318330987567,61.388541661091246,
7966,695.9382,119.93732017721436,7.043640154450507,167.96943548309892,28.0,0.75195,180.0,28.0,112.0,749.0,30.0,209.0,86.0,249.0,6.997017050858745,118,1,58,63,260.0,-64.0,74.0,-32.0,162.0,18.0,-98.0,6566.0,105.0,65.0,7.9636688739395565,61.388541661091246,
7967,732.10205,271.0703426162411,7.625628604519421,204.73874147872718,28.0,0.7486,191.0,30.0,121.0,786.0,29.0,219.0,89.0,258.0,7.989340048415895,109,2,56,61,257.0,-69.0,74.0,-38.0,154.0,12.0,-103.0,6510.0,98.0,59.0,7.972369959843465,61.388541661091246,
7968,779.3133,275.26957222117784,13.702153209278674,228.95951921688223,28.0,0.76455,209.0,34.0,134.0,849.0,27.0,236.0,94.0,274.0,15.906012116016287,100,3,55,59,255.0,-77.0,73.0,-7.0,145.0,3.0,-110.0,6477.0,89.0,51.0,7.976720502795456,61.388541661091246,
7969,859.0836,277.0067415804065,18.981583318556066,241.05568071832897,28.0,0.7593,209.0,34.0,134.0,849.0,27.0,236.0,94.0,274.0,20.64914769873654,106,5,54,58,255.0,-77.0,73.0,-7.0,145.0,3.0,-110.0,6477.0,89.0,51.0,7.981071045747444,61.388541661091246,
7970,942.09924,290.803617594961,20.026435227414566,236.94133908658063,28.0,0.754,226.0,38.0,147.0,907.0,26.0,251.0,99.0,288.0,20.76627885803674,108,6,54,57,254.0,-82.0,72.0,-15.0,138.0,-3.0,-116.0,6400.0,82.0,44.0,7.985421588699434,61.388541661091246,
7971,1025.6324,281.99152524839985,20.127973001531178,235.45827501582454,28.0,0.7376,226.0,38.0,147.0,907.0,26.0,251.0,99.0,288.0,20.32242629421666,110,2,56,57,254.0,-82.0,72.0,-15.0,138.0,-3.0,-116.0,6400.0,82.0,44.0,7.9897721316514225,61.388541661091246,
7972,923.67255,126.02143546051967,36.36498384618561,115.60439170919229,28.0,0.7715,201.0,32.0,126.0,813.0,28.0,222.0,92.0,265.0,26.54565724520851,125,3,52,52,256.0,-69.0,73.0,2.0,154.0,12.0,-102.0,6489.0,98.0,59.0,7.923985786712354,61.38645832775809,
7973,827.921,129.26784089791036,37.04811957055624,118.38489061555636,28.0,0.7923,171.0,25.0,104.0,712.0,31.0,196.0,84.0,241.0,26.913482673319255,133,6,54,56,260.0,-55.0,75.0,-22.0,171.0,27.0,-89.0,6589.0,114.0,74.0,7.928336039683194,61.38645832775809,
7974,703.0387,123.69406678193576,62.54141002877898,79.86192590983364,28.0,0.784,171.0,25.0,104.0,712.0,31.0,196.0,84.0,241.0,43.05252339809763,125,4,54,56,260.0,-55.0,75.0,-22.0,171.0,27.0,-89.0,6589.0,114.0,74.0,7.932686292653968,61.38645832775809,
7975,496.5334,126.65393789115363,70.69954619955031,81.69385631367578,28.0,0.8154,160.0,23.0,96.0,672.0,32.0,184.0,81.0,232.0,45.03950698751454,124,8,62,57,262.0,-47.0,75.0,-12.0,181.0,36.0,-81.0,6645.0,124.0,37.0,7.937036545624809,61.38645832775809,
7976,382.40067,154.86237118795847,80.13708111227238,133.40698055254506,28.0,0.8191,160.0,23.0,96.0,672.0,32.0,184.0,81.0,232.0,41.17788238991278,120,6,58,62,262.0,-47.0,75.0,-12.0,181.0,36.0,-81.0,6645.0,124.0,37.0,7.941386798595651,61.38645832775809,
7977,321.65137,242.5276350210118,61.838532519489014,187.66510466857073,28.0,0.8138,181.0,28.0,113.0,749.0,30.0,208.0,86.0,249.0,35.79593037219307,104,5,54,61,259.0,-63.0,74.0,-31.0,162.0,19.0,-97.0,6566.0,106.0,67.0,7.945737051566494,61.38645832775809,
7978,479.22522,305.2631838090684,106.33824124119839,253.68935390924022,28.0,0.7967,180.0,27.0,111.0,745.0,30.0,207.0,86.0,249.0,55.493764784211216,119,3,58,60,260.0,-63.0,74.0,-31.0,163.0,19.0,-97.0,6572.0,106.0,66.0,7.950087304537337,61.38645832775809,
7979,728.0437,194.71259594204153,45.9281913535398,179.590426089971,28.0,0.7713,180.0,27.0,111.0,745.0,30.0,207.0,86.0,249.0,20.51257122406322,122,3,57,60,260.0,-63.0,74.0,-31.0,163.0,19.0,-97.0,6572.0,106.0,66.0,7.954437557508179,61.38645832775809,
7980,712.57385,193.58641079968558,8.487228352218912,177.58311284387344,28.0,0.7662,180.0,28.0,112.0,749.0,30.0,209.0,86.0,249.0,7.220185600120564,117,4,57,58,260.0,-64.0,74.0,-32.0,162.0,18.0,-98.0,6566.0,105.0,65.0,7.958787810479021,61.38645832775809,
7981,691.3136,130.24559210356503,9.884422539224746,156.38453092666361,28.0,0.7518,180.0,28.0,112.0,749.0,30.0,209.0,86.0,249.0,10.920205776214342,116,3,57,61,260.0,-64.0,74.0,-32.0,162.0,18.0,-98.0,6566.0,105.0,65.0,7.963138063449863,61.38645832775809,
7982,726.2202,266.6121802033885,9.200343817912735,213.05522939857656,28.0,0.76595,191.0,30.0,121.0,786.0,29.0,219.0,89.0,258.0,10.667552861493618,114,1,56,62,257.0,-69.0,74.0,-38.0,154.0,12.0,-103.0,6510.0,98.0,59.0,7.971838569391477,61.38645832775809,
7983,774.0672,268.18088301702284,14.347585847918854,225.16649092316982,28.0,0.7758,209.0,34.0,134.0,849.0,27.0,236.0,94.0,274.0,14.68432151277738,110,2,56,59,255.0,-77.0,73.0,-7.0,145.0,3.0,-110.0,6477.0,89.0,51.0,7.976188822362321,61.38645832775809,
7984,857.5547,275.77381699732365,19.498536084583467,246.9085652656986,28.0,0.7717,209.0,34.0,134.0,849.0,27.0,236.0,94.0,274.0,22.735092217735865,101,4,56,58,255.0,-77.0,73.0,-7.0,145.0,3.0,-110.0,6477.0,89.0,51.0,7.980539075333163,61.38645832775809,
7985,941.39087,263.8806511026055,17.839591791333063,238.59761198155746,28.0,0.7723,226.0,38.0,147.0,907.0,26.0,251.0,99.0,288.0,19.558379312808444,107,5,58,59,254.0,-82.0,72.0,-15.0,138.0,-3.0,-116.0,6400.0,82.0,44.0,7.984889328304005,61.38645832775809,
7986,1004.50287,149.5979590532447,61.37138191056851,128.1183820017859,28.0,0.7303,227.0,37.0,145.0,903.0,26.0,245.0,100.0,288.0,35.24451187443741,114,6,59,51,251.0,-76.0,72.0,-10.0,141.0,2.0,-110.0,6342.0,86.0,49.0,7.914757740868577,61.38437499442495,
7987,925.1393,150.56714866579713,52.84900035397393,134.18131520838145,28.0,0.7807,201.0,32.0,126.0,813.0,28.0,222.0,92.0,265.0,31.37723191434632,130,4,53,52,256.0,-69.0,73.0,2.0,154.0,12.0,-102.0,6489.0,98.0,59.0,7.919107703902678,61.38437499442495,
7988,849.947,145.00071274461652,48.7958007702351,130.55126763478754,28.0,0.78855,201.0,32.0,126.0,813.0,28.0,222.0,92.0,265.0,29.98918717071878,126,5,56,53,256.0,-69.0,73.0,2.0,154.0,12.0,-102.0,6489.0,98.0,59.0,7.923457666936778,61.38437499442495,
7989,753.0594,134.13974748165663,52.16692637374418,110.92971912099833,28.0,0.7872,171.0,25.0,104.0,712.0,31.0,196.0,84.0,241.0,32.587308071545834,119,3,53,56,260.0,-55.0,75.0,-22.0,171.0,27.0,-89.0,6589.0,114.0,74.0,7.927807629970878,61.38437499442495,
7990,598.5254,126.73533955137864,69.9392698055841,78.76123730913139,28.0,0.7848,171.0,25.0,104.0,712.0,31.0,196.0,84.0,241.0,45.23965961866447,112,5,55,54,260.0,-55.0,75.0,-22.0,171.0,27.0,-89.0,6589.0,114.0,74.0,7.932157593004908,61.38437499442495,
7991,410.309,118.1665450002113,55.46268662543601,73.97840130706633,28.0,0.8239,160.0,23.0,96.0,672.0,32.0,184.0,81.0,232.0,42.55389738723159,120,8,55,59,262.0,-47.0,75.0,-12.0,181.0,36.0,-81.0,6645.0,124.0,37.0,7.936507556039008,61.38437499442495,
7992,299.48578,209.1043510961778,27.515927218476676,182.44234773048495,28.0,0.8301,160.0,23.0,96.0,672.0,32.0,184.0,81.0,232.0,21.78866804313659,113,5,55,61,262.0,-47.0,75.0,-12.0,181.0,36.0,-81.0,6645.0,124.0,37.0,7.940857519073108,61.38437499442495,
7993,420.78024,285.74694518310184,53.755634265349556,254.73054378408722,28.0,0.828,181.0,28.0,113.0,749.0,30.0,208.0,86.0,249.0,41.7831118951847,104,6,53,62,259.0,-63.0,74.0,-31.0,162.0,19.0,-97.0,6566.0,106.0,67.0,7.945207482107208,61.38437499442495,
7994,652.8223,276.6396700047617,73.61894334068056,247.8345451380425,28.0,0.79355,181.0,28.0,113.0,749.0,30.0,208.0,86.0,249.0,40.56116959708914,121,2,54,60,259.0,-63.0,74.0,-31.0,162.0,19.0,-97.0,6566.0,106.0,67.0,7.949557445141309,61.38437499442495,
7995,718.00946,159.70980104632415,22.308804652800188,154.82598548506863,28.0,0.7788,180.0,27.0,111.0,745.0,30.0,207.0,86.0,249.0,16.718063359973403,125,6,56,61,260.0,-63.0,74.0,-31.0,163.0,19.0,-97.0,6572.0,106.0,66.0,7.953907408175409,61.38437499442495,
7996,691.67755,158.43638529479043,10.983073622812126,166.108834389576,28.0,0.7676,180.0,27.0,111.0,745.0,30.0,207.0,86.0,249.0,9.123791547293914,114,4,55,62,260.0,-63.0,74.0,-31.0,163.0,19.0,-97.0,6572.0,106.0,66.0,7.95825737120951,61.38437499442495,
7997,726.23773,277.5032478472217,9.796675080540895,213.05146769094202,28.0,0.7794,191.0,30.0,121.0,786.0,29.0,219.0,89.0,258.0,10.723130008772689,112,3,59,62,257.0,-69.0,74.0,-38.0,154.0,12.0,-103.0,6510.0,98.0,59.0,7.97130726031174,61.38437499442495,
7998,781.6938,279.33843463575886,15.804793606012684,233.05415045792446,28.0,0.7756,209.0,34.0,134.0,849.0,27.0,236.0,94.0,274.0,18.05159154361478,113,2,58,60,255.0,-77.0,73.0,-7.0,145.0,3.0,-110.0,6477.0,89.0,51.0,7.9756572233458405,61.38437499442495,
7999,852.5058,264.8771248575422,15.816058748279072,229.44399680824156,28.0,0.7683,209.0,34.0,134.0,849.0,27.0,236.0,94.0,274.0,16.193977894115267,110,0,58,59,255.0,-77.0,73.0,-7.0,145.0,3.0,-110.0,6477.0,89.0,51.0,7.980007186379942,61.38437499442495,
8000,907.54376,230.32348882328768,19.43422012668352,217.38559672922148,28.0,0.7804,226.0,38.0,147.0,907.0,26.0,251.0,99.0,288.0,15.746162883580075,106,3,60,59,254.0,-82.0,72.0,-15.0,138.0,-3.0,-116.0,6400.0,82.0,44.0,7.984357149414041,61.38437499442495,
8001,960.66095,148.45566797048187,50.76850338268942,132.9185144570405,28.0,0.7679,165.0,24.0,98.0,686.0,32.0,186.0,83.0,237.0,30.501841584244065,129,5,55,51,261.0,-46.0,75.0,31.0,181.0,37.0,-80.0,6613.0,124.0,38.0,7.909880608602166,61.38229166109181,
8002,878.9342,144.80129181013552,58.505933020741374,124.52818477709197,28.0,0.777,165.0,24.0,98.0,686.0,32.0,186.0,83.0,237.0,33.742949734446604,121,5,50,51,261.0,-46.0,75.0,31.0,181.0,37.0,-80.0,6613.0,124.0,38.0,7.91423028174392,61.38229166109181,
8003,802.1824,156.11525350535453,70.40857274542549,137.8833640932429,29.0,0.80145,162.0,24.0,97.0,678.0,33.0,184.0,82.0,235.0,36.604608173499905,119,7,55,50,262.0,-45.0,76.0,-9.0,183.0,39.0,-79.0,6626.0,126.0,39.0,7.918579954885674,61.38229166109181,
8004,735.7334,155.65323859902725,72.87671470850981,140.00460573322917,29.0,0.79285,162.0,24.0,97.0,678.0,33.0,184.0,82.0,235.0,34.457692530369016,127,5,54,53,262.0,-45.0,76.0,-9.0,183.0,39.0,-79.0,6626.0,126.0,39.0,7.922929628027427,61.38229166109181,
8005,640.2283,143.1852504371138,74.20324899211319,109.89217049234814,28.0,0.7883,164.0,24.0,99.0,685.0,32.0,187.0,82.0,235.0,40.86603878775794,108,4,54,55,263.0,-49.0,75.0,-14.0,179.0,34.0,-84.0,6669.0,122.0,35.0,7.927279301169181,61.38229166109181,
8006,486.1353,125.46556085753201,65.78248082259856,83.09952388913177,28.0,0.8004,164.0,24.0,99.0,685.0,32.0,187.0,82.0,235.0,42.069261994039806,109,6,59,57,263.0,-49.0,75.0,-14.0,179.0,34.0,-84.0,6669.0,122.0,35.0,7.931628974310865,61.38229166109181,
8007,299.37918,267.5606734466338,21.06966177042471,217.6012923453778,28.0,0.78,180.0,27.0,111.0,744.0,30.0,206.0,86.0,249.0,17.52263790802837,105,2,56,62,260.0,-61.0,74.0,-29.0,165.0,21.0,-95.0,6569.0,107.0,67.0,7.9403283205943715,61.38229166109181,
8008,655.1872,246.16926433624346,41.537934833111045,220.58596399632856,28.0,0.78355,179.0,27.0,111.0,744.0,30.0,207.0,86.0,249.0,27.3230329902504,123,4,58,61,260.0,-62.0,74.0,-30.0,164.0,20.0,-96.0,6596.0,108.0,67.0,7.949027666877879,61.38229166109181,
8009,676.1397,201.79887310184293,12.177845504653149,173.04126280393797,28.0,0.7705,180.0,28.0,112.0,748.0,30.0,208.0,86.0,249.0,7.487592998247308,114,2,55,61,261.0,-64.0,74.0,-32.0,163.0,19.0,-98.0,6592.0,106.0,66.0,7.9533773400196335,61.38229166109181,
8010,678.1196,213.75228130936318,4.488843702264479,182.8396522664045,28.0,0.77495,180.0,28.0,112.0,748.0,30.0,208.0,86.0,249.0,4.050189118973289,121,2,56,62,261.0,-64.0,74.0,-32.0,163.0,19.0,-98.0,6592.0,106.0,66.0,7.957727013161387,61.38229166109181,
8011,720.8967,269.64284126778415,8.25094464909622,209.8072820697381,28.0,0.7804,190.0,30.0,120.0,784.0,29.0,219.0,89.0,258.0,9.586910804317487,116,2,59,60,260.0,-70.0,74.0,-38.0,156.0,12.0,-104.0,6573.0,99.0,59.0,7.970776032586576,61.38229166109181,
8012,768.5379,259.37462927652206,13.253248113021993,222.8088863628846,28.0,0.7809,197.0,31.0,126.0,808.0,28.0,225.0,91.0,264.0,14.383386365726418,110,2,59,60,257.0,-73.0,73.0,-42.0,151.0,8.0,-106.0,6526.0,95.0,55.0,7.975125705728332,61.38229166109181,
8013,824.4209,232.0129380967389,18.967794645303936,216.3556322331657,28.0,0.786,197.0,31.0,126.0,808.0,28.0,225.0,91.0,264.0,15.374779255641881,108,1,59,59,257.0,-73.0,73.0,-42.0,151.0,8.0,-106.0,6526.0,95.0,55.0,7.979475378870085,61.38229166109181,
8014,860.2411,216.07147583131058,21.05643833685384,206.9455392422339,28.0,0.7831,201.0,32.0,129.0,823.0,28.0,230.0,92.0,268.0,14.888712672860642,110,0,58,58,257.0,-74.0,73.0,-44.0,149.0,6.0,-108.0,6496.0,92.0,53.0,7.983825052011839,61.38229166109181,
8015,902.85144,220.09544785275023,23.040779248563144,210.2972983872621,28.0,0.7842,201.0,32.0,129.0,823.0,28.0,230.0,92.0,268.0,15.549806497284717,103,1,57,60,257.0,-74.0,73.0,-44.0,149.0,6.0,-108.0,6496.0,92.0,53.0,7.988174725153591,61.38229166109181,
8016,939.4746,213.62945218674378,21.599177576987163,204.68166934354258,28.0,0.7673,205.0,33.0,132.0,837.0,27.0,234.0,93.0,271.0,14.109863492823425,101,3,56,57,256.0,-76.0,73.0,-46.0,146.0,4.0,-110.0,6459.0,89.0,51.0,7.992524398295345,61.38229166109181,
8017,977.2439,215.93485317238438,29.602337904831877,217.11086038158888,28.0,0.7504,205.0,33.0,132.0,837.0,27.0,234.0,93.0,271.0,19.945478701253602,108,4,53,56,256.0,-76.0,73.0,-46.0,146.0,4.0,-110.0,6459.0,89.0,51.0,7.996874071437098,61.38229166109181,
8018,856.2744,147.83522222993608,60.8939054731904,126.56961262506957,28.0,0.7877,165.0,24.0,98.0,686.0,32.0,186.0,83.0,237.0,34.64409454460295,121,3,53,50,261.0,-46.0,75.0,31.0,181.0,37.0,-80.0,6613.0,124.0,38.0,7.9093535200853555,61.38020832775866,
8019,762.829,143.67259036937145,67.02782506814627,116.3926467320379,28.0,0.7914,165.0,24.0,98.0,686.0,32.0,186.0,83.0,237.0,36.80320872023394,120,5,55,53,261.0,-46.0,75.0,31.0,181.0,37.0,-80.0,6613.0,124.0,38.0,7.913702903379148,61.38020832775866,
8020,624.9592,144.46344246713556,95.24783557418063,102.32382649970515,29.0,0.7807,162.0,24.0,97.0,678.0,33.0,184.0,82.0,235.0,49.73112340362011,115,5,53,55,262.0,-45.0,76.0,-9.0,183.0,39.0,-79.0,6626.0,126.0,39.0,7.918052286672941,61.38020832775866,
8021,508.85477,164.12720772920423,116.2203771761611,144.00174036533966,29.0,0.76005,162.0,24.0,97.0,678.0,33.0,184.0,82.0,235.0,50.899896051872936,108,7,58,57,262.0,-45.0,76.0,-9.0,183.0,39.0,-79.0,6626.0,126.0,39.0,7.9224016699667335,61.38020832775866,
8022,453.08423,172.8737347167569,92.58179402083124,164.9372411920417,28.0,0.7957,164.0,24.0,99.0,685.0,32.0,187.0,82.0,235.0,43.72349642777927,94,5,59,55,263.0,-49.0,75.0,-14.0,179.0,34.0,-84.0,6669.0,122.0,35.0,7.926751053260526,61.38020832775866,
8023,372.2925,143.71414635317115,66.69756329812967,113.39587769660754,28.0,0.8121,164.0,24.0,99.0,685.0,32.0,187.0,82.0,235.0,40.509750718921595,108,6,54,56,263.0,-49.0,75.0,-14.0,179.0,34.0,-84.0,6669.0,122.0,35.0,7.9311004365542495,61.38020832775866,
8024,281.2417,221.22534028953513,41.220671174583366,179.44539085289645,28.0,0.7993,180.0,27.0,111.0,744.0,30.0,206.0,86.0,249.0,25.709479197574083,116,6,52,62,260.0,-61.0,74.0,-29.0,165.0,21.0,-95.0,6569.0,107.0,67.0,7.935449819848042,61.38020832775866,
8025,367.13998,321.80046653143927,90.16806007806368,235.1012977148917,28.0,0.7528,180.0,27.0,111.0,744.0,30.0,206.0,86.0,249.0,41.05035939084425,128,7,54,62,260.0,-61.0,74.0,-29.0,165.0,21.0,-95.0,6569.0,107.0,67.0,7.939799203141835,61.38020832775866,
8026,490.4069,246.68091302852423,122.20018668948971,213.91747336449762,28.0,0.7597,179.0,27.0,111.0,744.0,30.0,207.0,86.0,249.0,47.005616367705976,109,4,53,62,260.0,-62.0,74.0,-30.0,164.0,20.0,-96.0,6596.0,108.0,67.0,7.944148586435627,61.38020832775866,
8027,655.07446,204.4868250267284,36.39354778934194,196.18994828349537,28.0,0.7581,179.0,27.0,111.0,744.0,30.0,207.0,86.0,249.0,14.698592477258796,111,3,55,62,260.0,-62.0,74.0,-30.0,164.0,20.0,-96.0,6596.0,108.0,67.0,7.948497969729422,61.38020832775866,
8028,673.4588,192.84742171847108,5.325559570039702,185.56300582962916,28.0,0.76345,180.0,28.0,112.0,748.0,30.0,208.0,86.0,249.0,6.032621769180538,132,1,55,61,261.0,-64.0,74.0,-32.0,163.0,19.0,-98.0,6592.0,106.0,66.0,7.952847353023214,61.38020832775866,
8029,676.8878,255.7290132784378,5.102396180931491,185.6730851207567,28.0,0.76095,180.0,28.0,112.0,748.0,30.0,208.0,86.0,249.0,5.074332036959485,130,1,56,62,261.0,-64.0,74.0,-32.0,163.0,19.0,-98.0,6592.0,106.0,66.0,7.957196736317007,61.38020832775866,
8030,688.0615,309.5443711316857,8.092274241033117,192.54246756452255,28.0,0.7539,183.0,28.0,114.0,756.0,29.0,211.0,87.0,251.0,5.76524062368832,120,2,57,58,261.0,-66.0,74.0,-34.0,161.0,16.0,-100.0,6581.0,104.0,63.0,7.961546119610798,61.38020832775866,
8031,700.5644,261.18358311881804,7.377305498323523,187.9056345338538,28.0,0.7622,183.0,28.0,114.0,756.0,29.0,211.0,87.0,251.0,4.848912272997743,124,3,58,56,261.0,-66.0,74.0,-34.0,161.0,16.0,-100.0,6581.0,104.0,63.0,7.965895502904591,61.38020832775866,
8032,721.92377,293.75266358988216,10.314853497285293,203.45739655752126,28.0,0.76,190.0,30.0,120.0,784.0,29.0,219.0,89.0,258.0,10.104195017188406,126,4,59,61,260.0,-70.0,74.0,-38.0,156.0,12.0,-104.0,6573.0,99.0,59.0,7.970244886198313,61.38020832775866,
8033,756.26483,273.45819062170636,10.476475711349932,207.44624937238996,28.0,0.7572,190.0,30.0,120.0,784.0,29.0,219.0,89.0,258.0,11.012213076341931,121,3,57,61,260.0,-70.0,74.0,-38.0,156.0,12.0,-104.0,6573.0,99.0,59.0,7.9745942694921075,61.38020832775866,
8034,786.47266,269.12512541651705,11.965639354142699,200.99405248473013,28.0,0.7712,197.0,31.0,126.0,808.0,28.0,225.0,91.0,264.0,9.429705519995828,113,1,58,58,257.0,-73.0,73.0,-42.0,151.0,8.0,-106.0,6526.0,95.0,55.0,7.9789436527859,61.38020832775866,
8035,818.9019,234.3353527680984,14.213689853881505,209.7353739691626,28.0,0.772,197.0,31.0,126.0,808.0,28.0,225.0,91.0,264.0,12.382083537956888,111,1,59,59,257.0,-73.0,73.0,-42.0,151.0,8.0,-106.0,6526.0,95.0,55.0,7.983293036079693,61.38020832775866,
8036,863.1428,240.7838795966811,16.127241755538783,216.49999486197913,28.0,0.7838,201.0,32.0,129.0,823.0,28.0,230.0,92.0,268.0,13.716614579873452,105,4,58,59,257.0,-74.0,73.0,-44.0,149.0,6.0,-108.0,6496.0,92.0,53.0,7.987642419373485,61.38020832775866,
8037,893.65436,208.67884956137533,16.52773752058255,194.86063228588046,28.0,0.7666,205.0,33.0,132.0,837.0,27.0,234.0,93.0,271.0,11.702904372783712,101,3,56,56,256.0,-76.0,73.0,-46.0,146.0,4.0,-110.0,6459.0,89.0,51.0,7.991991802667278,61.38020832775866,
8038,921.3262,222.00356448702885,16.613309993813125,203.54451001087304,28.0,0.75515,205.0,33.0,132.0,837.0,27.0,234.0,93.0,271.0,11.685634615288953,108,3,56,55,256.0,-76.0,73.0,-46.0,146.0,4.0,-110.0,6459.0,89.0,51.0,7.996341185961071,61.38020832775866,
8039,962.13226,225.59626584197574,27.335329032480047,220.61564092208596,28.0,0.742,215.0,36.0,140.0,874.0,27.0,244.0,96.0,280.0,18.79149565353118,111,2,56,54,255.0,-81.0,73.0,-11.0,141.0,-1.0,-114.0,6445.0,85.0,47.0,8.000690569254866,61.38020832775866,
8040,1029.8297,220.50487304716566,37.123234935361715,228.30893470134998,28.0,0.7059,215.0,36.0,140.0,874.0,27.0,244.0,96.0,280.0,24.653454405160712,129,3,52,56,255.0,-81.0,73.0,-11.0,141.0,-1.0,-114.0,6445.0,85.0,47.0,8.005039952548657,61.38020832775866,
8041,926.38226,124.65192858405726,37.96746445026686,115.0600195791691,28.0,0.7498,190.0,29.0,116.0,771.0,30.0,210.0,89.0,255.0,27.878595191278873,106,4,55,49,257.0,-61.0,74.0,10.0,162.0,20.0,-95.0,6495.0,106.0,66.0,7.900128325286105,61.378124994425505,
8042,841.29675,140.24267329102855,51.303669033075245,123.52998923190657,28.0,0.7767,190.0,29.0,116.0,771.0,30.0,210.0,89.0,255.0,30.68255113599916,121,9,58,48,257.0,-61.0,74.0,10.0,162.0,20.0,-95.0,6495.0,106.0,66.0,7.904477418776312,61.378124994425505,
8043,720.89,134.55948645822662,74.31808158905672,94.84961304397176,28.0,0.7862,165.0,24.0,98.0,686.0,32.0,186.0,83.0,237.0,42.91854884414426,129,5,61,51,261.0,-46.0,75.0,31.0,181.0,37.0,-80.0,6613.0,124.0,38.0,7.908826512266521,61.378124994425505,
8044,595.9811,153.37527665904247,93.05591881925088,123.03301641186145,28.0,0.77815,165.0,24.0,98.0,686.0,32.0,186.0,83.0,237.0,46.57424138076801,117,4,61,58,261.0,-46.0,75.0,31.0,181.0,37.0,-80.0,6613.0,124.0,38.0,7.913175605756729,61.378124994425505,
8045,446.36774,133.81993673300482,86.68541933849619,83.83033529863968,29.0,0.79015,162.0,24.0,97.0,678.0,33.0,184.0,82.0,235.0,48.453599302420486,113,7,59,58,262.0,-45.0,76.0,-9.0,183.0,39.0,-79.0,6626.0,126.0,39.0,7.917524699246938,61.378124994425505,
8046,288.48108,221.0393421266383,48.43528693007437,181.34044965325862,28.0,0.797,164.0,24.0,99.0,685.0,32.0,187.0,82.0,235.0,36.04010889425245,111,7,56,60,263.0,-49.0,75.0,-14.0,179.0,34.0,-84.0,6669.0,122.0,35.0,7.930571979717492,61.378124994425505,
8047,384.47934,319.7519707280269,93.15607268487626,248.81614073480267,28.0,0.8029,180.0,27.0,111.0,744.0,30.0,206.0,86.0,249.0,50.04395333768082,105,5,54,62,260.0,-61.0,74.0,-29.0,165.0,21.0,-95.0,6569.0,107.0,67.0,7.934921073207699,61.378124994425505,
8048,585.4389,312.2995223275851,96.59197388264009,239.17409358538026,28.0,0.8088,180.0,27.0,111.0,744.0,30.0,206.0,86.0,249.0,43.36209450739652,123,4,54,61,260.0,-61.0,74.0,-29.0,165.0,21.0,-95.0,6569.0,107.0,67.0,7.9392701666979075,61.378124994425505,
8049,676.5609,189.82775554166653,43.007055473085046,188.171995038093,28.0,0.7916,179.0,27.0,111.0,744.0,30.0,207.0,86.0,249.0,13.687057005384709,110,4,58,61,260.0,-62.0,74.0,-30.0,164.0,20.0,-96.0,6596.0,108.0,67.0,7.9436192601881155,61.378124994425505,
8050,670.8704,211.26091866460806,18.891940438163076,177.52742193692197,28.0,0.7723,179.0,27.0,111.0,744.0,30.0,207.0,86.0,249.0,8.371805303093751,113,3,55,60,260.0,-62.0,74.0,-30.0,164.0,20.0,-96.0,6596.0,108.0,67.0,7.947968353678324,61.378124994425505,
8051,672.31006,246.31411110843092,9.43967980993965,187.21394098827395,28.0,0.7718,180.0,28.0,112.0,748.0,30.0,208.0,86.0,249.0,7.224962267378023,120,2,56,62,261.0,-64.0,74.0,-32.0,163.0,19.0,-98.0,6592.0,106.0,66.0,7.952317447168531,61.378124994425505,
8052,689.7267,306.9536205885305,10.441252391897306,198.8650354765271,28.0,0.7702,180.0,28.0,112.0,748.0,30.0,208.0,86.0,249.0,8.310148118517578,128,1,56,60,261.0,-64.0,74.0,-32.0,163.0,19.0,-98.0,6592.0,106.0,66.0,7.95666654065874,61.378124994425505,
8053,705.8801,239.56691120200324,8.500145091660764,185.67151154500024,28.0,0.7498,183.0,28.0,114.0,756.0,29.0,211.0,87.0,251.0,4.5889914946068435,124,3,57,56,261.0,-66.0,74.0,-34.0,161.0,16.0,-100.0,6581.0,104.0,63.0,7.961015634148948,61.378124994425505,
8054,715.4895,296.62555771858354,7.854470969486844,192.23883023647883,28.0,0.7594,183.0,28.0,114.0,756.0,29.0,211.0,87.0,251.0,5.45806633749457,126,3,58,56,261.0,-66.0,74.0,-34.0,161.0,16.0,-100.0,6581.0,104.0,63.0,7.965364727639155,61.378124994425505,
8055,739.43,299.201497885587,11.263692472159903,203.12856655870465,28.0,0.7666,190.0,30.0,120.0,784.0,29.0,219.0,89.0,258.0,8.711394011941914,130,3,57,60,260.0,-70.0,74.0,-38.0,156.0,12.0,-104.0,6573.0,99.0,59.0,7.969713821129293,61.378124994425505,
8056,770.10693,305.3415507443634,11.123741684034565,200.62910258525847,28.0,0.7599,190.0,30.0,120.0,784.0,29.0,219.0,89.0,258.0,8.29794118996177,119,3,57,58,260.0,-70.0,74.0,-38.0,156.0,12.0,-104.0,6573.0,99.0,59.0,7.974062914619504,61.378124994425505,
8057,801.6738,303.2067649979149,13.654055280255228,208.98770793522365,28.0,0.75335,197.0,31.0,126.0,808.0,28.0,225.0,91.0,264.0,11.742323903352425,124,6,61,59,257.0,-73.0,73.0,-42.0,151.0,8.0,-106.0,6526.0,95.0,55.0,7.978412008109711,61.378124994425505,
8058,828.49774,277.8495389114252,15.648532334624024,193.84758457658214,28.0,0.7697,197.0,31.0,126.0,808.0,28.0,225.0,91.0,264.0,11.21678045267906,122,5,60,59,257.0,-73.0,73.0,-42.0,151.0,8.0,-106.0,6526.0,95.0,55.0,7.982761101599918,61.378124994425505,
8059,853.0828,253.79139323831123,17.626910501190405,199.1159604280921,28.0,0.73415,201.0,32.0,129.0,823.0,28.0,230.0,92.0,268.0,14.98188078220614,111,6,59,58,257.0,-74.0,73.0,-44.0,149.0,6.0,-108.0,6496.0,92.0,53.0,7.987110195090126,61.378124994425505,
8060,873.51874,223.7252217385914,13.031355512013123,192.01583675798275,28.0,0.73945,201.0,32.0,129.0,823.0,28.0,230.0,92.0,268.0,14.603474534509534,105,5,56,59,257.0,-74.0,73.0,-44.0,149.0,6.0,-108.0,6496.0,92.0,53.0,7.991459288580335,61.378124994425505,
8061,963.51746,245.34553218385346,18.531332882722115,215.657177489166,28.0,0.72865,215.0,36.0,140.0,874.0,27.0,244.0,96.0,280.0,13.473125275221095,112,2,54,59,255.0,-81.0,73.0,-11.0,141.0,-1.0,-114.0,6445.0,85.0,47.0,8.004506569050958,61.378124994425505,
8062,983.36,126.92459603431739,39.835371662530754,111.21752164613468,28.0,0.7712,214.0,34.0,135.0,855.0,27.0,231.0,96.0,276.0,29.54266968432201,108,8,47,52,254.0,-71.0,72.0,-2.0,149.0,8.0,-105.0,6422.0,93.0,55.0,7.895253173935172,61.376041661092366,
8063,881.9066,124.69037131475024,38.37360015929889,113.2798975380071,28.0,0.7743,214.0,34.0,135.0,855.0,27.0,231.0,96.0,276.0,27.641805662467693,124,2,56,48,254.0,-71.0,72.0,-2.0,149.0,8.0,-105.0,6422.0,93.0,55.0,7.899601977666163,61.376041661092366,
8064,753.6309,123.27954118493908,56.709819407426295,86.78217453540016,28.0,0.8014,190.0,29.0,116.0,771.0,30.0,210.0,89.0,255.0,39.36513104671587,112,4,58,52,257.0,-61.0,74.0,10.0,162.0,20.0,-95.0,6495.0,106.0,66.0,7.903950781397152,61.376041661092366,
8065,587.7242,131.08734623906702,76.42064889285058,84.47301628609074,28.0,0.81995,190.0,29.0,116.0,771.0,30.0,210.0,89.0,255.0,45.54441919505968,116,6,59,60,257.0,-61.0,74.0,10.0,162.0,20.0,-95.0,6495.0,106.0,66.0,7.908299585128142,61.376041661092366,
8066,426.3278,138.46929412982516,68.47196700662113,105.295549525085,28.0,0.80025,165.0,24.0,98.0,686.0,32.0,186.0,83.0,237.0,40.082269010610936,108,7,62,60,261.0,-46.0,75.0,31.0,181.0,37.0,-80.0,6613.0,124.0,38.0,7.912648388859131,61.376041661092366,
8067,256.68262,225.74427467324003,25.179572582295517,207.193193965356,29.0,0.82035,162.0,24.0,97.0,678.0,33.0,184.0,82.0,235.0,22.551802536000174,120,3,57,63,262.0,-45.0,76.0,-9.0,183.0,39.0,-79.0,6626.0,126.0,39.0,7.921345996321111,61.376041661092366,
8068,311.08997,236.32263016526778,29.283875984325434,209.95410627196833,28.0,0.83345,164.0,24.0,99.0,685.0,32.0,187.0,82.0,235.0,25.622163111773823,110,5,56,61,263.0,-49.0,75.0,-14.0,179.0,34.0,-84.0,6669.0,122.0,35.0,7.925694800052102,61.376041661092366,
8069,376.95377,274.900445220169,44.70826068955074,227.22144467370282,28.0,0.8384,164.0,24.0,99.0,685.0,32.0,187.0,82.0,235.0,34.01290427104815,111,6,56,59,263.0,-49.0,75.0,-14.0,179.0,34.0,-84.0,6669.0,122.0,35.0,7.930043603783021,61.376041661092366,
8070,545.4148,304.2837624867199,67.74336324366693,252.4674937222535,28.0,0.83275,180.0,27.0,111.0,744.0,30.0,206.0,86.0,249.0,41.675767846417955,105,5,56,62,260.0,-61.0,74.0,-29.0,165.0,21.0,-95.0,6569.0,107.0,67.0,7.93439240751401,61.376041661092366,
8071,689.71063,304.2809749036067,34.30346114235272,225.65182884790045,28.0,0.7848,180.0,27.0,111.0,744.0,30.0,206.0,86.0,249.0,22.667450046381973,92,6,54,58,260.0,-61.0,74.0,-29.0,165.0,21.0,-95.0,6569.0,107.0,67.0,7.9387412112449995,61.376041661092366,
8072,716.68494,130.019181402107,14.797319292228616,175.12923993032047,28.0,0.76545,179.0,27.0,111.0,744.0,30.0,207.0,86.0,249.0,9.24487973583705,116,1,54,60,260.0,-62.0,74.0,-30.0,164.0,20.0,-96.0,6596.0,108.0,67.0,7.943090014975991,61.376041661092366,
8073,699.132,188.30102367974425,12.279396080538719,181.823020357114,28.0,0.7777,180.0,28.0,112.0,748.0,30.0,208.0,86.0,249.0,7.1508274082075145,125,2,55,59,261.0,-64.0,74.0,-32.0,163.0,19.0,-98.0,6592.0,106.0,66.0,7.951787622437971,61.376041661092366,
8074,713.71576,318.5649286777378,13.86966813313786,196.02156648734257,28.0,0.7699,180.0,28.0,112.0,748.0,30.0,208.0,86.0,249.0,9.39951288499775,121,0,55,58,261.0,-64.0,74.0,-32.0,163.0,19.0,-98.0,6592.0,106.0,66.0,7.9561364261689596,61.376041661092366,
8075,727.0904,252.38866497077157,12.777237031120926,185.84085749373594,28.0,0.7603,183.0,28.0,114.0,756.0,29.0,211.0,87.0,251.0,7.731151511497899,127,2,58,57,261.0,-66.0,74.0,-34.0,161.0,16.0,-100.0,6581.0,104.0,63.0,7.960485229899949,61.376041661092366,
8076,729.75415,215.29425300406908,13.751203508861034,189.40196154224077,28.0,0.7589,183.0,28.0,114.0,756.0,29.0,211.0,87.0,251.0,9.6726372681152,121,3,59,57,261.0,-66.0,74.0,-34.0,161.0,16.0,-100.0,6581.0,104.0,63.0,7.96483403363094,61.376041661092366,
8077,758.59894,311.2760639927916,16.11423473255689,207.81432582373105,28.0,0.7592,190.0,30.0,120.0,784.0,29.0,219.0,89.0,258.0,12.049785841813959,126,6,57,59,260.0,-70.0,74.0,-38.0,156.0,12.0,-104.0,6573.0,99.0,59.0,7.969182837361859,61.376041661092366,
8078,789.4359,313.7852164493019,13.121924459772881,201.4224221688725,28.0,0.7563,190.0,30.0,120.0,784.0,29.0,219.0,89.0,258.0,9.293187001941083,120,4,57,59,260.0,-70.0,74.0,-38.0,156.0,12.0,-104.0,6573.0,99.0,59.0,7.97353164109285,61.376041661092366,
8079,818.02313,301.47732314041343,12.070570010735812,202.4010466221256,28.0,0.76545,197.0,31.0,126.0,808.0,28.0,225.0,91.0,264.0,8.449233559276589,124,5,60,58,257.0,-73.0,73.0,-42.0,151.0,8.0,-106.0,6526.0,95.0,55.0,7.977880444823839,61.376041661092366,
8080,852.0566,308.7966098626355,14.975203306398926,206.87420732378777,28.0,0.76295,197.0,31.0,126.0,808.0,28.0,225.0,91.0,264.0,11.182428596475885,120,4,61,58,257.0,-73.0,73.0,-42.0,151.0,8.0,-106.0,6526.0,95.0,55.0,7.9822292485548285,61.376041661092366,
8081,886.11774,322.50984720456177,17.88925237707512,202.0942437461789,28.0,0.7456,201.0,32.0,129.0,823.0,28.0,230.0,92.0,268.0,11.81668415408223,114,6,60,58,257.0,-74.0,73.0,-44.0,149.0,6.0,-108.0,6496.0,92.0,53.0,7.986578052285819,61.376041661092366,
8082,910.1032,265.6659467820492,21.851606798454206,188.93897734314345,28.0,0.7383,201.0,32.0,129.0,823.0,28.0,230.0,92.0,268.0,14.005660123908541,105,1,54,57,257.0,-74.0,73.0,-44.0,149.0,6.0,-108.0,6496.0,92.0,53.0,7.9909268560168085,61.376041661092366,
8083,913.62933,135.58045210264157,21.639655221571637,181.69810880810255,28.0,0.7362,205.0,33.0,132.0,837.0,27.0,234.0,93.0,271.0,16.58669176772713,117,2,54,56,256.0,-76.0,73.0,-46.0,146.0,4.0,-110.0,6459.0,89.0,51.0,7.995275659747798,61.376041661092366,
8084,918.64294,203.15618544393394,15.818138624884778,191.19806892891887,28.0,0.7472,205.0,33.0,132.0,837.0,27.0,234.0,93.0,271.0,12.632367919193092,113,1,54,59,256.0,-76.0,73.0,-46.0,146.0,4.0,-110.0,6459.0,89.0,51.0,7.9996244634787885,61.376041661092366,
8085,944.0138,256.889831941939,9.454151451764938,200.5137982660483,28.0,0.73375,215.0,36.0,140.0,874.0,27.0,244.0,96.0,280.0,8.494646591043141,124,2,56,57,255.0,-81.0,73.0,-11.0,141.0,-1.0,-114.0,6445.0,85.0,47.0,8.003973267209778,61.376041661092366,
8086,820.189,122.87754057921829,35.48221500576061,111.80790643367295,28.0,0.7811,172.0,25.0,103.0,709.0,32.0,192.0,85.0,242.0,27.67086754114555,105,1,55,57,260.0,-49.0,75.0,26.0,177.0,33.0,-83.0,6575.0,120.0,34.0,7.899075710620441,61.373958327759226,
8087,667.39703,113.32069854461602,57.464581405112995,70.7308575452822,29.0,0.8258,163.0,24.0,96.0,677.0,33.0,180.0,83.0,238.0,42.758918138669294,115,2,58,57,262.0,-38.0,76.0,40.0,190.0,46.0,-72.0,6637.0,132.0,46.0,7.903424224636569,61.373958327759226,
8088,455.74146,126.97793451297561,70.98674541207824,79.77425538492272,29.0,0.8291,163.0,24.0,96.0,677.0,33.0,180.0,83.0,238.0,44.969480733270245,111,5,62,55,262.0,-38.0,76.0,40.0,190.0,46.0,-72.0,6637.0,132.0,46.0,7.907772738652697,61.373958327759226,
8089,238.80376,282.9520126010077,24.75356411731118,208.97584121353208,28.0,0.8123,176.0,26.0,108.0,730.0,31.0,201.0,86.0,246.0,15.383271221703952,111,4,57,63,260.0,-57.0,74.0,-24.0,169.0,25.0,-91.0,6589.0,112.0,72.0,7.9208182807010825,61.373958327759226,
8090,283.54303,261.57124333203734,22.23420271210857,215.96893528478896,28.0,0.85115,191.0,30.0,120.0,784.0,29.0,216.0,90.0,259.0,16.535342710476364,107,5,61,63,257.0,-65.0,74.0,-34.0,158.0,16.0,-99.0,6508.0,102.0,62.0,7.925166794717211,61.373958327759226,
8091,376.86545,283.23614008188787,44.620035563963256,250.81042521983278,28.0,0.8553,191.0,30.0,120.0,784.0,29.0,216.0,90.0,259.0,37.126139416438775,93,3,54,62,257.0,-65.0,74.0,-34.0,158.0,16.0,-99.0,6508.0,102.0,62.0,7.92951530873327,61.373958327759226,
8092,612.6457,292.1638633246448,51.12170316329622,249.3053096327007,28.0,0.8348,193.0,30.0,121.0,787.0,29.0,216.0,90.0,259.0,39.602275409159084,103,6,56,59,257.0,-66.0,74.0,4.0,157.0,14.0,-100.0,6499.0,101.0,61.0,7.933863822749397,61.373958327759226,
8093,717.81604,291.38088675754784,18.812540502684236,216.49579692202832,28.0,0.7845,193.0,30.0,121.0,787.0,29.0,216.0,90.0,259.0,14.947409320344352,106,7,54,57,257.0,-66.0,74.0,4.0,157.0,14.0,-100.0,6499.0,101.0,61.0,7.938212336765526,61.373958327759226,
8094,734.93243,142.39698221125332,6.575551139099878,172.4772140408368,28.0,0.7735,193.0,30.0,121.0,790.0,29.0,219.0,90.0,260.0,5.652029692582877,116,15,55,58,258.0,-68.0,74.0,4.0,156.0,13.0,-102.0,6534.0,100.0,60.0,7.942560850781655,61.373958327759226,
8095,725.5977,188.75784352442747,13.082744305806758,180.11483877643417,28.0,0.75685,197.0,31.0,124.0,803.0,29.0,222.0,91.0,263.0,9.117393573389638,117,14,55,57,257.0,-70.0,73.0,1.0,153.0,11.0,-104.0,6524.0,97.0,58.0,7.951257878813912,61.373958327759226,
8096,741.10803,315.17083532958316,13.643308525755769,197.72875882124924,28.0,0.7555,197.0,31.0,124.0,803.0,29.0,222.0,91.0,263.0,9.139890452706158,116,13,57,57,257.0,-70.0,73.0,1.0,153.0,11.0,-104.0,6524.0,97.0,58.0,7.955606392830041,61.373958327759226,
8097,757.18427,270.020216344366,14.168348729887569,188.4338864964712,28.0,0.72995,200.0,32.0,127.0,818.0,28.0,228.0,92.0,267.0,8.689466105120015,133,16,58,57,257.0,-72.0,73.0,-1.0,151.0,8.0,-106.0,6500.0,94.0,55.0,7.959954906846168,61.373958327759226,
8098,769.8933,283.97081191269245,19.57763875441271,196.94596941243194,28.0,0.7497,200.0,32.0,127.0,818.0,28.0,228.0,92.0,267.0,12.607161801614046,122,2,59,57,257.0,-72.0,73.0,-1.0,151.0,8.0,-106.0,6500.0,94.0,55.0,7.964303420862297,61.373958327759226,
8099,795.7153,326.9050960735647,19.31409998068887,199.73278244245807,28.0,0.75115,210.0,34.0,134.0,851.0,27.0,236.0,94.0,275.0,11.54552953440627,120,2,58,59,256.0,-76.0,73.0,-7.0,146.0,4.0,-110.0,6461.0,90.0,51.0,7.9686519348783555,61.373958327759226,
8100,819.412,330.65968601946355,16.826172436178474,196.80449192243557,28.0,0.736,210.0,34.0,134.0,851.0,27.0,236.0,94.0,275.0,10.758473438230526,117,3,58,58,256.0,-76.0,73.0,-7.0,146.0,4.0,-110.0,6461.0,90.0,51.0,7.973000448894484,61.373958327759226,
8101,844.72705,322.3779069587919,20.363683322038433,207.6227556467765,28.0,0.7507,221.0,37.0,144.0,892.0,26.0,246.0,98.0,285.0,14.175183129102663,120,4,58,58,254.0,-80.0,72.0,-13.0,140.0,-1.0,-114.0,6435.0,85.0,46.0,7.977348962910613,61.373958327759226,
8102,886.7679,320.13180926954766,24.59036921283451,214.32649193208627,28.0,0.7508,221.0,37.0,144.0,892.0,26.0,246.0,98.0,285.0,17.152815651066923,120,4,59,59,254.0,-80.0,72.0,-13.0,140.0,-1.0,-114.0,6435.0,85.0,46.0,7.981697476926741,61.373958327759226,
8103,926.66736,324.4895364327648,23.485201982233882,202.27890268951657,28.0,0.76435,229.0,39.0,150.0,919.0,25.0,254.0,100.0,291.0,14.271964643828378,113,3,59,59,254.0,-83.0,72.0,-16.0,137.0,-4.0,-117.0,6407.0,81.0,43.0,7.986045990942869,61.373958327759226,
8104,959.1995,262.7778591372746,25.640132104835523,195.2786912333121,28.0,0.7637,229.0,39.0,150.0,919.0,25.0,254.0,100.0,291.0,14.495732101390479,116,2,54,56,254.0,-83.0,72.0,-16.0,137.0,-4.0,-117.0,6407.0,81.0,43.0,7.9903945049589975,61.373958327759226,
8105,969.5568,228.33830557922496,27.31938500935387,185.88967131287907,28.0,0.7496,226.0,38.0,147.0,908.0,26.0,251.0,99.0,289.0,14.547788716594686,115,0,54,56,254.0,-83.0,72.0,-16.0,137.0,-4.0,-117.0,6421.0,82.0,44.0,7.994743018975126,61.373958327759226,
8106,977.0973,206.5529342564572,31.455954417181356,181.3959941976131,28.0,0.7569,226.0,38.0,147.0,908.0,26.0,251.0,99.0,289.0,17.523743665609196,122,0,56,54,254.0,-83.0,72.0,-16.0,137.0,-4.0,-117.0,6421.0,82.0,44.0,7.999091532991255,61.373958327759226,
8107,969.508,140.77171573310912,34.21738017756926,173.65165858282396,28.0,0.7295,218.0,37.0,143.0,885.0,26.0,246.0,97.0,283.0,19.44795122878862,137,4,59,55,255.0,-81.0,73.0,-13.0,140.0,-2.0,-115.0,6450.0,84.0,46.0,8.003440047007384,61.373958327759226,
8108,979.97876,117.98942249219611,25.43772778755109,120.42037779469992,28.0,0.76235,206.0,32.0,128.0,826.0,29.0,223.0,94.0,270.0,22.409677434779773,103,2,51,56,256.0,-67.0,73.0,3.0,155.0,13.0,-101.0,6479.0,99.0,60.0,7.889853075440284,61.37187499442607,
8109,884.42645,114.8930404423837,28.815775893475895,114.46737115492657,28.0,0.77015,172.0,25.0,103.0,709.0,32.0,192.0,85.0,242.0,24.768687908777814,111,2,54,57,260.0,-49.0,75.0,26.0,177.0,33.0,-83.0,6575.0,120.0,34.0,7.894201299785829,61.37187499442607,
8110,782.15247,107.28483458315094,34.67989486820205,103.19113696379048,28.0,0.7914,172.0,25.0,103.0,709.0,32.0,192.0,85.0,242.0,28.22213960302486,106,1,52,58,260.0,-49.0,75.0,26.0,177.0,33.0,-83.0,6575.0,120.0,34.0,7.898549524131441,61.37187499442607,
8111,640.3934,105.79426199820509,48.44550695255579,73.47585873067742,29.0,0.8038,163.0,24.0,96.0,677.0,33.0,180.0,83.0,238.0,40.26771283382663,107,4,58,60,262.0,-38.0,76.0,40.0,190.0,46.0,-72.0,6637.0,132.0,46.0,7.902897748477057,61.37187499442607,
8112,389.54092,98.77894044263263,59.14478950557414,56.205141464800995,29.0,0.848,163.0,24.0,96.0,677.0,33.0,180.0,83.0,238.0,47.895581240303784,128,5,63,58,262.0,-38.0,76.0,40.0,190.0,46.0,-72.0,6637.0,132.0,46.0,7.907245972822671,61.37187499442607,
8113,232.56793,200.60363952906667,32.74180330254845,158.04403500791983,28.0,0.8307,162.0,24.0,97.0,678.0,33.0,183.0,83.0,236.0,26.94099095650087,100,7,65,62,262.0,-42.0,75.0,-6.0,186.0,42.0,-76.0,6628.0,129.0,42.0,7.911594197168284,61.37187499442607,
8114,290.427,305.31759849294,37.00069155703951,220.18705285627018,28.0,0.83885,162.0,24.0,97.0,678.0,33.0,183.0,83.0,236.0,32.515152598031946,127,7,61,62,262.0,-42.0,75.0,-6.0,186.0,42.0,-76.0,6628.0,129.0,42.0,7.9159424215139005,61.37187499442607,
8115,310.62027,161.8853115641153,26.922310036200496,171.07352401530073,28.0,0.8694,176.0,26.0,108.0,730.0,31.0,201.0,86.0,246.0,15.700123266557732,119,6,64,63,260.0,-57.0,74.0,-24.0,169.0,25.0,-91.0,6589.0,112.0,72.0,7.920290645859513,61.37187499442607,
8116,323.95935,319.2039207185022,34.619827170736585,218.99442552257247,28.0,0.892,176.0,26.0,108.0,730.0,31.0,201.0,86.0,246.0,20.79651701719605,114,8,59,63,260.0,-57.0,74.0,-24.0,169.0,25.0,-91.0,6589.0,112.0,72.0,7.924638870205128,61.37187499442607,
8117,458.7464,307.5198546174548,66.87541478337343,254.9269456038137,28.0,0.86865,191.0,30.0,120.0,784.0,29.0,216.0,90.0,259.0,45.434583256910365,112,1,55,64,257.0,-65.0,74.0,-34.0,158.0,16.0,-99.0,6508.0,102.0,62.0,7.928987094550672,61.37187499442607,
8118,654.6267,295.73024551525265,46.72192855111283,247.90843226489167,28.0,0.8053,193.0,30.0,121.0,787.0,29.0,216.0,90.0,259.0,35.23381940404348,98,7,54,58,257.0,-66.0,74.0,4.0,157.0,14.0,-100.0,6499.0,101.0,61.0,7.933335318896286,61.37187499442607,
8119,738.4436,275.3494341450081,15.911221317028083,206.7532365227719,28.0,0.7842,193.0,30.0,121.0,787.0,29.0,216.0,90.0,259.0,13.920804981476934,113,3,54,57,257.0,-66.0,74.0,4.0,157.0,14.0,-100.0,6499.0,101.0,61.0,7.9376835432419,61.37187499442607,
8120,757.2343,230.19470015517814,15.574835521801052,184.1651534396158,28.0,0.7472,197.0,31.0,124.0,803.0,29.0,222.0,91.0,263.0,9.899147560059067,112,2,57,57,257.0,-70.0,73.0,1.0,153.0,11.0,-104.0,6524.0,97.0,58.0,7.950728216278744,61.37187499442607,
8121,770.7433,322.12138058299263,16.39516807917293,195.4117928744016,28.0,0.7368,197.0,31.0,124.0,803.0,29.0,222.0,91.0,263.0,10.831931550650305,118,14,57,57,257.0,-70.0,73.0,1.0,153.0,11.0,-104.0,6524.0,97.0,58.0,7.9550764406243575,61.37187499442607,
8122,788.57886,325.78425708633887,16.67565313281024,195.37234937427183,28.0,0.73575,200.0,32.0,127.0,818.0,28.0,228.0,92.0,267.0,10.346411612341207,135,15,58,55,257.0,-72.0,73.0,-1.0,151.0,8.0,-106.0,6500.0,94.0,55.0,7.959424664969972,61.37187499442607,
8123,808.4623,332.49975670425397,19.008975827329184,195.54373202285143,28.0,0.7452,200.0,32.0,127.0,818.0,28.0,228.0,92.0,267.0,11.483696061203272,125,2,57,54,257.0,-72.0,73.0,-1.0,151.0,8.0,-106.0,6500.0,94.0,55.0,7.963772889315587,61.37187499442607,
8124,855.5995,331.8214763372648,21.673427727050576,200.92374667448877,28.0,0.73585,210.0,34.0,134.0,851.0,27.0,236.0,94.0,275.0,13.920752900491825,118,0,57,58,256.0,-76.0,73.0,-7.0,146.0,4.0,-110.0,6461.0,90.0,51.0,7.9724693380067455,61.37187499442607,
8125,892.5418,320.00753133230535,27.70309741624787,218.45223861006554,28.0,0.7504,221.0,37.0,144.0,892.0,26.0,246.0,98.0,285.0,19.225109538466576,121,4,57,59,254.0,-80.0,72.0,-13.0,140.0,-1.0,-114.0,6435.0,85.0,46.0,7.976817562352361,61.37187499442607,
8126,940.99445,326.3057882888504,26.64443491204677,208.31429444167375,28.0,0.7501,221.0,37.0,144.0,892.0,26.0,246.0,98.0,285.0,16.260083299558453,116,3,58,57,254.0,-80.0,72.0,-13.0,140.0,-1.0,-114.0,6435.0,85.0,46.0,7.981165786697973,61.37187499442607,
8127,980.6051,324.4348463198859,29.555664948687216,212.1629045739769,28.0,0.7528,229.0,39.0,150.0,919.0,25.0,254.0,100.0,291.0,18.973510337487234,112,3,58,58,254.0,-83.0,72.0,-16.0,137.0,-4.0,-117.0,6407.0,81.0,43.0,7.9855140110435885,61.37187499442607,
8128,970.4026,220.83628056318253,24.472463662096605,220.24786529327375,28.0,0.7503,246.0,41.0,157.0,963.0,25.0,257.0,106.0,303.0,21.875024304537142,120,5,50,53,249.0,-78.0,71.0,-13.0,137.0,-1.0,-112.0,6265.0,82.0,45.0,7.871935809865128,61.36979166109293,
8129,858.02484,110.9368989526325,36.24931397143891,98.88001055403916,28.0,0.7709,172.0,25.0,103.0,709.0,32.0,192.0,85.0,242.0,30.121183075099147,111,4,52,58,260.0,-49.0,75.0,26.0,177.0,33.0,-83.0,6575.0,120.0,34.0,7.893675483462248,61.36979166109293,
8130,726.1645,125.18700926696388,53.18570129991439,96.67429513373617,28.0,0.7767,172.0,25.0,103.0,709.0,32.0,192.0,85.0,242.0,35.36685644808039,95,3,56,57,260.0,-49.0,75.0,26.0,177.0,33.0,-83.0,6575.0,120.0,34.0,7.898023418181685,61.36979166109293,
8131,561.7979,130.91286936199896,98.75933076257176,92.40600834499998,29.0,0.7896,163.0,24.0,96.0,677.0,33.0,180.0,83.0,238.0,44.44674858462712,114,5,56,58,262.0,-38.0,76.0,40.0,190.0,46.0,-72.0,6637.0,132.0,46.0,7.902371352901123,61.36979166109293,
8132,383.6795,128.7697209597259,90.36334635484486,97.12422882900636,29.0,0.82605,163.0,24.0,96.0,677.0,33.0,180.0,83.0,238.0,49.514242122820285,105,7,58,61,262.0,-38.0,76.0,40.0,190.0,46.0,-72.0,6637.0,132.0,46.0,7.90671928762056,61.36979166109293,
8133,225.17096,146.36731592327797,35.2013530990872,134.8254196559213,28.0,0.84385,162.0,24.0,97.0,678.0,33.0,183.0,83.0,236.0,34.42570242429263,103,5,57,58,262.0,-42.0,75.0,-6.0,186.0,42.0,-76.0,6628.0,129.0,42.0,7.911067222339998,61.36979166109293,
8134,263.8317,228.57759729191866,35.82164779548095,235.2369559840815,28.0,0.8584,162.0,24.0,97.0,678.0,33.0,183.0,83.0,236.0,31.204284137160744,124,6,55,64,262.0,-42.0,75.0,-6.0,186.0,42.0,-76.0,6628.0,129.0,42.0,7.915415157059437,61.36979166109293,
8135,320.65945,246.26488794103935,20.079051969458398,206.4412002924229,28.0,0.8947,176.0,26.0,108.0,730.0,31.0,201.0,86.0,246.0,13.771893859500722,122,6,57,63,260.0,-57.0,74.0,-24.0,169.0,25.0,-91.0,6589.0,112.0,72.0,7.919763091778875,61.36979166109293,
8136,399.28946,313.5652893569876,53.6645018599894,246.92987496433747,28.0,0.8799,176.0,26.0,108.0,730.0,31.0,201.0,86.0,246.0,35.96072987686832,113,0,57,62,260.0,-57.0,74.0,-24.0,169.0,25.0,-91.0,6589.0,112.0,72.0,7.92411102649831,61.36979166109293,
8137,564.5234,303.21280257168644,56.22332000836293,248.50041417075937,28.0,0.84925,191.0,30.0,120.0,784.0,29.0,216.0,90.0,259.0,38.32973208462189,114,7,54,62,257.0,-65.0,74.0,-34.0,158.0,16.0,-99.0,6508.0,102.0,62.0,7.92845896121768,61.36979166109293,
8138,694.2609,288.37379185360777,37.91841087507891,250.155994996499,28.0,0.8162,191.0,30.0,120.0,784.0,29.0,216.0,90.0,259.0,29.95738491057831,101,8,56,58,257.0,-65.0,74.0,-34.0,158.0,16.0,-99.0,6508.0,102.0,62.0,7.932806895937117,61.36979166109293,
8139,767.7535,257.5730382981053,20.989866955309573,198.91638272833438,28.0,0.7874,193.0,30.0,121.0,787.0,29.0,216.0,90.0,259.0,12.307870219001996,112,8,55,58,257.0,-66.0,74.0,4.0,157.0,14.0,-100.0,6499.0,101.0,61.0,7.937154830656553,61.36979166109293,
8140,778.7372,178.62586353198276,14.364237038665042,182.71872854581807,28.0,0.76465,193.0,30.0,121.0,787.0,29.0,216.0,90.0,259.0,9.370685481562184,109,2,57,56,257.0,-66.0,74.0,4.0,157.0,14.0,-100.0,6499.0,101.0,61.0,7.941502765375991,61.36979166109293,
8141,795.967,261.1690489766241,19.362039357454364,190.54190808852886,28.0,0.7566,197.0,31.0,124.0,803.0,29.0,222.0,91.0,263.0,11.83658393803249,118,4,59,54,257.0,-70.0,73.0,1.0,153.0,11.0,-104.0,6524.0,97.0,58.0,7.950198634814867,61.36979166109293,
8142,808.0425,289.9900853940725,17.554105531551116,188.37606306029994,28.0,0.75805,197.0,31.0,124.0,803.0,29.0,222.0,91.0,263.0,10.338298801916695,124,16,54,57,257.0,-70.0,73.0,1.0,153.0,11.0,-104.0,6524.0,97.0,58.0,7.954546569534305,61.36979166109293,
8143,827.38763,278.82576123449,18.06256236128974,197.78783663217703,28.0,0.7513,200.0,32.0,127.0,818.0,28.0,228.0,92.0,267.0,12.080909520760171,136,12,56,55,257.0,-72.0,73.0,-1.0,151.0,8.0,-106.0,6500.0,94.0,55.0,7.958894504253742,61.36979166109293,
8144,851.7225,321.02444169707456,22.577173864648678,202.3786278283073,28.0,0.7481,200.0,32.0,127.0,818.0,28.0,228.0,92.0,267.0,14.433629675579523,136,12,57,56,257.0,-72.0,73.0,-1.0,151.0,8.0,-106.0,6500.0,94.0,55.0,7.96324243897318,61.36979166109293,
8145,881.9672,328.7813784318419,23.47023254716908,203.9274953743517,28.0,0.745,210.0,34.0,134.0,851.0,27.0,236.0,94.0,275.0,14.844085374097515,122,3,55,58,256.0,-76.0,73.0,-7.0,146.0,4.0,-110.0,6461.0,90.0,51.0,7.9675903736925475,61.36979166109293,
8146,909.5026,308.85689737125335,26.38987774713783,204.637695389936,28.0,0.7416,210.0,34.0,134.0,851.0,27.0,236.0,94.0,275.0,16.677426023038986,114,4,55,56,256.0,-76.0,73.0,-7.0,146.0,4.0,-110.0,6461.0,90.0,51.0,7.971938308411986,61.36979166109293,
8147,951.5163,322.21806688515096,30.21004472512112,215.81917469554404,28.0,0.7585,221.0,37.0,144.0,892.0,26.0,246.0,98.0,285.0,18.902592380563668,114,4,55,58,254.0,-80.0,72.0,-13.0,140.0,-1.0,-114.0,6435.0,85.0,46.0,7.976286243131423,61.36979166109293,
8148,994.53973,320.71370498917776,33.39960857033625,210.31349893749197,28.0,0.7429,221.0,37.0,144.0,892.0,26.0,246.0,98.0,285.0,19.44577769138356,116,4,57,57,254.0,-80.0,72.0,-13.0,140.0,-1.0,-114.0,6435.0,85.0,46.0,7.980634177850861,61.36979166109293,
8149,947.5592,222.92299053773428,25.81978441281063,218.86397894877908,28.0,0.7501,261.0,44.0,167.0,1009.0,25.0,266.0,110.0,315.0,18.087974756500792,110,2,54,51,245.0,-80.0,70.0,-17.0,132.0,-5.0,-113.0,6189.0,78.0,-1.0,7.840978005965161,61.36770832775978,
8150,924.7726,134.7055782249198,28.14916414008039,132.9961371254974,28.0,0.7639,246.0,41.0,157.0,963.0,25.0,257.0,106.0,303.0,21.110067175989855,99,3,51,55,249.0,-78.0,71.0,-13.0,137.0,-1.0,-112.0,6265.0,82.0,45.0,7.867063876790625,61.36770832775978,
8151,918.5664,232.20192815850763,24.43854520972768,226.19119397991864,28.0,0.7663,246.0,41.0,157.0,963.0,25.0,257.0,106.0,303.0,21.616048867889518,90,3,50,51,249.0,-78.0,71.0,-13.0,137.0,-1.0,-112.0,6265.0,82.0,45.0,7.871411521928215,61.36770832775978,
8152,796.29376,120.32912683953369,43.89488150898241,91.10444433457688,28.0,0.7768,172.0,25.0,103.0,709.0,32.0,192.0,85.0,242.0,35.76266440012818,99,4,60,56,260.0,-49.0,75.0,26.0,177.0,33.0,-83.0,6575.0,120.0,34.0,7.893149747616091,61.36770832775978,
8153,635.62787,117.40279975530382,69.87148402494219,70.61401301783101,28.0,0.7602,172.0,25.0,103.0,709.0,32.0,192.0,85.0,242.0,46.0470164573154,112,5,59,56,260.0,-49.0,75.0,26.0,177.0,33.0,-83.0,6575.0,120.0,34.0,7.897497392753679,61.36770832775978,
8154,351.12323,126.1378344570328,93.33523247123253,75.721447455653,29.0,0.72435,163.0,24.0,96.0,677.0,33.0,180.0,83.0,238.0,48.21202476967508,117,8,57,57,262.0,-38.0,76.0,40.0,190.0,46.0,-72.0,6637.0,132.0,46.0,7.901845037891269,61.36770832775978,
8155,184.09863,253.67873751240592,40.90087490980705,187.4268779301934,28.0,0.83455,162.0,24.0,97.0,678.0,33.0,183.0,83.0,236.0,19.5127851204744,105,8,54,60,262.0,-42.0,75.0,-6.0,186.0,42.0,-76.0,6628.0,129.0,42.0,7.910540328166445,61.36770832775978,
8156,242.54982,308.68413528223584,50.52058116584474,243.73504278535648,28.0,0.8673,162.0,24.0,97.0,678.0,33.0,183.0,83.0,236.0,30.879799842007163,122,9,51,62,262.0,-42.0,75.0,-6.0,186.0,42.0,-76.0,6628.0,129.0,42.0,7.914887973304037,61.36770832775978,
8157,356.9967,307.43761778835983,57.86982946090396,249.69913039841788,28.0,0.8844,176.0,26.0,108.0,730.0,31.0,201.0,86.0,246.0,37.41356515513743,115,7,53,59,260.0,-57.0,74.0,-24.0,169.0,25.0,-91.0,6589.0,112.0,72.0,7.9192356184416255,61.36770832775978,
8158,503.9081,310.3038994534173,63.574542716665476,250.57990847554248,28.0,0.88205,176.0,26.0,108.0,730.0,31.0,201.0,86.0,246.0,39.91697737210822,110,8,54,60,260.0,-57.0,74.0,-24.0,169.0,25.0,-91.0,6589.0,112.0,72.0,7.923583263579213,61.36770832775978,
8159,638.1,306.62306432631357,65.57969800728479,248.1514280033815,28.0,0.8366,191.0,30.0,120.0,784.0,29.0,216.0,90.0,259.0,35.48224446692014,113,10,55,60,257.0,-65.0,74.0,-34.0,158.0,16.0,-99.0,6508.0,102.0,62.0,7.927930908716733,61.36770832775978,
8160,775.5203,305.6357406660716,60.866525015402104,234.2746934827954,28.0,0.7884,191.0,30.0,120.0,784.0,29.0,216.0,90.0,259.0,36.64360001698994,107,8,54,58,257.0,-65.0,74.0,-34.0,158.0,16.0,-99.0,6508.0,102.0,62.0,7.932278553854323,61.36770832775978,
8161,826.3152,249.1139861722882,33.00318803010491,194.29573181336795,28.0,0.7829,193.0,30.0,121.0,787.0,29.0,216.0,90.0,259.0,18.551382149143432,113,3,55,58,257.0,-66.0,74.0,4.0,157.0,14.0,-100.0,6499.0,101.0,61.0,7.936626198991911,61.36770832775978,
8162,818.0151,65.34125139476821,20.43318120191884,167.4193280282115,28.0,0.77345,193.0,30.0,121.0,787.0,29.0,216.0,90.0,259.0,11.706526059882867,128,0,55,58,257.0,-66.0,74.0,4.0,157.0,14.0,-100.0,6499.0,101.0,61.0,7.940973844129499,61.36770832775978,
8163,814.254,248.37357093480665,18.975824693571763,191.15199359978857,28.0,0.76605,193.0,30.0,121.0,790.0,29.0,219.0,90.0,260.0,11.186978446263291,118,0,54,58,258.0,-68.0,74.0,4.0,156.0,13.0,-102.0,6534.0,100.0,60.0,7.945321489267091,61.36770832775978,
8164,842.5948,276.9309624880585,23.614762785702073,197.61736784291284,28.0,0.76035,193.0,30.0,121.0,790.0,29.0,219.0,90.0,260.0,14.824220870998646,117,3,54,57,258.0,-68.0,74.0,4.0,156.0,13.0,-102.0,6534.0,100.0,60.0,7.9496691344046795,61.36770832775978,
8165,849.76337,139.2630132593263,19.88098457821776,176.43143301817855,28.0,0.7492,197.0,31.0,124.0,803.0,29.0,222.0,91.0,263.0,11.684294966957822,128,16,55,58,257.0,-70.0,73.0,1.0,153.0,11.0,-104.0,6524.0,97.0,58.0,7.954016779542267,61.36770832775978,
8166,863.1778,318.8641663080347,20.726957919032227,204.41893076738253,28.0,0.7445,200.0,32.0,127.0,818.0,28.0,228.0,92.0,267.0,14.01055131456455,139,14,56,54,257.0,-72.0,73.0,-1.0,151.0,8.0,-106.0,6500.0,94.0,55.0,7.958364424679857,61.36770832775978,
8167,899.36597,321.2464976777283,19.92953607559016,206.48480928836136,28.0,0.7481,200.0,32.0,127.0,818.0,28.0,228.0,92.0,267.0,13.99859608629032,135,0,56,57,257.0,-72.0,73.0,-1.0,151.0,8.0,-106.0,6500.0,94.0,55.0,7.962712069817446,61.36770832775978,
8168,929.41223,309.7960468186249,21.389811198092325,202.7875097397691,28.0,0.7337,210.0,34.0,134.0,851.0,27.0,236.0,94.0,275.0,13.131333270768767,133,2,57,60,256.0,-76.0,73.0,-7.0,146.0,4.0,-110.0,6461.0,90.0,51.0,7.967059714954964,61.36770832775978,
8169,963.32227,324.8215702790355,29.038815783721464,213.17789107329762,28.0,0.7421,210.0,34.0,134.0,851.0,27.0,236.0,94.0,275.0,18.333728201394276,119,4,53,56,256.0,-76.0,73.0,-7.0,146.0,4.0,-110.0,6461.0,90.0,51.0,7.971407360092555,61.36770832775978,
8170,1012.0478,322.313383427574,33.20501743008333,219.61708548525195,28.0,0.7341,221.0,37.0,144.0,892.0,26.0,246.0,98.0,285.0,21.30670155146777,120,0,54,55,254.0,-80.0,72.0,-13.0,140.0,-1.0,-114.0,6435.0,85.0,46.0,7.975755005230145,61.36770832775978,
8171,977.3233,226.5431402172057,39.75790426037486,234.02025478128584,28.0,0.7122,226.0,36.0,141.0,889.0,27.0,236.0,100.0,286.0,25.718789688838935,116,4,52,51,251.0,-70.0,72.0,-2.0,148.0,9.0,-103.0,6346.0,93.0,12.0,7.849150536229446,61.36562499442664,
8172,878.1235,126.24569231909395,26.71880215632475,126.36633820298898,28.0,0.78345,205.0,32.0,127.0,821.0,29.0,220.0,94.0,269.0,21.669365195121525,99,5,52,49,255.0,-64.0,73.0,7.0,158.0,16.0,-97.0,6461.0,102.0,63.0,7.866539958629612,61.36562499442664,
8173,880.0765,250.76891779576874,24.8954941203147,240.0903287434231,28.0,0.7775,203.0,31.0,125.0,815.0,29.0,219.0,94.0,268.0,22.671031632492284,90,5,52,52,256.0,-64.0,73.0,7.0,158.0,16.0,-98.0,6481.0,102.0,18.0,7.870887314229669,61.36562499442664,
8174,992.4264,242.1094073828888,33.49954806667943,244.5088666245387,28.0,0.7674,195.0,30.0,120.0,788.0,29.0,213.0,91.0,260.0,26.74856182454596,106,4,53,52,257.0,-61.0,74.0,10.0,162.0,20.0,-95.0,6501.0,106.0,66.0,7.8752346698297275,61.36562499442664,
8175,863.02844,122.67399248905181,38.19058125183371,108.65022931231206,28.0,0.77795,174.0,26.0,105.0,718.0,32.0,194.0,86.0,245.0,29.066736832991158,121,4,57,57,261.0,-49.0,75.0,25.0,177.0,33.0,-84.0,6586.0,120.0,34.0,7.888276736629905,61.36562499442664,
8176,747.8367,115.06126948263253,35.1098263763185,102.20814971277056,29.0,0.7946,164.0,24.0,97.0,681.0,33.0,180.0,84.0,240.0,28.967241278716443,96,1,59,57,262.0,-37.0,76.0,42.0,191.0,47.0,-71.0,6635.0,134.0,47.0,7.8926240922298945,61.36562499442664,
8177,590.8056,101.64941606971009,62.913586254490184,66.37455669075817,29.0,0.79885,164.0,24.0,97.0,681.0,33.0,180.0,84.0,240.0,44.72391722553331,113,9,58,57,262.0,-37.0,76.0,42.0,191.0,47.0,-71.0,6635.0,134.0,47.0,7.896971447829953,61.36562499442664,
8178,273.26584,108.57058690395216,58.233540633407415,72.61291636169203,28.0,0.7555,171.0,25.0,103.0,709.0,32.0,193.0,85.0,242.0,40.384094448434155,111,6,62,57,261.0,-50.0,75.0,25.0,177.0,33.0,-84.0,6611.0,120.0,34.0,7.90131880343001,61.36562499442664,
8179,209.60062,247.76093809877003,40.88489932271299,206.67736162607423,28.0,0.7855,171.0,25.0,103.0,709.0,32.0,193.0,85.0,242.0,31.99708040454387,98,2,57,64,261.0,-50.0,75.0,25.0,177.0,33.0,-84.0,6611.0,120.0,34.0,7.90566615903007,61.36562499442664,
8180,310.4281,325.0398897076188,67.56429187812408,225.6180040172578,28.0,0.8349,216.0,35.0,138.0,868.0,27.0,236.0,97.0,280.0,37.42042608658914,102,0,55,64,254.0,-73.0,72.0,-5.0,148.0,6.0,-106.0,6416.0,92.0,53.0,7.910013514630129,61.36562499442664,
8181,405.00812,330.78312168064036,87.10264737344183,235.8519042125246,28.0,0.876,216.0,35.0,138.0,868.0,27.0,236.0,97.0,280.0,44.13823187209717,109,1,53,60,254.0,-73.0,72.0,-5.0,148.0,6.0,-106.0,6416.0,92.0,53.0,7.9143608702301895,61.36562499442664,
8182,514.0719,333.8248622737294,81.59676545089413,228.08668436035265,28.0,0.8561,238.0,40.0,155.0,945.0,25.0,257.0,103.0,298.0,40.77424441378465,112,8,54,59,250.0,-80.0,71.0,-15.0,136.0,-3.0,-114.0,6314.0,81.0,43.0,7.918708225830247,61.36562499442664,
8183,621.1517,317.4324508233344,81.7370373443774,248.69372533106045,28.0,0.8356,238.0,40.0,155.0,945.0,25.0,257.0,103.0,298.0,39.62756549309277,122,6,54,56,250.0,-80.0,71.0,-15.0,136.0,-3.0,-114.0,6314.0,81.0,43.0,7.923055581430306,61.36562499442664,
8184,810.4715,323.699968781814,100.09675038591344,247.7721127553247,28.0,0.8065,236.0,40.0,153.0,937.0,25.0,254.0,102.0,296.0,51.608451115512125,112,7,55,57,251.0,-80.0,71.0,-14.0,137.0,-3.0,-114.0,6321.0,82.0,44.0,7.927402937030295,61.36562499442664,
8185,907.77875,188.93017769054973,58.59047672631103,190.54559726109514,28.0,0.7796,236.0,40.0,153.0,937.0,25.0,254.0,102.0,296.0,28.521369808860143,115,6,56,58,251.0,-80.0,71.0,-14.0,137.0,-3.0,-114.0,6321.0,82.0,44.0,7.931750292630354,61.36562499442664,
8186,914.742,178.3569869703292,45.59121299248615,179.4645591579152,28.0,0.7467,224.0,37.0,144.0,897.0,27.0,245.0,99.0,287.0,26.201862028856805,116,8,57,55,253.0,-77.0,72.0,-11.0,142.0,1.0,-111.0,6399.0,87.0,48.0,7.936097648230412,61.36562499442664,
8187,876.5158,57.31080947569064,33.93246774831513,152.71532901965213,28.0,0.74045,224.0,37.0,144.0,897.0,27.0,245.0,99.0,287.0,20.417329350962813,115,4,56,57,253.0,-77.0,72.0,-11.0,142.0,1.0,-111.0,6399.0,87.0,48.0,7.940445003830471,61.36562499442664,
8188,867.17163,269.2692478853641,32.318983024427375,190.46549872108275,28.0,0.74445,220.0,36.0,141.0,883.0,27.0,242.0,98.0,283.0,18.35708777369318,116,4,55,57,254.0,-77.0,72.0,-9.0,143.0,2.0,-111.0,6455.0,88.0,49.0,7.944792359430531,61.36562499442664,
8189,893.7428,310.9106796097968,25.398490300583653,199.18233289792198,28.0,0.7666,220.0,36.0,141.0,883.0,27.0,242.0,98.0,283.0,15.063307962101911,117,0,54,58,254.0,-77.0,72.0,-9.0,143.0,2.0,-111.0,6455.0,88.0,49.0,7.949139715030589,61.36562499442664,
8190,905.81976,303.87438667946117,20.836746023715826,195.8766231301206,28.0,0.735,218.0,36.0,141.0,880.0,26.0,242.0,97.0,282.0,12.48798385783944,137,0,56,55,255.0,-78.0,72.0,-9.0,143.0,2.0,-112.0,6471.0,88.0,49.0,7.957834426230707,61.36562499442664,
8191,959.593,295.6903870435793,17.464992596567832,222.60044966062,28.0,0.74625,220.0,36.0,142.0,885.0,27.0,244.0,97.0,283.0,15.518948479092442,123,1,57,56,255.0,-79.0,72.0,-11.0,142.0,1.0,-113.0,6466.0,87.0,48.0,7.966529137430753,61.36562499442664,
8192,1020.3557,304.2786049612506,23.92522019701926,223.56580127407815,28.0,0.7188,234.0,40.0,154.0,937.0,25.0,257.0,102.0,296.0,19.284500013618217,120,0,54,53,251.0,-83.0,72.0,-17.0,134.0,-5.0,-117.0,6337.0,79.0,41.0,7.970876493030814,61.36562499442664,
8193,980.2823,207.6190777470371,44.17642015446548,213.69406015746452,28.0,0.72975,218.0,35.0,137.0,867.0,27.0,232.0,98.0,280.0,27.20142368676667,111,5,52,54,253.0,-68.0,72.0,0.0,152.0,11.0,-101.0,6398.0,96.0,57.0,7.852974922324722,61.363541661093485,
8194,917.2727,131.41294445609932,31.417858582038345,128.92278803426163,28.0,0.7642,205.0,32.0,127.0,821.0,29.0,220.0,94.0,269.0,22.459041523521197,97,6,52,46,255.0,-64.0,73.0,7.0,158.0,16.0,-97.0,6461.0,102.0,63.0,7.861669054538398,61.363541661093485,
8195,841.7374,119.24083542090851,27.401548816925825,119.96800950458437,28.0,0.78885,205.0,32.0,127.0,821.0,29.0,220.0,94.0,269.0,22.825000610823384,97,4,52,48,255.0,-64.0,73.0,7.0,158.0,16.0,-97.0,6461.0,102.0,63.0,7.866016120645235,61.363541661093485,
8196,819.63214,213.2938021444284,37.33865973284529,218.2506803031507,28.0,0.8073,203.0,31.0,125.0,815.0,29.0,219.0,94.0,268.0,23.89252289752811,99,3,52,53,256.0,-64.0,73.0,7.0,158.0,16.0,-98.0,6481.0,102.0,18.0,7.870363186752072,61.363541661093485,
8197,877.8606,203.0746600618268,66.31634359624557,219.2756494453447,28.0,0.8117,203.0,31.0,125.0,815.0,29.0,219.0,94.0,268.0,35.67662286431488,104,4,52,55,256.0,-64.0,73.0,7.0,158.0,16.0,-98.0,6481.0,102.0,18.0,7.874710252858909,61.363541661093485,
8198,920.61804,182.32158740127667,80.37203327321717,185.26591899146055,28.0,0.77,195.0,30.0,120.0,788.0,29.0,213.0,91.0,260.0,40.96522837600721,113,10,58,54,257.0,-61.0,74.0,10.0,162.0,20.0,-95.0,6501.0,106.0,66.0,7.879057318965747,61.363541661093485,
8199,874.0128,165.78343324939385,64.95248334691344,152.49857914553644,28.0,0.7574,174.0,26.0,105.0,718.0,32.0,194.0,86.0,245.0,34.83135418438828,117,5,57,54,261.0,-49.0,75.0,25.0,177.0,33.0,-84.0,6586.0,120.0,34.0,7.883404385072585,61.363541661093485,
8200,810.0196,131.26720837134079,65.93552019643286,110.45979540779206,28.0,0.7843,174.0,26.0,105.0,718.0,32.0,194.0,86.0,245.0,34.686606460653586,109,4,57,56,261.0,-49.0,75.0,25.0,177.0,33.0,-84.0,6586.0,120.0,34.0,7.8877514511794224,61.363541661093485,
8201,698.75995,132.99637035283345,58.509891943499085,116.26733991030223,29.0,0.80215,164.0,24.0,97.0,681.0,33.0,180.0,84.0,240.0,31.74892575389221,101,8,59,59,262.0,-37.0,76.0,42.0,191.0,47.0,-71.0,6635.0,134.0,47.0,7.892098517286189,61.363541661093485,
8202,591.645,118.02423149641041,53.41167208047648,91.04091967132317,29.0,0.8296,164.0,24.0,97.0,681.0,33.0,180.0,84.0,240.0,36.37779321581575,120,4,59,59,262.0,-37.0,76.0,42.0,191.0,47.0,-71.0,6635.0,134.0,47.0,7.896445583393026,61.363541661093485,
8203,314.24643,84.5189145619616,66.67917929853364,47.9018917945376,28.0,0.83595,171.0,25.0,103.0,709.0,32.0,193.0,85.0,242.0,50.84362486709882,117,7,62,58,261.0,-50.0,75.0,25.0,177.0,33.0,-84.0,6611.0,120.0,34.0,7.900792649499863,61.363541661093485,
8204,205.28929,219.80969613888598,30.537255036397543,222.66782322252405,28.0,0.8465,171.0,25.0,103.0,709.0,32.0,193.0,85.0,242.0,29.221790883781686,84,2,55,66,261.0,-50.0,75.0,25.0,177.0,33.0,-84.0,6611.0,120.0,34.0,7.9051397156067,61.363541661093485,
8205,326.5602,251.19363532292869,36.85627874234868,241.4691706866612,28.0,0.8513,216.0,35.0,138.0,868.0,27.0,236.0,97.0,280.0,32.53042202733335,102,0,52,63,254.0,-73.0,72.0,-5.0,148.0,6.0,-106.0,6416.0,92.0,53.0,7.909486781713538,61.363541661093485,
8206,507.02377,285.39844210754956,48.5067049298691,254.6031079856662,28.0,0.8721,216.0,35.0,138.0,868.0,27.0,236.0,97.0,280.0,39.41677092836111,107,7,55,61,254.0,-73.0,72.0,-5.0,148.0,6.0,-106.0,6416.0,92.0,53.0,7.913833847820376,61.363541661093485,
8207,644.011,319.235692823789,76.32799635436001,241.8794939191536,28.0,0.8508,238.0,40.0,155.0,945.0,25.0,257.0,103.0,298.0,36.50561510698985,117,8,54,57,250.0,-80.0,71.0,-15.0,136.0,-3.0,-114.0,6314.0,81.0,43.0,7.9181809139272135,61.363541661093485,
8208,832.1181,325.82049159401464,121.25862223186972,248.68870906310315,28.0,0.7917,238.0,40.0,155.0,945.0,25.0,257.0,103.0,298.0,53.069428183301675,114,7,55,53,250.0,-80.0,71.0,-15.0,136.0,-3.0,-114.0,6314.0,81.0,43.0,7.92252798003405,61.363541661093485,
8209,993.718,290.1421271293702,82.50955721556247,220.47521514576718,28.0,0.76845,236.0,40.0,153.0,937.0,25.0,254.0,102.0,296.0,41.02964500111576,117,6,54,54,251.0,-80.0,71.0,-14.0,137.0,-3.0,-114.0,6321.0,82.0,44.0,7.926875046140817,61.363541661093485,
8210,960.4584,221.91654379862055,47.47154243998159,185.2102253203299,28.0,0.7269,220.0,36.0,141.0,883.0,27.0,242.0,98.0,283.0,26.355133892901357,126,18,53,56,254.0,-77.0,72.0,-9.0,143.0,2.0,-111.0,6455.0,88.0,49.0,7.944263310568167,61.363541661093485,
8211,956.1465,93.16800700886971,32.05985987670694,172.73486950870463,28.0,0.75575,220.0,36.0,141.0,883.0,27.0,242.0,98.0,283.0,18.380613545614167,123,19,55,58,254.0,-77.0,72.0,-9.0,143.0,2.0,-111.0,6455.0,88.0,49.0,7.9486103766750045,61.363541661093485,
8212,946.5839,182.19550426963076,27.409296244232074,183.9388528218384,28.0,0.751,218.0,36.0,141.0,880.0,26.0,242.0,97.0,282.0,16.93178451764509,131,0,55,56,255.0,-78.0,72.0,-9.0,143.0,2.0,-112.0,6471.0,88.0,49.0,7.952957442781841,61.363541661093485,
8213,959.20605,137.87191972332806,27.40473086739531,178.34743447118584,28.0,0.7556,218.0,36.0,141.0,880.0,26.0,242.0,97.0,282.0,16.353596273041234,137,2,55,57,255.0,-78.0,72.0,-9.0,143.0,2.0,-112.0,6471.0,88.0,49.0,7.9573045088886785,61.363541661093485,
8214,951.1563,177.0408115384201,19.97208802254948,182.19392056775266,28.0,0.7432,220.0,36.0,142.0,885.0,27.0,244.0,97.0,283.0,13.171720709957224,137,0,57,55,255.0,-79.0,72.0,-11.0,142.0,1.0,-113.0,6466.0,87.0,48.0,7.961651574995515,61.363541661093485,
8215,1026.715,272.5546941909687,13.655840851680072,224.21005155055127,28.0,0.73425,234.0,40.0,154.0,937.0,25.0,257.0,102.0,296.0,15.029628810980462,115,0,55,55,251.0,-83.0,72.0,-17.0,134.0,-5.0,-117.0,6337.0,79.0,41.0,7.970345707209121,61.363541661093485,
8216,884.5023,88.65514747278371,9.101605944009945,150.9638840002373,28.0,0.76615,226.0,36.0,141.0,889.0,27.0,236.0,100.0,286.0,9.966124777074423,101,3,53,54,251.0,-70.0,72.0,-2.0,148.0,9.0,-103.0,6346.0,93.0,12.0,7.843758479530596,61.361458327760346,
8217,882.8755,186.32296134613063,30.46485948732603,186.99291751055551,28.0,0.7425,218.0,35.0,137.0,867.0,27.0,232.0,98.0,280.0,17.301876911394185,102,2,50,53,253.0,-68.0,72.0,0.0,152.0,11.0,-101.0,6398.0,96.0,57.0,7.852452032846357,61.361458327760346,
8218,887.47614,172.35061480070817,31.792641634867792,172.44222976721633,28.0,0.7534,218.0,35.0,137.0,867.0,27.0,232.0,98.0,280.0,17.439678900758746,96,2,50,53,253.0,-68.0,72.0,0.0,152.0,11.0,-101.0,6398.0,96.0,57.0,7.856798809504273,61.361458327760346,
8219,862.1381,146.13010266713007,31.427562599923846,146.76428208446356,28.0,0.7655,205.0,32.0,127.0,821.0,29.0,220.0,94.0,269.0,19.382603640439292,97,7,52,52,255.0,-64.0,73.0,7.0,158.0,16.0,-97.0,6461.0,102.0,63.0,7.861145586162188,61.361458327760346,
8220,796.97034,129.38558575507003,36.29085078709494,118.5572952710142,28.0,0.7779,205.0,32.0,127.0,821.0,29.0,220.0,94.0,269.0,26.51982821981111,97,5,53,54,255.0,-64.0,73.0,7.0,158.0,16.0,-97.0,6461.0,102.0,63.0,7.865492362820102,61.361458327760346,
8221,724.1531,166.40776810363204,45.8999835263094,162.12933511266996,28.0,0.8063,203.0,31.0,125.0,815.0,29.0,219.0,94.0,268.0,29.278204613423906,109,4,52,56,256.0,-64.0,73.0,7.0,158.0,16.0,-98.0,6481.0,102.0,18.0,7.869839139478017,61.361458327760346,
8222,720.8071,181.65995546117216,60.124688178196664,183.4006162585227,28.0,0.8374,203.0,31.0,125.0,815.0,29.0,219.0,94.0,268.0,31.803400604099462,98,3,56,55,256.0,-64.0,73.0,7.0,158.0,16.0,-98.0,6481.0,102.0,18.0,7.874185916135931,61.361458327760346,
8223,727.84094,184.25384898878568,70.91139526331527,186.38068147362026,28.0,0.817,195.0,30.0,120.0,788.0,29.0,213.0,91.0,260.0,34.52359849350437,95,4,59,55,257.0,-61.0,74.0,10.0,162.0,20.0,-95.0,6501.0,106.0,66.0,7.878532692793846,61.361458327760346,
8224,724.70935,175.23267573441308,85.13318937274514,158.22962128393328,28.0,0.7621,195.0,30.0,120.0,788.0,29.0,213.0,91.0,260.0,39.039433803685725,96,5,58,56,257.0,-61.0,74.0,10.0,162.0,20.0,-95.0,6501.0,106.0,66.0,7.882879469451762,61.361458327760346,
8225,594.0625,152.19508449196783,108.70472237843849,117.55084122104216,28.0,0.77235,174.0,26.0,105.0,718.0,32.0,194.0,86.0,245.0,49.77700124459629,107,4,58,55,261.0,-49.0,75.0,25.0,177.0,33.0,-84.0,6586.0,120.0,34.0,7.887226246109678,61.361458327760346,
8226,488.452,159.47010814223512,57.809039154712906,147.65001691365563,29.0,0.8296,164.0,24.0,97.0,681.0,33.0,180.0,84.0,240.0,33.20484874435075,107,2,56,56,262.0,-37.0,76.0,42.0,191.0,47.0,-71.0,6635.0,134.0,47.0,7.895919799425436,61.361458327760346,
8227,329.3808,114.07367201696695,70.82048865859905,56.63580564427235,28.0,0.8439,171.0,25.0,103.0,709.0,32.0,193.0,85.0,242.0,50.38406656320386,97,5,58,62,261.0,-50.0,75.0,25.0,177.0,33.0,-84.0,6611.0,120.0,34.0,7.90026657608335,61.361458327760346,
8228,188.03223,205.58749184091278,29.656032747015395,201.1480679114873,28.0,0.8435,171.0,25.0,103.0,709.0,32.0,193.0,85.0,242.0,28.865449024151182,99,6,57,61,261.0,-50.0,75.0,25.0,177.0,33.0,-84.0,6611.0,120.0,34.0,7.904613352741266,61.361458327760346,
8229,327.60275,289.9420763198562,54.04170465000847,254.99598446503867,28.0,0.8635,216.0,35.0,138.0,868.0,27.0,236.0,97.0,280.0,37.08004714456584,102,20,52,61,254.0,-73.0,72.0,-5.0,148.0,6.0,-106.0,6416.0,92.0,53.0,7.90896012939918,61.361458327760346,
8230,531.3651,292.6098616555709,67.29612712933108,255.0,28.0,0.8736,216.0,35.0,138.0,868.0,27.0,236.0,97.0,280.0,47.642816611320434,104,5,52,61,254.0,-73.0,72.0,-5.0,148.0,6.0,-106.0,6416.0,92.0,53.0,7.913306906057096,61.361458327760346,
8231,798.5223,305.76771342380187,109.2446278030189,254.33476936761878,28.0,0.86185,238.0,40.0,155.0,945.0,25.0,257.0,103.0,298.0,54.33738581163576,127,5,56,55,250.0,-80.0,71.0,-15.0,136.0,-3.0,-114.0,6314.0,81.0,43.0,7.917653682715012,61.361458327760346,
8232,1013.79425,234.4309104935482,8.150641491776687,201.73781170811174,28.0,0.7246,234.0,40.0,154.0,937.0,25.0,257.0,102.0,296.0,7.814636307449058,123,0,55,56,251.0,-83.0,72.0,-17.0,134.0,-5.0,-117.0,6337.0,79.0,41.0,7.969815002609851,61.361458327760346,
8233,958.3042,65.10397973301137,16.872246391081696,134.24067154629086,28.0,0.7725,225.0,36.0,140.0,886.0,27.0,235.0,100.0,286.0,16.41623776683623,123,1,57,52,251.0,-69.0,72.0,-1.0,149.0,9.0,-102.0,6330.0,93.0,12.0,7.838889761617189,61.35937499442719,
8234,899.9406,69.7910604001994,14.023558233409595,139.72140596916785,28.0,0.7656,226.0,36.0,141.0,889.0,27.0,236.0,100.0,286.0,14.082619444492536,127,3,56,51,251.0,-70.0,72.0,-2.0,148.0,9.0,-103.0,6346.0,93.0,12.0,7.84323624887047,61.35937499442719,
8235,831.4346,168.7512290793827,23.710771595171746,170.5906580538812,28.0,0.7692,218.0,35.0,137.0,867.0,27.0,232.0,98.0,280.0,14.311879991617724,118,4,56,57,253.0,-68.0,72.0,0.0,152.0,11.0,-101.0,6398.0,96.0,57.0,7.856275710630248,61.35937499442719,
8236,792.43396,143.84136371998983,39.52148752254639,134.35018950656018,28.0,0.7892,205.0,32.0,127.0,821.0,29.0,220.0,94.0,269.0,25.629738813833246,123,5,55,55,255.0,-64.0,73.0,7.0,158.0,16.0,-97.0,6461.0,102.0,63.0,7.860622197883529,61.35937499442719,
8237,716.7951,140.06104477507338,44.878132149181795,123.22402678674543,28.0,0.792,205.0,32.0,127.0,821.0,29.0,220.0,94.0,269.0,29.71180455322112,101,4,55,55,255.0,-64.0,73.0,7.0,158.0,16.0,-97.0,6461.0,102.0,63.0,7.864968685136811,61.35937499442719,
8238,635.51874,136.0558480519386,39.05435324659626,129.36787730603942,28.0,0.8079,203.0,31.0,125.0,815.0,29.0,219.0,94.0,268.0,25.8909315053932,111,5,57,57,256.0,-64.0,73.0,7.0,158.0,16.0,-98.0,6481.0,102.0,18.0,7.869315172390094,61.35937499442719,
8239,598.18616,174.67818792981691,44.7197427042065,174.42994607253837,28.0,0.8387,203.0,31.0,125.0,815.0,29.0,219.0,94.0,268.0,24.12975030340139,112,4,56,56,256.0,-64.0,73.0,7.0,158.0,16.0,-98.0,6481.0,102.0,18.0,7.873661659643375,61.35937499442719,
8240,580.86316,168.22452994254346,59.630408644916606,161.2172597933995,28.0,0.8512,195.0,30.0,120.0,788.0,29.0,213.0,91.0,260.0,31.9435325762175,101,5,54,59,257.0,-61.0,74.0,10.0,162.0,20.0,-95.0,6501.0,106.0,66.0,7.878008146896656,61.35937499442719,
8241,513.5191,154.2582497197102,84.92414798453609,129.16183942127986,28.0,0.8188,195.0,30.0,120.0,788.0,29.0,213.0,91.0,260.0,42.791242993210005,101,5,55,59,257.0,-61.0,74.0,10.0,162.0,20.0,-95.0,6501.0,106.0,66.0,7.882354634149939,61.35937499442719,
8242,387.32773,211.45154981236703,36.74679220083942,190.9961447203533,28.0,0.81345,174.0,26.0,105.0,718.0,32.0,194.0,86.0,245.0,17.980700581865914,109,6,58,57,261.0,-49.0,75.0,25.0,177.0,33.0,-84.0,6586.0,120.0,34.0,7.891047608656434,61.35937499442719,
8243,405.8696,181.35601871566772,48.38497584573132,153.60094997539525,29.0,0.8261,164.0,24.0,97.0,681.0,33.0,180.0,84.0,240.0,26.588622614542818,100,7,58,58,262.0,-37.0,76.0,42.0,191.0,47.0,-71.0,6635.0,134.0,47.0,7.895394095909715,61.35937499442719,
8244,215.77257,145.8354722214477,64.9238168543611,98.82530558446751,29.0,0.8151,164.0,24.0,97.0,681.0,33.0,180.0,84.0,240.0,40.94842155993405,89,0,56,57,262.0,-37.0,76.0,42.0,191.0,47.0,-71.0,6635.0,134.0,47.0,7.8997405831629965,61.35937499442719,
8245,215.42165,299.5490642978347,71.24340279501904,238.9755298414645,28.0,0.8171,171.0,25.0,103.0,709.0,32.0,193.0,85.0,242.0,39.246177493264824,98,8,54,59,261.0,-50.0,75.0,25.0,177.0,33.0,-84.0,6611.0,120.0,34.0,7.904087070416278,61.35937499442719,
8246,460.81058,314.9132353355789,109.31118120458149,254.61750807196475,28.0,0.86475,216.0,35.0,138.0,868.0,27.0,236.0,97.0,280.0,57.8937025417392,92,9,51,60,254.0,-73.0,72.0,-5.0,148.0,6.0,-106.0,6416.0,92.0,53.0,7.908433557669561,61.35937499442719,
8247,661.7892,320.0878594851894,107.6672589618181,249.79154361941903,28.0,0.8721,216.0,35.0,138.0,868.0,27.0,236.0,97.0,280.0,50.47655699269205,111,3,51,55,254.0,-73.0,72.0,-5.0,148.0,6.0,-106.0,6416.0,92.0,53.0,7.912780044922844,61.35937499442719,
8248,979.709,302.3689592435253,105.25860810417582,254.86167055972732,28.0,0.7447,238.0,40.0,155.0,945.0,25.0,257.0,103.0,298.0,55.87606378131157,119,3,53,53,250.0,-80.0,71.0,-15.0,136.0,-3.0,-114.0,6314.0,81.0,43.0,7.917126532176125,61.35937499442719,
8249,871.7372,75.8776619144406,18.07612623665565,128.47351155552872,28.0,0.7687,221.0,35.0,137.0,873.0,28.0,232.0,99.0,283.0,19.41497543053636,122,4,55,53,254.0,-68.0,72.0,0.0,152.0,11.0,-102.0,6409.0,96.0,14.0,7.8470602960063305,61.35729166109405,
8250,809.70416,140.38756100917615,20.065603901686615,156.4213179332195,28.0,0.7681,204.0,31.0,125.0,818.0,29.0,219.0,94.0,270.0,17.489227166222157,113,3,55,57,255.0,-63.0,73.0,8.0,159.0,17.0,-96.0,6461.0,103.0,20.0,7.851406493899189,61.35729166109405,
8251,782.5411,148.41689070312322,27.710400350401553,152.58143673722566,28.0,0.7876,204.0,31.0,125.0,818.0,29.0,219.0,94.0,270.0,18.29485362286495,121,4,56,58,255.0,-63.0,73.0,8.0,159.0,17.0,-96.0,6461.0,103.0,20.0,7.855752691792119,61.35729166109405,
8252,709.7509,130.44831479908663,35.54797430462403,120.40136971375334,28.0,0.7967,188.0,28.0,113.0,763.0,31.0,205.0,90.0,257.0,27.13119140409574,106,2,55,58,258.0,-55.0,74.0,18.0,169.0,26.0,-89.0,6512.0,112.0,28.0,7.860098889685048,61.35729166109405,
8253,635.31805,133.20613187517637,31.60182971968083,133.8931734131953,28.0,0.7878,188.0,28.0,113.0,763.0,31.0,205.0,90.0,257.0,25.833991926872795,107,2,54,59,258.0,-55.0,74.0,18.0,169.0,26.0,-89.0,6512.0,112.0,28.0,7.864445087577977,61.35729166109405,
8254,576.18787,125.01706553879106,27.237410107625465,142.34684207417442,28.0,0.805,174.0,25.0,103.0,714.0,32.0,191.0,86.0,246.0,22.770801954976218,104,2,57,60,260.0,-45.0,75.0,30.0,181.0,37.0,-79.0,6587.0,124.0,38.0,7.8687912854709054,61.35729166109405,
8255,524.50305,132.12804922157963,25.294115876224282,152.20447245680984,28.0,0.81475,174.0,25.0,103.0,714.0,32.0,191.0,86.0,246.0,19.27337112605668,102,1,57,60,260.0,-45.0,75.0,30.0,181.0,37.0,-79.0,6587.0,124.0,38.0,7.873137483363834,61.35729166109405,
8256,474.32632,140.8026898952382,39.0834042474092,131.41302261293382,29.0,0.84375,166.0,24.0,97.0,686.0,33.0,180.0,85.0,243.0,25.845142094243588,86,8,57,58,261.0,-35.0,76.0,44.0,193.0,49.0,-68.0,6617.0,136.0,49.0,7.877483681256763,61.35729166109405,
8257,394.61005,137.27565897354054,42.341059261505706,127.21351548882815,29.0,0.8507,166.0,24.0,97.0,686.0,33.0,180.0,85.0,243.0,26.096412362867493,96,9,58,58,261.0,-35.0,76.0,44.0,193.0,49.0,-68.0,6617.0,136.0,49.0,7.881829879149692,61.35729166109405,
8258,320.70026,158.73499840258003,49.701191859882385,150.07131510670018,28.0,0.8413,169.0,25.0,101.0,698.0,32.0,186.0,85.0,242.0,25.989707261408046,112,6,59,57,261.0,-43.0,75.0,35.0,185.0,40.0,-76.0,6626.0,127.0,41.0,7.886176077042621,61.35729166109405,
8259,299.1096,179.58501859952477,58.27490681843449,180.81954968459794,28.0,0.8097,169.0,25.0,101.0,698.0,32.0,186.0,85.0,242.0,26.26530943736328,120,4,57,59,261.0,-43.0,75.0,35.0,185.0,40.0,-76.0,6626.0,127.0,41.0,7.89052227493548,61.35729166109405,
8260,288.1758,160.37755213546012,74.64675031428365,137.56109619938346,28.0,0.7727,192.0,29.0,118.0,783.0,30.0,213.0,91.0,260.0,42.70556563324372,111,0,56,59,258.0,-62.0,74.0,10.0,162.0,19.0,-96.0,6507.0,105.0,66.0,7.894868472828409,61.35729166109405,
8261,170.92177,190.16499190375768,40.72191656703015,166.39875312079886,28.0,0.7648,192.0,29.0,118.0,783.0,30.0,213.0,91.0,260.0,29.814737248794113,102,3,51,61,258.0,-62.0,74.0,10.0,162.0,19.0,-96.0,6507.0,105.0,66.0,7.899214670721338,61.35729166109405,
8262,329.93808,279.06616102340706,72.64311025906686,255.0,28.0,0.8214,230.0,38.0,148.0,915.0,26.0,248.0,101.0,291.0,50.618430502388804,87,6,54,56,253.0,-77.0,72.0,-10.0,142.0,1.0,-111.0,6346.0,86.0,48.0,7.903560868614266,61.35729166109405,
8263,641.2622,292.01914057358397,81.32527576997809,254.92119739730967,28.0,0.84145,230.0,38.0,148.0,915.0,26.0,248.0,101.0,291.0,47.91273317359758,95,10,53,58,253.0,-77.0,72.0,-10.0,142.0,1.0,-111.0,6346.0,86.0,48.0,7.907907066507195,61.35729166109405,
8264,875.669,305.0680682974859,90.69616108532234,254.3849410321288,28.0,0.8465,246.0,42.0,160.0,972.0,25.0,262.0,106.0,306.0,49.441725049995576,111,8,52,55,249.0,-82.0,71.0,-18.0,133.0,-5.0,-116.0,6271.0,78.0,41.0,7.9122532644001256,61.35729166109405,
8265,690.06134,103.6871262758188,49.674582129164904,151.1619509858909,28.0,0.771,188.0,28.0,113.0,763.0,31.0,205.0,90.0,257.0,31.695290205858182,115,4,58,62,258.0,-55.0,74.0,18.0,169.0,26.0,-89.0,6512.0,112.0,28.0,7.863921570126207,61.3552083277609,
8266,633.78613,56.23842188946123,32.03868170898852,137.7968752444892,28.0,0.7906,174.0,25.0,103.0,714.0,32.0,191.0,86.0,246.0,23.863058736141003,117,4,57,60,260.0,-45.0,75.0,30.0,181.0,37.0,-79.0,6587.0,124.0,38.0,7.868267478703053,61.3552083277609,
8267,559.83844,53.94840930893208,28.68321362559445,123.58136042818381,28.0,0.8187,174.0,25.0,103.0,714.0,32.0,191.0,86.0,246.0,22.98813451619387,110,0,56,61,260.0,-45.0,75.0,30.0,181.0,37.0,-79.0,6587.0,124.0,38.0,7.872613387279899,61.3552083277609,
8268,459.6565,74.33556475591215,30.584456784965173,105.04406805600011,29.0,0.8189,166.0,24.0,97.0,686.0,33.0,180.0,85.0,243.0,28.419990356922703,98,0,57,58,261.0,-35.0,76.0,44.0,193.0,49.0,-68.0,6617.0,136.0,49.0,7.876959295856745,61.3552083277609,
8269,362.3086,86.37501067599891,29.545032375614994,118.52662947945655,29.0,0.81005,166.0,24.0,97.0,686.0,33.0,180.0,85.0,243.0,24.683865106779837,108,0,57,59,261.0,-35.0,76.0,44.0,193.0,49.0,-68.0,6617.0,136.0,49.0,7.881305204433593,61.3552083277609,
8270,227.09695,123.39357875637464,54.65917753260931,93.98716898164555,28.0,0.7831,169.0,25.0,101.0,698.0,32.0,186.0,85.0,242.0,41.196105472080426,101,0,56,59,261.0,-43.0,75.0,35.0,185.0,40.0,-76.0,6626.0,127.0,41.0,7.8856511130104385,61.3552083277609,
8271,146.82265,208.05729371982548,49.72291038055284,187.94047634450996,28.0,0.7915,169.0,25.0,101.0,698.0,32.0,186.0,85.0,242.0,28.303969957925865,108,0,52,60,261.0,-43.0,75.0,35.0,185.0,40.0,-76.0,6626.0,127.0,41.0,7.889997021587215,61.3552083277609,
8272,166.62373,242.88668479782555,64.01858022718747,188.18975143190718,28.0,0.7792,192.0,29.0,118.0,783.0,30.0,213.0,91.0,260.0,31.785745604532362,107,7,51,60,258.0,-62.0,74.0,10.0,162.0,19.0,-96.0,6507.0,105.0,66.0,7.894342930164061,61.3552083277609,
8273,233.23302,315.2971365767483,119.18617899840451,236.68978851153645,28.0,0.7958,192.0,29.0,118.0,783.0,30.0,213.0,91.0,260.0,45.32609994806149,104,7,50,60,258.0,-62.0,74.0,10.0,162.0,19.0,-96.0,6507.0,105.0,66.0,7.898688838740907,61.3552083277609,
8274,414.38586,315.5597471376398,112.087137750365,250.15559318441387,28.0,0.8309,230.0,38.0,148.0,915.0,26.0,248.0,101.0,291.0,56.15256523936313,97,7,51,59,253.0,-77.0,72.0,-10.0,142.0,1.0,-111.0,6346.0,86.0,48.0,7.903034747317753,61.3552083277609,
8275,673.5366,293.05473075250814,82.59270957545174,255.0,28.0,0.84395,230.0,38.0,148.0,915.0,26.0,248.0,101.0,291.0,50.44358475110885,98,9,52,59,253.0,-77.0,72.0,-10.0,142.0,1.0,-111.0,6346.0,86.0,48.0,7.907380655894599,61.3552083277609,
8276,945.6386,287.30718893811496,51.75458233951111,254.265956432636,28.0,0.80005,246.0,42.0,160.0,972.0,25.0,262.0,106.0,306.0,39.15528603598282,117,1,55,56,249.0,-82.0,71.0,-18.0,133.0,-5.0,-116.0,6271.0,78.0,41.0,7.911726564471447,61.3552083277609,
8277,790.7821,75.31341349257073,28.51912026703474,116.68238043952114,28.0,0.7631,188.0,28.0,113.0,763.0,31.0,205.0,90.0,257.0,24.131680061691313,119,4,56,57,258.0,-55.0,74.0,18.0,169.0,26.0,-89.0,6512.0,112.0,28.0,7.863398132764128,61.35312499442776,
8278,689.5339,75.27334645200135,24.651788911208747,108.61290942298066,28.0,0.7829,174.0,25.0,103.0,714.0,32.0,191.0,86.0,246.0,25.416805445290098,115,4,57,59,260.0,-45.0,75.0,30.0,181.0,37.0,-79.0,6587.0,124.0,38.0,7.867743752069152,61.35312499442776,
8279,600.55725,104.24683968363497,27.77038778013936,129.5242191228114,28.0,0.8061,174.0,25.0,103.0,714.0,32.0,191.0,86.0,246.0,18.829625241620096,107,2,56,60,260.0,-45.0,75.0,30.0,181.0,37.0,-79.0,6587.0,124.0,38.0,7.872089371374176,61.35312499442776,
8280,507.1278,99.59888442881498,50.65150480777716,109.20353725262527,29.0,0.8122,166.0,24.0,97.0,686.0,33.0,180.0,85.0,243.0,29.652915910874643,104,0,55,58,261.0,-35.0,76.0,44.0,193.0,49.0,-68.0,6617.0,136.0,49.0,7.8764349906792,61.35312499442776,
8281,377.40375,115.38128756860606,69.14003148269907,99.41318539628202,29.0,0.8067,166.0,24.0,97.0,686.0,33.0,180.0,85.0,243.0,41.92573158869234,97,1,56,59,261.0,-35.0,76.0,44.0,193.0,49.0,-68.0,6617.0,136.0,49.0,7.8807806099842255,61.35312499442776,
8282,168.06612,168.32793462164466,57.99002700659463,116.1921964257144,28.0,0.7943,169.0,25.0,101.0,698.0,32.0,186.0,85.0,242.0,41.660591103522776,99,0,56,61,261.0,-43.0,75.0,35.0,185.0,40.0,-76.0,6626.0,127.0,41.0,7.885126229289248,61.35312499442776,
8283,174.00224,318.13082126932943,61.53538619332576,237.77855476822424,28.0,0.79275,169.0,25.0,101.0,698.0,32.0,186.0,85.0,242.0,34.29769499596427,115,0,52,62,261.0,-43.0,75.0,35.0,185.0,40.0,-76.0,6626.0,127.0,41.0,7.889471848594202,61.35312499442776,
8284,343.28662,323.07408738982986,132.34468700916696,249.7406847651427,28.0,0.82055,192.0,29.0,118.0,783.0,30.0,213.0,91.0,260.0,54.9204158617273,113,6,53,62,258.0,-62.0,74.0,10.0,162.0,19.0,-96.0,6507.0,105.0,66.0,7.893817467899226,61.35312499442776,
8285,586.8051,257.8305987738843,139.79638834690525,217.83034845465733,28.0,0.8486,192.0,29.0,118.0,783.0,30.0,213.0,91.0,260.0,51.269430900283254,111,5,52,58,258.0,-62.0,74.0,10.0,162.0,19.0,-96.0,6507.0,105.0,66.0,7.89816308720425,61.35312499442776,
8286,655.0743,311.41252424615584,103.1752201264415,219.5541745272709,28.0,0.8717,230.0,38.0,148.0,915.0,26.0,248.0,101.0,291.0,45.96092238030075,103,8,53,58,253.0,-77.0,72.0,-10.0,142.0,1.0,-111.0,6346.0,86.0,48.0,7.902508706509274,61.35312499442776,
8287,810.8263,309.07101818748174,86.45532031887929,253.93055560052593,28.0,0.8423,230.0,38.0,148.0,915.0,26.0,248.0,101.0,291.0,50.903792853234,111,3,56,57,253.0,-77.0,72.0,-10.0,142.0,1.0,-111.0,6346.0,86.0,48.0,7.906854325814298,61.35312499442776,
8288,979.96344,296.80308542958096,36.50485970813774,241.78166305986275,28.0,0.79235,246.0,42.0,160.0,972.0,25.0,262.0,106.0,306.0,26.979075764534706,102,5,55,56,249.0,-82.0,71.0,-18.0,133.0,-5.0,-116.0,6271.0,78.0,41.0,7.911199945119324,61.35312499442776,
8289,544.56744,123.87273544820484,86.1130239550042,87.05727037957132,28.0,0.77575,174.0,25.0,103.0,714.0,32.0,191.0,86.0,246.0,45.79300741610517,110,0,58,58,260.0,-45.0,75.0,30.0,181.0,37.0,-79.0,6587.0,124.0,38.0,7.871565435629264,61.351041661094605,
8290,333.34094,147.19208686353525,112.46990144564646,102.45110111658121,29.0,0.7862,166.0,24.0,97.0,686.0,33.0,180.0,85.0,243.0,53.95722271532367,107,1,59,56,261.0,-35.0,76.0,44.0,193.0,49.0,-68.0,6617.0,136.0,49.0,7.875910765706717,61.351041661094605,
8291,185.91077,152.1561985951414,79.1554426350059,131.1018178716764,29.0,0.7747,166.0,24.0,97.0,686.0,33.0,180.0,85.0,243.0,39.08775283520978,110,0,58,60,261.0,-35.0,76.0,44.0,193.0,49.0,-68.0,6617.0,136.0,49.0,7.88025609578417,61.351041661094605,
8292,133.9558,228.78406669135413,44.393637126621286,195.28238293486314,28.0,0.8147,169.0,25.0,101.0,698.0,32.0,186.0,85.0,242.0,33.91279187918908,110,0,52,62,261.0,-43.0,75.0,35.0,185.0,40.0,-76.0,6626.0,127.0,41.0,7.884601425861623,61.351041661094605,
8293,303.04672,302.9330077396935,86.48251532156837,255.0,28.0,0.8572,169.0,25.0,101.0,698.0,32.0,186.0,85.0,242.0,51.21252106508708,120,0,50,60,261.0,-43.0,75.0,35.0,185.0,40.0,-76.0,6626.0,127.0,41.0,7.888946755939006,61.351041661094605,
8294,583.31067,307.83895886478246,97.72643518750729,254.0024096841707,28.0,0.8584,192.0,29.0,118.0,783.0,30.0,213.0,91.0,260.0,48.7303919289634,118,0,53,59,258.0,-62.0,74.0,10.0,162.0,19.0,-96.0,6507.0,105.0,66.0,7.8932920860164595,61.351041661094605,
8295,748.03894,317.55126030591504,56.29203900581378,241.20724531627508,28.0,0.842,192.0,29.0,118.0,783.0,30.0,213.0,91.0,260.0,33.90483072328384,106,4,52,56,258.0,-62.0,74.0,10.0,162.0,19.0,-96.0,6507.0,105.0,66.0,7.897637416093913,61.351041661094605,
8296,839.8844,317.14447784774455,63.44083125171933,232.725738934598,28.0,0.8064,230.0,38.0,148.0,915.0,26.0,248.0,101.0,291.0,35.156620534408304,99,3,57,55,253.0,-77.0,72.0,-10.0,142.0,1.0,-111.0,6346.0,86.0,48.0,7.901982746171366,61.351041661094605,
8297,939.08734,305.41097716864437,47.5904187339683,238.8479655088812,28.0,0.81545,230.0,38.0,148.0,915.0,26.0,248.0,101.0,291.0,28.537440198238958,119,3,57,57,253.0,-77.0,72.0,-10.0,142.0,1.0,-111.0,6346.0,86.0,48.0,7.906328076248817,61.351041661094605,
8298,1012.3836,156.08322214815806,45.33051142260734,148.7621463292453,28.0,0.7467,238.0,40.0,154.0,944.0,26.0,257.0,103.0,298.0,26.0982728887597,130,7,51,56,251.0,-81.0,71.0,-16.0,136.0,-4.0,-115.0,6330.0,81.0,43.0,7.941090716868374,61.351041661094605,
8299,168.81189,297.15251353777495,56.322740616146035,245.52870636520592,28.0,0.8419,184.0,28.0,112.0,752.0,31.0,203.0,88.0,253.0,42.0940517271832,84,0,53,62,260.0,-56.0,74.0,18.0,170.0,26.0,-90.0,6552.0,112.0,28.0,7.88407670271015,61.348958327761466,
8300,410.6019,282.5090566534786,68.08861190555264,253.7706981817571,28.0,0.84975,184.0,28.0,112.0,752.0,31.0,203.0,88.0,253.0,49.07097464597323,115,0,55,62,260.0,-56.0,74.0,18.0,170.0,26.0,-90.0,6552.0,112.0,28.0,7.888421743604204,61.348958327761466,
8301,635.8594,262.48111570683096,45.42218521857286,254.84653648602603,28.0,0.8295,196.0,30.0,121.0,797.0,29.0,217.0,92.0,264.0,39.20201512649215,105,2,55,58,257.0,-64.0,74.0,7.0,159.0,17.0,-98.0,6506.0,103.0,64.0,7.892766784498326,61.348958327761466,
8302,788.9533,252.934965140221,36.173231170542884,247.74640447976893,28.0,0.816,196.0,30.0,121.0,797.0,29.0,217.0,92.0,264.0,32.62006454935541,128,3,56,57,257.0,-64.0,74.0,7.0,159.0,17.0,-98.0,6506.0,103.0,64.0,7.89711182539245,61.348958327761466,
8303,875.2671,246.00162086822775,30.60679280057046,232.9023983310139,28.0,0.8077,212.0,34.0,134.0,853.0,27.0,232.0,96.0,277.0,23.73405943449454,118,5,58,57,256.0,-71.0,73.0,-1.0,151.0,9.0,-105.0,6459.0,95.0,56.0,7.901456866286574,61.348958327761466,
8304,954.4254,260.69702883529504,23.67745648045462,237.4897159434564,28.0,0.8057,212.0,34.0,134.0,853.0,27.0,232.0,96.0,277.0,20.645901140325453,116,4,58,59,256.0,-71.0,73.0,-1.0,151.0,9.0,-105.0,6459.0,95.0,56.0,7.905801907180695,61.348958327761466,
8305,965.52454,155.3403945206214,45.70674477132071,145.80325761052148,28.0,0.7366,198.0,31.0,124.0,808.0,29.0,223.0,92.0,266.0,25.90917126025881,128,4,51,54,258.0,-69.0,74.0,3.0,155.0,12.0,-103.0,6545.0,99.0,59.0,7.936217193439492,61.348958327761466,
8306,916.58356,150.0396317294294,41.9379996428442,143.29040907412465,28.0,0.7607,198.0,31.0,124.0,808.0,29.0,223.0,92.0,266.0,25.10456111205497,112,5,52,56,258.0,-69.0,74.0,3.0,155.0,12.0,-103.0,6545.0,99.0,59.0,7.9405622343336155,61.348958327761466,
8307,866.0501,160.98984380003944,34.144598351579404,156.87323476309234,28.0,0.7759,198.0,32.0,127.0,813.0,28.0,225.0,92.0,266.0,20.201497627570337,118,6,52,49,257.0,-70.0,73.0,-40.0,153.0,11.0,-104.0,6531.0,97.0,58.0,7.944907275227739,61.348958327761466,
8308,859.3896,192.2684378687584,22.88902360868567,186.37899080463802,28.0,0.7757,198.0,32.0,127.0,813.0,28.0,225.0,92.0,266.0,13.39391834433296,115,4,51,52,257.0,-70.0,73.0,-40.0,153.0,11.0,-104.0,6531.0,97.0,58.0,7.949252316121863,61.348958327761466,
8309,943.77563,169.21150281796733,22.139166334849456,169.71472997950175,28.0,0.7588,212.0,35.0,137.0,861.0,27.0,239.0,95.0,277.0,15.69198125692916,112,5,54,55,256.0,-77.0,73.0,-8.0,145.0,3.0,-111.0,6444.0,88.0,50.0,7.975322561486534,61.348958327761466,
8310,943.2354,182.71320670924186,23.1789853531581,182.05572481406773,28.0,0.7533,212.0,35.0,137.0,861.0,27.0,239.0,95.0,277.0,14.87331471759024,112,6,53,55,256.0,-77.0,73.0,-8.0,145.0,3.0,-111.0,6444.0,88.0,50.0,7.979667602380657,61.348958327761466,
8311,948.76624,203.0407755082235,27.6066690234043,188.11377337239603,28.0,0.7397,226.0,38.0,149.0,913.0,26.0,253.0,99.0,290.0,19.21257913547998,115,6,54,57,255.0,-83.0,72.0,-15.0,138.0,-3.0,-117.0,6427.0,82.0,44.0,7.984012643274781,61.348958327761466,
8312,224.01813,258.96030822364634,45.279031070947,254.38164525573623,28.0,0.8498,184.0,28.0,112.0,752.0,31.0,203.0,88.0,253.0,40.75629315498521,101,0,56,61,260.0,-56.0,74.0,18.0,170.0,26.0,-90.0,6552.0,112.0,28.0,7.883552059817406,61.34687499442831,
8313,390.1578,250.12641802341236,44.39659692835813,252.46269349872443,28.0,0.85955,184.0,28.0,112.0,752.0,31.0,203.0,88.0,253.0,35.54036924502607,99,0,55,63,260.0,-56.0,74.0,18.0,170.0,26.0,-90.0,6552.0,112.0,28.0,7.887896811572363,61.34687499442831,
8314,562.3707,247.45490415002917,43.0985271971382,254.2053834305236,28.0,0.852,196.0,30.0,121.0,797.0,29.0,217.0,92.0,264.0,35.7374184504875,100,0,54,60,257.0,-64.0,74.0,7.0,159.0,17.0,-98.0,6506.0,103.0,64.0,7.892241563327388,61.34687499442831,
8315,692.0395,224.53850685361394,53.69091643397218,244.70506295613092,28.0,0.8375,196.0,30.0,121.0,797.0,29.0,217.0,92.0,264.0,35.06897724854173,122,1,58,58,257.0,-64.0,74.0,7.0,159.0,17.0,-98.0,6506.0,103.0,64.0,7.896586315082414,61.34687499442831,
8316,773.57996,212.25828174041266,57.86140153529442,231.6725564230113,28.0,0.8128,212.0,34.0,134.0,853.0,27.0,232.0,96.0,277.0,34.380663310298964,116,4,58,56,256.0,-71.0,73.0,-1.0,151.0,9.0,-105.0,6459.0,95.0,56.0,7.90093106683744,61.34687499442831,
8317,876.052,218.9598870414534,60.185341838685616,241.9278909952217,28.0,0.8002,212.0,34.0,134.0,853.0,27.0,232.0,96.0,277.0,36.41927164413607,120,6,56,58,256.0,-71.0,73.0,-1.0,151.0,9.0,-105.0,6459.0,95.0,56.0,7.9052758185924645,61.34687499442831,
8318,961.7908,213.6763538216257,58.72091240906424,229.58689284530706,28.0,0.793,221.0,36.0,141.0,886.0,27.0,241.0,99.0,285.0,30.76319050729306,119,4,54,54,255.0,-75.0,72.0,-6.0,146.0,5.0,-109.0,6456.0,90.0,52.0,7.909620570347492,61.34687499442831,
8319,938.75214,143.98705462324952,49.94585011864014,125.14663909899726,28.0,0.77185,198.0,31.0,124.0,807.0,29.0,222.0,92.0,265.0,31.32092220336724,125,5,51,57,257.0,-67.0,74.0,3.0,156.0,13.0,-101.0,6508.0,100.0,60.0,7.931344329122551,61.34687499442831,
8320,877.73303,160.88752137043866,39.92322647773356,156.42727030808143,28.0,0.7846,198.0,31.0,124.0,808.0,29.0,223.0,92.0,266.0,22.66984360950614,127,8,51,55,258.0,-69.0,74.0,3.0,155.0,12.0,-103.0,6545.0,99.0,59.0,7.935689080877576,61.34687499442831,
8321,835.919,152.60900376282942,35.90176808431394,148.4676855487638,28.0,0.79105,198.0,31.0,124.0,808.0,29.0,223.0,92.0,266.0,22.187744500568364,116,7,52,54,258.0,-69.0,74.0,3.0,155.0,12.0,-103.0,6545.0,99.0,59.0,7.940033832632603,61.34687499442831,
8322,810.0453,179.24038448793195,23.565631915966826,178.39623807638893,28.0,0.79095,198.0,32.0,127.0,813.0,28.0,225.0,92.0,266.0,13.725105569041055,102,6,51,54,257.0,-70.0,73.0,-40.0,153.0,11.0,-104.0,6531.0,97.0,58.0,7.944378584387629,61.34687499442831,
8323,887.7237,220.2581394064542,13.564998075320494,193.9820641093208,28.0,0.74305,204.0,33.0,130.0,832.0,28.0,231.0,93.0,270.0,7.664507780891725,106,6,51,57,257.0,-73.0,73.0,-3.0,150.0,7.0,-107.0,6494.0,94.0,54.0,7.961757591407662,61.34687499442831,
8324,320.7893,267.9873533380491,45.025862059908505,254.75043995079747,28.0,0.8474,184.0,28.0,112.0,752.0,31.0,203.0,88.0,253.0,40.26820013155827,85,3,52,63,260.0,-56.0,74.0,18.0,170.0,26.0,-90.0,6552.0,112.0,28.0,7.887371959826074,61.34479166109517,
8325,482.02286,246.12193746220967,33.73291416863897,242.30547000887282,28.0,0.839,196.0,30.0,121.0,797.0,29.0,217.0,92.0,264.0,28.15268364831044,103,0,55,61,257.0,-64.0,74.0,7.0,159.0,17.0,-98.0,6506.0,103.0,64.0,7.891716422486225,61.34479166109517,
8326,561.0858,214.99648158728272,41.66650416756466,222.61807593489536,28.0,0.8469,196.0,30.0,121.0,797.0,29.0,217.0,92.0,264.0,24.94714572142957,124,0,57,60,257.0,-64.0,74.0,7.0,159.0,17.0,-98.0,6506.0,103.0,64.0,7.896060885146375,61.34479166109517,
8327,622.5981,216.31325614827705,50.43711698394694,232.76433780604316,28.0,0.8322,212.0,34.0,134.0,853.0,27.0,232.0,96.0,277.0,30.821404501639073,121,5,55,61,256.0,-71.0,73.0,-1.0,151.0,9.0,-105.0,6459.0,95.0,56.0,7.900405347806524,61.34479166109517,
8328,700.46136,207.49486097617802,63.13575675617412,226.88168118333067,28.0,0.8016,212.0,34.0,134.0,853.0,27.0,232.0,96.0,277.0,34.7683428172546,125,6,56,58,256.0,-71.0,73.0,-1.0,151.0,9.0,-105.0,6459.0,95.0,56.0,7.904749810466676,61.34479166109517,
8329,766.2407,200.0598926441997,78.72908518964977,220.71154655689514,28.0,0.782,221.0,36.0,141.0,886.0,27.0,241.0,99.0,285.0,41.34124620320018,108,8,54,58,255.0,-75.0,72.0,-6.0,146.0,5.0,-109.0,6456.0,90.0,52.0,7.9090942731268274,61.34479166109517,
8330,830.57513,194.46965228934178,83.30028044370944,210.4099438332014,28.0,0.772,221.0,36.0,141.0,886.0,27.0,241.0,99.0,285.0,43.10042692778063,108,6,54,54,255.0,-75.0,72.0,-6.0,146.0,5.0,-109.0,6456.0,90.0,52.0,7.913438735786978,61.34479166109517,
8331,883.79535,193.83734893688313,84.08030989236491,210.1542344714304,28.0,0.7612,209.0,33.0,131.0,843.0,28.0,231.0,95.0,274.0,43.921511271609596,110,5,57,53,256.0,-72.0,73.0,-1.0,151.0,9.0,-105.0,6483.0,95.0,56.0,7.917783198447128,61.34479166109517,
8332,881.3467,160.57286634060455,61.040991539387335,147.11088115720196,28.0,0.7837,198.0,31.0,124.0,807.0,29.0,222.0,92.0,265.0,34.45720661864714,110,4,56,53,257.0,-67.0,74.0,3.0,156.0,13.0,-101.0,6508.0,100.0,60.0,7.9264721237673585,61.34479166109517,
8333,835.13855,156.94046872097277,47.78254745006436,147.65149078441846,28.0,0.7906,198.0,31.0,124.0,807.0,29.0,222.0,92.0,265.0,28.071854391875082,117,5,55,55,257.0,-67.0,74.0,3.0,156.0,13.0,-101.0,6508.0,100.0,60.0,7.930816586427508,61.34479166109517,
8334,799.5265,164.46027526892894,30.65190078227518,165.25347980869185,28.0,0.7946,198.0,31.0,124.0,808.0,29.0,223.0,92.0,266.0,17.284428266420587,115,7,54,53,258.0,-69.0,74.0,3.0,155.0,12.0,-103.0,6545.0,99.0,59.0,7.935161049087658,61.34479166109517,
8335,773.94763,157.28787601852562,21.884320245724265,157.92087178576432,28.0,0.7919,198.0,31.0,124.0,808.0,29.0,223.0,92.0,266.0,14.478474481573649,112,6,53,53,258.0,-69.0,74.0,3.0,155.0,12.0,-103.0,6545.0,99.0,59.0,7.939505511747811,61.34479166109517,
8336,763.6103,229.931940381555,15.52656115505474,188.58046192686336,28.0,0.78195,198.0,32.0,127.0,813.0,28.0,225.0,92.0,266.0,9.620576141515894,110,6,55,57,257.0,-70.0,73.0,-40.0,153.0,11.0,-104.0,6531.0,97.0,58.0,7.943849974407961,61.34479166109517,
8337,785.5422,261.9780818187751,13.561687883951588,199.33805457501043,28.0,0.771,198.0,32.0,127.0,813.0,28.0,225.0,92.0,266.0,9.819149398029817,110,6,54,57,257.0,-70.0,73.0,-40.0,153.0,11.0,-104.0,6531.0,97.0,58.0,7.948194437068112,61.34479166109517,
8338,802.4147,236.43527502736154,11.904913316639096,194.40635689058365,28.0,0.76185,202.0,32.0,129.0,825.0,28.0,228.0,93.0,269.0,10.8290370148306,110,8,55,60,257.0,-73.0,73.0,-42.0,151.0,8.0,-106.0,6520.0,95.0,55.0,7.952538899728262,61.34479166109517,
8339,836.37506,239.02313904871448,12.370245807702197,206.25226213848424,28.0,0.75495,202.0,32.0,129.0,825.0,28.0,228.0,93.0,269.0,14.881046758795467,120,6,54,59,257.0,-73.0,73.0,-42.0,151.0,8.0,-106.0,6520.0,95.0,55.0,7.956883362388411,61.34479166109517,
8340,897.809,284.33199946284003,6.801789300990968,194.23651831333243,28.0,0.74375,204.0,33.0,132.0,837.0,28.0,233.0,93.0,272.0,7.9259058769164445,111,5,54,57,257.0,-74.0,73.0,-44.0,149.0,6.0,-108.0,6509.0,93.0,53.0,7.974261213028945,61.34479166109517,
8341,916.9742,264.9236050048805,6.473309046804266,195.63527512485365,28.0,0.7506,212.0,35.0,137.0,861.0,27.0,239.0,95.0,277.0,5.983117045962788,105,4,55,56,256.0,-77.0,73.0,-8.0,145.0,3.0,-111.0,6444.0,88.0,50.0,7.978605675689095,61.34479166109517,
8342,944.3083,266.39000722529084,10.753819747889048,208.73453198931236,28.0,0.7686,212.0,35.0,137.0,861.0,27.0,239.0,95.0,277.0,10.438809692191372,112,6,56,56,256.0,-77.0,73.0,-8.0,145.0,3.0,-111.0,6444.0,88.0,50.0,7.982950138349246,61.34479166109517,
8343,163.1102,297.4738220975097,50.318668736412015,252.28439777520754,28.0,0.8241,172.0,25.0,102.0,708.0,32.0,189.0,86.0,245.0,39.61058245122999,89,4,55,67,260.0,-45.0,75.0,32.0,182.0,38.0,-78.0,6613.0,125.0,39.0,7.8825030147385,61.34270832776202,
8344,376.33325,301.4339911762006,64.97116552968014,247.92841695633098,28.0,0.835,184.0,28.0,112.0,752.0,31.0,203.0,88.0,253.0,45.85525941381601,86,4,53,66,260.0,-56.0,74.0,18.0,170.0,26.0,-90.0,6552.0,112.0,28.0,7.886847188347919,61.34270832776202,
8345,489.27765,213.4685613479989,36.05168696048753,200.12149163015118,28.0,0.8194,184.0,28.0,112.0,752.0,31.0,203.0,88.0,253.0,22.16686761884032,93,1,56,62,260.0,-56.0,74.0,18.0,170.0,26.0,-90.0,6552.0,112.0,28.0,7.891191361957406,61.34270832776202,
8346,512.6047,252.1325506957527,27.754495953840852,203.55242946605648,28.0,0.822,196.0,30.0,121.0,797.0,29.0,217.0,92.0,264.0,17.756336231682294,98,0,55,62,257.0,-64.0,74.0,7.0,159.0,17.0,-98.0,6506.0,103.0,64.0,7.895535535566894,61.34270832776202,
8347,552.98303,234.3058859051836,22.07533921994074,220.10480089857745,28.0,0.8204,196.0,30.0,121.0,797.0,29.0,217.0,92.0,264.0,18.249412263933717,115,0,55,59,257.0,-64.0,74.0,7.0,159.0,17.0,-98.0,6506.0,103.0,64.0,7.899879709176382,61.34270832776202,
8348,597.8339,217.79656498630183,25.815344712836822,203.96940439198318,28.0,0.8096,212.0,34.0,134.0,853.0,27.0,232.0,96.0,277.0,14.971898982768609,129,3,60,62,256.0,-71.0,73.0,-1.0,151.0,9.0,-105.0,6459.0,95.0,56.0,7.904223882785869,61.34270832776202,
8349,632.364,217.28640619926466,35.587560630981216,214.83421895609948,28.0,0.8111,221.0,36.0,141.0,886.0,27.0,241.0,99.0,285.0,21.21929645812412,124,4,59,61,255.0,-75.0,72.0,-6.0,146.0,5.0,-109.0,6456.0,90.0,52.0,7.908568056395358,61.34270832776202,
8350,677.8497,200.77111990403301,46.26189958584391,206.82250780245553,28.0,0.782,221.0,36.0,141.0,886.0,27.0,241.0,99.0,285.0,24.493737697194554,123,4,59,59,255.0,-75.0,72.0,-6.0,146.0,5.0,-109.0,6456.0,90.0,52.0,7.912912230004846,61.34270832776202,
8351,711.7744,197.15868509613722,55.60995649458812,207.50875175405096,28.0,0.7689,209.0,33.0,131.0,843.0,28.0,231.0,95.0,274.0,30.120224290296058,117,6,58,59,256.0,-72.0,73.0,-1.0,151.0,9.0,-105.0,6483.0,95.0,56.0,7.917256403614332,61.34270832776202,
8352,747.9973,185.7284258478224,57.112723738039605,188.77478848416072,28.0,0.7985,209.0,33.0,131.0,843.0,28.0,231.0,95.0,274.0,28.541534300926774,108,6,58,59,256.0,-72.0,73.0,-1.0,151.0,9.0,-105.0,6483.0,95.0,56.0,7.921600577223751,61.34270832776202,
8353,742.6255,173.7745676215039,47.56980580714044,168.7851604749567,28.0,0.7986,198.0,31.0,124.0,807.0,29.0,222.0,92.0,265.0,26.497911197102788,103,4,55,57,257.0,-67.0,74.0,3.0,156.0,13.0,-101.0,6508.0,100.0,60.0,7.925944750833239,61.34270832776202,
8354,737.0254,192.55899249453503,33.60627092577786,180.96442555324538,28.0,0.7889,198.0,31.0,124.0,807.0,29.0,222.0,92.0,265.0,18.69001833397853,102,5,56,56,257.0,-67.0,74.0,3.0,156.0,13.0,-101.0,6508.0,100.0,60.0,7.930288924442726,61.34270832776202,
8355,741.05676,218.0154085074299,22.598058883128378,185.74857566098663,28.0,0.7831,198.0,31.0,124.0,808.0,29.0,223.0,92.0,266.0,16.327580475142433,98,7,56,55,258.0,-69.0,74.0,3.0,155.0,12.0,-103.0,6545.0,99.0,59.0,7.934633098052213,61.34270832776202,
8356,755.58435,264.581577093916,16.817664735976678,199.09017226930203,28.0,0.7746,198.0,31.0,124.0,808.0,29.0,223.0,92.0,266.0,12.507903277749872,102,5,56,53,258.0,-69.0,74.0,3.0,155.0,12.0,-103.0,6545.0,99.0,59.0,7.938977271661702,61.34270832776202,
8357,789.78894,325.98901434791355,19.689755860015843,206.42079492486246,28.0,0.7626,198.0,32.0,127.0,813.0,28.0,225.0,92.0,266.0,14.973784437263857,110,5,54,57,257.0,-70.0,73.0,-40.0,153.0,11.0,-104.0,6531.0,97.0,58.0,7.943321445271191,61.34270832776202,
8358,816.34753,278.7311216361306,15.926174000137692,191.55042130802275,28.0,0.7581,198.0,32.0,127.0,813.0,28.0,225.0,92.0,266.0,10.167987758539772,115,5,55,57,257.0,-70.0,73.0,-40.0,153.0,11.0,-104.0,6531.0,97.0,58.0,7.947665618880678,61.34270832776202,
8359,829.5516,267.07492828537056,16.787559528668492,187.68199970015417,28.0,0.7467,202.0,32.0,129.0,825.0,28.0,228.0,93.0,269.0,10.398166365109478,104,5,54,56,257.0,-73.0,73.0,-42.0,151.0,8.0,-106.0,6520.0,95.0,55.0,7.952009792490165,61.34270832776202,
8360,842.4777,290.4486014311437,20.258785071813495,194.40627235046813,28.0,0.75625,202.0,32.0,129.0,825.0,28.0,228.0,93.0,269.0,14.719424672811174,110,4,55,57,257.0,-73.0,73.0,-42.0,151.0,8.0,-106.0,6520.0,95.0,55.0,7.956353966099653,61.34270832776202,
8361,861.5171,213.01132000279227,14.429102246969542,182.8657013189765,28.0,0.7387,204.0,33.0,130.0,832.0,28.0,231.0,93.0,270.0,11.286034064357962,109,2,54,56,257.0,-73.0,73.0,-3.0,150.0,7.0,-107.0,6494.0,94.0,54.0,7.960698139709071,61.34270832776202,
8362,880.39233,283.0482532414585,9.271524821964586,191.34092923770214,28.0,0.72995,204.0,33.0,132.0,837.0,28.0,233.0,93.0,272.0,6.326241605714502,107,5,55,57,257.0,-74.0,73.0,-44.0,149.0,6.0,-108.0,6509.0,93.0,53.0,7.969386486928047,61.34270832776202,
8363,899.0187,269.62508156620726,8.223960831430709,195.79889216439148,28.0,0.7406,204.0,33.0,132.0,837.0,28.0,233.0,93.0,272.0,8.055467573242435,106,5,53,56,257.0,-74.0,73.0,-44.0,149.0,6.0,-108.0,6509.0,93.0,53.0,7.973730660537535,61.34270832776202,
8364,921.65753,277.1095014372916,8.905576887160757,202.2648771700584,28.0,0.7433,212.0,35.0,137.0,861.0,27.0,239.0,95.0,277.0,8.526597216986314,111,4,55,55,256.0,-77.0,73.0,-8.0,145.0,3.0,-111.0,6444.0,88.0,50.0,7.978074834147022,61.34270832776202,
8365,957.4639,295.75551561969826,17.27707342367928,221.78698862833164,28.0,0.7679,212.0,35.0,137.0,861.0,27.0,239.0,95.0,277.0,15.0963108557696,99,4,56,58,256.0,-77.0,73.0,-8.0,145.0,3.0,-111.0,6444.0,88.0,50.0,7.98241900775651,61.34270832776202,
8366,231.13333,286.8934788808881,64.4787224544705,255.0,28.0,0.8579,182.0,27.0,110.0,746.0,31.0,202.0,88.0,252.0,49.168136312737985,110,7,54,65,260.0,-54.0,74.0,20.0,172.0,28.0,-88.0,6596.0,115.0,30.0,7.881978612517532,61.34062499442887,
8367,470.2376,298.5840844595396,55.700063063801615,250.9591529650098,28.0,0.8504,205.0,32.0,128.0,825.0,28.0,223.0,94.0,270.0,38.20870796824509,103,5,57,66,256.0,-67.0,73.0,4.0,156.0,14.0,-100.0,6484.0,100.0,61.0,7.886322497120491,61.34062499442887,
8368,564.024,315.06398852790676,32.158708042223374,216.42747616905513,28.0,0.8241,205.0,32.0,128.0,825.0,28.0,223.0,94.0,270.0,21.602441311582794,101,5,58,65,256.0,-67.0,73.0,4.0,156.0,14.0,-100.0,6484.0,100.0,61.0,7.890666381723518,61.34062499442887,
8369,608.29785,246.6718188430768,53.58145634671158,203.0310353587623,28.0,0.826,206.0,32.0,128.0,831.0,28.0,226.0,95.0,272.0,32.65043393814816,106,10,55,58,256.0,-68.0,73.0,3.0,154.0,12.0,-102.0,6476.0,98.0,59.0,7.895010266326547,61.34062499442887,
8370,604.37427,115.14031038967131,59.54433382724022,171.91304492389676,28.0,0.8206,206.0,32.0,128.0,831.0,28.0,226.0,95.0,272.0,33.527660009380526,102,9,54,57,256.0,-68.0,73.0,3.0,154.0,12.0,-102.0,6476.0,98.0,59.0,7.899354150929574,61.34062499442887,
8371,602.1731,235.76063169522644,32.01449058351104,187.78212927718883,28.0,0.8062,198.0,31.0,123.0,803.0,29.0,219.0,92.0,264.0,17.763901677046885,111,3,54,59,257.0,-66.0,73.0,7.0,158.0,16.0,-99.0,6530.0,102.0,62.0,7.903698035532603,61.34062499442887,
8372,611.0143,227.33725210402673,25.019155802101114,187.46768760086567,28.0,0.8204,198.0,31.0,123.0,803.0,29.0,219.0,92.0,264.0,15.34056107041417,119,4,57,61,257.0,-66.0,73.0,7.0,158.0,16.0,-99.0,6530.0,102.0,62.0,7.908041920135632,61.34062499442887,
8373,624.2591,246.99896738442618,24.26292205325372,191.75043313387218,28.0,0.79785,209.0,33.0,132.0,845.0,28.0,231.0,95.0,274.0,16.450484658610577,118,6,57,59,256.0,-71.0,73.0,-1.0,151.0,9.0,-105.0,6462.0,95.0,56.0,7.91238580473866,61.34062499442887,
8374,648.9523,276.3300491514692,27.108755907083445,205.1593851136858,28.0,0.7897,209.0,33.0,131.0,843.0,28.0,231.0,95.0,274.0,18.273020462375747,119,5,57,58,256.0,-72.0,73.0,-2.0,151.0,9.0,-105.0,6480.0,95.0,56.0,7.916729689341688,61.34062499442887,
8375,678.4616,256.1961971443941,35.570306702673754,200.48043364517585,28.0,0.779,209.0,33.0,131.0,843.0,28.0,231.0,95.0,274.0,27.739165433547473,108,3,57,58,256.0,-72.0,73.0,-2.0,151.0,9.0,-105.0,6480.0,95.0,56.0,7.921073573944646,61.34062499442887,
8376,719.12585,301.99683682475035,40.47249683399978,207.44612826565228,28.0,0.76955,207.0,33.0,131.0,840.0,28.0,231.0,95.0,273.0,24.432510505524093,111,4,56,58,257.0,-72.0,73.0,-1.0,151.0,9.0,-106.0,6474.0,94.0,55.0,7.925417458547673,61.34062499442887,
8377,749.46704,319.3155132880087,34.77446434847074,199.80893904444605,28.0,0.76475,207.0,33.0,131.0,840.0,28.0,231.0,95.0,273.0,22.32602783726159,113,4,56,58,257.0,-72.0,73.0,-1.0,151.0,9.0,-106.0,6474.0,94.0,55.0,7.929761343150703,61.34062499442887,
8378,772.18744,325.3766839148929,31.042293378376485,199.72187837968943,28.0,0.7582,212.0,34.0,134.0,855.0,27.0,235.0,96.0,277.0,20.74638325668551,113,3,57,56,256.0,-74.0,73.0,-4.0,148.0,6.0,-108.0,6462.0,92.0,53.0,7.934105227753729,61.34062499442887,
8379,797.9522,295.60962830908915,23.779669874507395,201.25595331619155,28.0,0.7579,212.0,34.0,134.0,855.0,27.0,235.0,96.0,277.0,15.419883967249724,108,2,55,56,256.0,-74.0,73.0,-4.0,148.0,6.0,-108.0,6462.0,92.0,53.0,7.93844911235676,61.34062499442887,
8380,822.8738,272.92135690667624,13.957478931227438,193.45140434792944,28.0,0.76395,225.0,37.0,145.0,902.0,26.0,247.0,99.0,288.0,8.321084533135478,108,4,54,55,254.0,-78.0,72.0,-11.0,142.0,1.0,-112.0,6417.0,86.0,48.0,7.9427929969597875,61.34062499442887,
8381,840.41785,297.2332438801478,13.119600363756707,193.87688740082896,28.0,0.7522,225.0,37.0,145.0,902.0,26.0,247.0,99.0,288.0,7.885042504940899,109,4,56,57,254.0,-78.0,72.0,-11.0,142.0,1.0,-112.0,6417.0,86.0,48.0,7.947136881562814,61.34062499442887,
8382,867.0081,326.72650603432726,25.05865595447866,206.46256967470174,28.0,0.74975,215.0,35.0,137.0,867.0,27.0,239.0,96.0,279.0,15.353185177662173,99,3,56,56,256.0,-76.0,73.0,-7.0,146.0,4.0,-110.0,6482.0,90.0,51.0,7.951480766165843,61.34062499442887,
8383,897.5387,261.5178310738913,26.398200917419313,190.40683112948622,28.0,0.75925,215.0,35.0,137.0,867.0,27.0,239.0,96.0,279.0,15.501550447749544,102,4,52,56,256.0,-76.0,73.0,-7.0,146.0,4.0,-110.0,6482.0,90.0,51.0,7.955824650768871,61.34062499442887,
8384,917.2229,313.48469990901003,12.176562201960948,196.57812012959607,28.0,0.7689,225.0,38.0,147.0,906.0,26.0,250.0,99.0,289.0,8.324466477026595,113,5,58,58,255.0,-81.0,72.0,-13.0,140.0,-2.0,-115.0,6425.0,84.0,46.0,7.973200189180914,61.34062499442887,
8385,940.7069,314.5967518273337,16.923442765463072,202.90108765850675,28.0,0.7833,244.0,42.0,161.0,972.0,25.0,267.0,104.0,305.0,10.900025331820508,98,1,56,57,251.0,-87.0,71.0,-22.0,130.0,-9.0,-121.0,6293.0,75.0,37.0,7.9775440737839425,61.34062499442887,
8386,985.6151,305.45946904237144,28.25637865708393,230.9985014601898,28.0,0.7821,244.0,42.0,161.0,972.0,25.0,267.0,104.0,305.0,21.43494015853724,103,2,55,57,251.0,-87.0,71.0,-22.0,130.0,-9.0,-121.0,6293.0,75.0,37.0,7.981887958386969,61.34062499442887,
8387,615.53925,318.32782109196563,27.298848466851926,219.64888797033296,28.0,0.8333,205.0,32.0,128.0,825.0,28.0,223.0,94.0,270.0,19.626601349663908,110,6,54,59,256.0,-67.0,73.0,4.0,156.0,14.0,-100.0,6484.0,100.0,61.0,7.890141481767152,61.338541661095725,
8388,687.5627,303.4708423221902,41.2827976892919,241.58759673720516,28.0,0.8261,206.0,32.0,128.0,831.0,28.0,226.0,95.0,272.0,30.89975783897336,123,11,56,56,256.0,-68.0,73.0,3.0,154.0,12.0,-102.0,6476.0,98.0,59.0,7.894485077407915,61.338541661095725,
8389,774.2446,147.20362280046723,64.58518875965343,184.54606129582086,28.0,0.8259,206.0,32.0,128.0,831.0,28.0,226.0,95.0,272.0,34.99217574646095,98,8,55,56,256.0,-68.0,73.0,3.0,154.0,12.0,-102.0,6476.0,98.0,59.0,7.898828673048677,61.338541661095725,
8390,733.06696,55.97958323447167,73.06338094128998,149.5418080486236,28.0,0.8027,198.0,31.0,123.0,803.0,29.0,219.0,92.0,264.0,37.133350004627346,102,6,54,57,257.0,-66.0,73.0,7.0,158.0,16.0,-99.0,6530.0,102.0,62.0,7.9031722686894375,61.338541661095725,
8391,700.947,89.62582126090507,52.30658449664314,168.83604706523082,28.0,0.80145,198.0,31.0,123.0,803.0,29.0,219.0,92.0,264.0,28.193792296348278,118,4,55,56,257.0,-66.0,73.0,7.0,158.0,16.0,-99.0,6530.0,102.0,62.0,7.907515864330201,61.338541661095725,
8392,696.901,214.70190081858684,47.6221039268976,183.26737463908069,28.0,0.7966,209.0,33.0,132.0,845.0,28.0,231.0,95.0,274.0,25.187227358209025,110,5,57,58,256.0,-71.0,73.0,-1.0,151.0,9.0,-105.0,6462.0,95.0,56.0,7.911859459970963,61.338541661095725,
8393,715.5925,314.7863584944575,43.81802167297437,209.16416503578827,28.0,0.7724,209.0,33.0,132.0,845.0,28.0,231.0,95.0,274.0,24.55518894361011,111,7,58,55,256.0,-71.0,73.0,-1.0,151.0,9.0,-105.0,6462.0,95.0,56.0,7.916203055611726,61.338541661095725,
8394,773.57666,313.0746003434271,59.921067775144856,218.49168913839,28.0,0.7734,209.0,33.0,131.0,843.0,28.0,231.0,95.0,274.0,33.00402375541024,110,5,57,57,256.0,-72.0,73.0,-2.0,151.0,9.0,-105.0,6480.0,95.0,56.0,7.920546651252418,61.338541661095725,
8395,832.81213,143.61646052864816,45.909838673500325,183.4419471100649,28.0,0.7754,209.0,33.0,131.0,843.0,28.0,231.0,95.0,274.0,25.117316179546577,113,5,53,53,256.0,-72.0,73.0,-2.0,151.0,9.0,-105.0,6480.0,95.0,56.0,7.924890246893178,61.338541661095725,
8396,825.44543,237.49672274948256,31.37853412144061,182.8233756015868,28.0,0.76635,207.0,33.0,131.0,840.0,28.0,231.0,95.0,273.0,16.431260628562402,109,5,54,55,257.0,-72.0,73.0,-1.0,151.0,9.0,-106.0,6474.0,94.0,55.0,7.929233842533941,61.338541661095725,
8397,837.2936,278.0156339457199,30.45690215278004,189.5833197376036,28.0,0.7579,212.0,34.0,134.0,855.0,27.0,235.0,96.0,277.0,18.038197082156906,110,5,54,57,256.0,-74.0,73.0,-4.0,148.0,6.0,-108.0,6462.0,92.0,53.0,7.933577438174703,61.338541661095725,
8398,843.9457,310.2752503561206,25.721608246019475,188.9187428996911,28.0,0.732,212.0,34.0,134.0,855.0,27.0,235.0,96.0,277.0,13.98411653426166,115,2,52,57,256.0,-74.0,73.0,-4.0,148.0,6.0,-108.0,6462.0,92.0,53.0,7.937921033815467,61.338541661095725,
8399,855.8057,290.37593310124254,21.94023471338688,188.74136923851836,28.0,0.74885,225.0,37.0,145.0,902.0,26.0,247.0,99.0,288.0,13.517915881179048,111,2,53,56,254.0,-78.0,72.0,-11.0,142.0,1.0,-112.0,6417.0,86.0,48.0,7.942264629456227,61.338541661095725,
8400,947.6827,322.5483169544572,18.988065775875533,200.80601582954338,28.0,0.7924,225.0,38.0,147.0,906.0,26.0,250.0,99.0,289.0,12.442130225862245,104,2,55,55,255.0,-81.0,72.0,-13.0,140.0,-2.0,-115.0,6425.0,84.0,46.0,7.972669798941493,61.338541661095725,
8401,984.21844,321.72774260344073,27.38965066629628,215.10472741254682,28.0,0.8072,244.0,42.0,161.0,972.0,25.0,267.0,104.0,305.0,18.10930542054738,108,2,53,56,251.0,-87.0,71.0,-22.0,130.0,-9.0,-121.0,6293.0,75.0,37.0,7.977013394582255,61.338541661095725,
8402,886.71967,315.7118450147015,61.591986766098074,223.34902593458716,28.0,0.822,206.0,32.0,128.0,831.0,28.0,226.0,95.0,272.0,31.79609093393525,107,2,52,58,256.0,-68.0,73.0,3.0,154.0,12.0,-102.0,6476.0,98.0,59.0,7.898303275516258,61.336458327762585,
8403,898.39655,72.9896553725693,64.9734214797895,153.14881063579733,28.0,0.8024,198.0,31.0,123.0,803.0,29.0,219.0,92.0,264.0,33.37217124906238,110,6,55,57,257.0,-66.0,73.0,7.0,158.0,16.0,-99.0,6530.0,102.0,62.0,7.902646582238936,61.336458327762585,
8404,846.0234,97.87811828388949,69.26308855870195,161.85491691587094,28.0,0.8011,198.0,31.0,123.0,803.0,29.0,219.0,92.0,264.0,36.65353606429459,114,1,53,56,257.0,-66.0,73.0,7.0,158.0,16.0,-99.0,6530.0,102.0,62.0,7.9069898889616175,61.336458327762585,
8405,838.68384,118.95094085292206,70.85375079313374,172.58815193911005,28.0,0.7884,209.0,33.0,132.0,845.0,28.0,231.0,95.0,274.0,35.83430785891212,108,3,53,57,256.0,-71.0,73.0,-1.0,151.0,9.0,-105.0,6462.0,95.0,56.0,7.911333195684298,61.336458327762585,
8406,826.5177,235.1775640754876,63.024524605897696,190.87917447807266,28.0,0.7682,209.0,33.0,132.0,845.0,28.0,231.0,95.0,274.0,32.108807009370324,109,5,55,56,256.0,-71.0,73.0,-1.0,151.0,9.0,-105.0,6462.0,95.0,56.0,7.915676502406978,61.336458327762585,
8407,901.65796,276.09037494593053,53.64282356246934,222.64830417668273,28.0,0.7867,209.0,33.0,131.0,843.0,28.0,231.0,95.0,274.0,31.394305304275164,111,5,54,55,256.0,-72.0,73.0,-2.0,151.0,9.0,-105.0,6480.0,95.0,56.0,7.920019809129587,61.336458327762585,
8408,910.4422,31.692049685703083,30.84258501091776,151.47661449196048,28.0,0.77785,209.0,33.0,131.0,843.0,28.0,231.0,95.0,274.0,17.715100623821947,114,5,56,54,256.0,-72.0,73.0,-2.0,151.0,9.0,-105.0,6480.0,95.0,56.0,7.924363115852268,61.336458327762585,
8409,899.5478,243.23295958589048,33.37460525427216,193.69279039614736,28.0,0.75585,207.0,33.0,131.0,840.0,28.0,231.0,95.0,273.0,19.192418100699268,105,3,55,54,257.0,-72.0,73.0,-1.0,151.0,9.0,-106.0,6474.0,94.0,55.0,7.9287064225749475,61.336458327762585,
8410,913.59283,235.28460732266214,40.69183665626918,188.98699364894105,28.0,0.7755,207.0,33.0,131.0,840.0,28.0,231.0,95.0,273.0,21.376352740374447,109,5,53,55,257.0,-72.0,73.0,-1.0,151.0,9.0,-106.0,6474.0,94.0,55.0,7.933049729297627,61.336458327762585,
8411,918.3546,151.10178836685455,36.33001046418923,179.88736029712678,28.0,0.7889,212.0,34.0,134.0,855.0,27.0,235.0,96.0,277.0,19.114020440509787,111,2,55,56,256.0,-74.0,73.0,-4.0,148.0,6.0,-108.0,6462.0,92.0,53.0,7.937393036020309,61.336458327762585,
8412,913.1153,200.4831591575808,30.93628783564541,183.50326377042063,28.0,0.766,225.0,37.0,145.0,902.0,26.0,247.0,99.0,288.0,16.173481131418367,112,2,52,52,254.0,-78.0,72.0,-11.0,142.0,1.0,-112.0,6417.0,86.0,48.0,7.9417363427429875,61.336458327762585,
8413,952.7905,311.0004366805726,38.863600852886904,234.81140490721407,28.0,0.75795,225.0,37.0,145.0,902.0,26.0,247.0,99.0,288.0,26.679103042342167,104,1,52,55,254.0,-78.0,72.0,-11.0,142.0,1.0,-112.0,6417.0,86.0,48.0,7.946079649465667,61.336458327762585,
8414,992.1568,235.35783555082088,28.12368584118096,192.75615732043116,28.0,0.7716,225.0,38.0,147.0,906.0,26.0,250.0,99.0,289.0,17.05661903566958,102,0,55,57,255.0,-81.0,72.0,-13.0,140.0,-2.0,-115.0,6425.0,84.0,46.0,7.972139489801679,61.336458327762585,
8415,1001.7594,144.63943779498854,57.36454777144582,171.5711474062896,28.0,0.7533,209.0,33.0,132.0,845.0,28.0,231.0,95.0,274.0,30.29321981226651,112,1,56,57,256.0,-71.0,73.0,-1.0,151.0,9.0,-105.0,6462.0,95.0,56.0,7.910807011861211,61.33437499442943,
8416,986.8971,126.28803253031042,58.53649933441212,173.77325258836018,28.0,0.75,209.0,33.0,132.0,845.0,28.0,231.0,95.0,274.0,31.739912764327208,110,3,55,57,256.0,-71.0,73.0,-1.0,151.0,9.0,-105.0,6462.0,95.0,56.0,7.915150029709982,61.33437499442943,
8417,998.49524,152.70321385799667,39.65852900311376,181.00315750396834,28.0,0.7733,209.0,33.0,131.0,843.0,28.0,231.0,95.0,274.0,21.429231035197006,111,5,54,55,256.0,-72.0,73.0,-2.0,151.0,9.0,-105.0,6480.0,95.0,56.0,7.919493047558684,61.33437499442943,
8418,981.5234,29.077406494892585,33.280602838353445,157.9267329918272,28.0,0.78215,209.0,33.0,131.0,843.0,28.0,231.0,95.0,274.0,19.14353041990684,116,3,55,52,256.0,-72.0,73.0,-2.0,151.0,9.0,-105.0,6480.0,95.0,56.0,7.923836065407456,61.33437499442943,
8419,966.05725,243.28957001749106,38.57950986282933,195.91720794983556,28.0,0.74945,207.0,33.0,131.0,840.0,28.0,231.0,95.0,273.0,21.14454745656332,109,1,56,54,257.0,-72.0,73.0,-1.0,151.0,9.0,-106.0,6474.0,94.0,55.0,7.928179083256229,61.33437499442943,
8420,163.9351,316.396996841807,83.36663330509951,250.87041594411141,29.0,0.8821,289.0,43.0,154.0,1038.0,33.0,227.0,128.0,363.0,48.18435196841632,79,0,62,54,236.0,-26.0,69.0,79.0,179.0,48.0,-57.0,5971.0,127.0,49.0,7.38767954549367,61.32604166109685,
8421,99.01901,302.4801010535362,75.02902832426905,247.76951276675933,28.0,0.8277,320.0,49.0,175.0,1139.0,30.0,255.0,135.0,387.0,45.33126987530905,101,21,60,49,234.0,-44.0,67.0,58.0,159.0,29.0,-75.0,5966.0,108.0,-5.0,7.382846827966955,61.3239583277637,
8422,314.12686,305.293580623026,83.68407647373863,254.47093316089476,28.0,0.8677,342.0,54.0,193.0,1216.0,28.0,276.0,140.0,405.0,48.18105790903667,87,18,62,57,233.0,-56.0,67.0,42.0,145.0,15.0,-88.0,5880.0,93.0,-17.0,7.387188402108469,61.3239583277637,
8423,56.13279,317.4817332950195,43.83606480228011,236.3629937223213,28.0,0.8847,320.0,49.0,175.0,1139.0,30.0,255.0,135.0,387.0,29.041473775783444,121,18,58,57,234.0,-44.0,67.0,58.0,159.0,29.0,-75.0,5966.0,108.0,-5.0,7.378014762723325,61.32187499443056,
8424,244.21391,303.22987238953425,96.26469526042058,254.3879397439077,28.0,0.86855,320.0,49.0,175.0,1139.0,30.0,255.0,135.0,387.0,54.77057586564718,96,21,59,58,234.0,-44.0,67.0,58.0,159.0,29.0,-75.0,5966.0,108.0,-5.0,7.382356048255775,61.32187499443056,
8425,469.32462,298.9206511935081,92.2140838886611,242.90999207660937,28.0,0.8703,342.0,54.0,193.0,1216.0,28.0,276.0,140.0,405.0,51.94393179054043,101,16,59,57,233.0,-56.0,67.0,42.0,145.0,15.0,-88.0,5880.0,93.0,-17.0,7.386697333788226,61.32187499443056,
8426,144.76196,307.30899076562196,56.71820210530994,251.0778710048693,28.0,0.886,320.0,49.0,175.0,1139.0,30.0,255.0,135.0,387.0,36.097856869366844,119,20,59,59,234.0,-44.0,67.0,58.0,159.0,29.0,-75.0,5966.0,108.0,-5.0,7.3775243465816756,61.319791661097405,
8427,368.10352,290.72178864860473,86.78516780138894,254.00008515198672,28.0,0.8617,320.0,49.0,175.0,1139.0,30.0,255.0,135.0,387.0,54.73076780848312,133,16,58,57,234.0,-44.0,67.0,58.0,159.0,29.0,-75.0,5966.0,108.0,-5.0,7.381865343549172,61.319791661097405,
8428,248.57393,302.63796962430297,87.01153517665136,254.7471385201849,28.0,0.87085,320.0,49.0,175.0,1139.0,30.0,255.0,135.0,387.0,49.61452532786621,115,17,56,57,234.0,-44.0,67.0,58.0,159.0,29.0,-75.0,5966.0,108.0,-5.0,7.37703400538426,61.317708327764265,
8429,491.1368,260.32312174617994,110.32497337305303,226.36793307637785,28.0,0.8571,320.0,49.0,175.0,1139.0,30.0,255.0,135.0,387.0,57.201609483099006,123,7,58,59,234.0,-44.0,67.0,58.0,159.0,29.0,-75.0,5966.0,108.0,-5.0,7.3813747138308985,61.317708327764265,
8430,49.032104,308.9123032948458,39.64280641106493,241.17719392617983,28.0,0.8537,331.0,51.0,182.0,1175.0,30.0,264.0,138.0,397.0,27.56998266099849,101,20,64,58,234.0,-49.0,67.0,52.0,154.0,24.0,-80.0,5928.0,103.0,-9.0,7.367862899175096,61.31562499443111,
8431,437.66312,309.2433177341006,128.21429055515728,254.0258509717548,28.0,0.8443,364.0,59.0,209.0,1292.0,27.0,297.0,148.0,425.0,59.246854466557075,123,18,56,59,231.0,-65.0,65.0,31.0,134.0,5.0,-97.0,5811.0,83.0,-25.0,7.376543739114833,61.31562499443111,
8432,147.42638,310.11206703274155,58.44280072562091,242.75132678903395,28.0,0.8646,331.0,51.0,182.0,1175.0,30.0,264.0,138.0,397.0,37.16111303550963,100,7,63,59,234.0,-49.0,67.0,52.0,154.0,24.0,-80.0,5928.0,103.0,-9.0,7.367373284682805,61.31354166109796,
8433,330.08334,302.08189927917624,91.11786464568583,254.9905910460824,28.0,0.86175,331.0,51.0,182.0,1175.0,30.0,264.0,138.0,397.0,54.33322047285793,95,15,55,56,234.0,-49.0,67.0,52.0,154.0,24.0,-80.0,5928.0,103.0,-9.0,7.371713416219982,61.31354166109796,
8434,211.4378,176.79580927208963,55.566928579806664,195.35995349248864,28.0,0.8902,331.0,51.0,182.0,1175.0,30.0,264.0,138.0,397.0,41.14294138506508,112,16,55,63,234.0,-49.0,67.0,52.0,154.0,24.0,-80.0,5928.0,103.0,-9.0,7.366883744997906,61.31145832776482,
8435,860.2138,134.32897287275065,48.5683379977944,106.47869561134665,28.0,0.6363,343.0,53.0,187.0,1216.0,30.0,269.0,145.0,416.0,35.77832705034367,112,4,53,54,234.0,-44.0,67.0,57.0,159.0,28.0,-75.0,5932.0,107.0,-5.0,7.312766706837518,61.24687499443726,
8436,740.4891,120.01461940715413,44.34884598020472,95.59220140725981,28.0,0.7082,321.0,48.0,172.0,1142.0,32.0,249.0,139.0,397.0,36.39669008582363,98,5,54,57,235.0,-32.0,68.0,71.0,172.0,41.0,-63.0,5958.0,120.0,6.0,7.317097631745138,61.24687499443726,
8437,609.7924,135.81406087850402,50.600365950267985,117.32834332974956,28.0,0.7457,321.0,48.0,172.0,1142.0,32.0,249.0,139.0,397.0,34.25640605511192,117,7,54,59,235.0,-32.0,68.0,71.0,172.0,41.0,-63.0,5958.0,120.0,6.0,7.321428556652756,61.24687499443726,
8438,549.0369,146.26771640013052,49.64961998905522,141.11598134235726,29.0,0.7718,294.0,44.0,156.0,1061.0,34.0,229.0,133.0,378.0,29.71145032439893,129,4,54,56,236.0,-15.0,69.0,92.0,191.0,60.0,-45.0,5982.0,139.0,60.0,7.325759481560376,61.24687499443726,
8439,456.4588,116.52610884451856,44.521549130421015,101.99875160189745,29.0,0.7718,294.0,44.0,156.0,1061.0,34.0,229.0,133.0,378.0,32.37124770822648,139,8,56,58,236.0,-15.0,69.0,92.0,191.0,60.0,-45.0,5982.0,139.0,60.0,7.330090406467995,61.24687499443726,
8440,539.28656,117.8297794936354,44.022609488553805,96.99126045522516,28.0,0.7576,321.0,48.0,172.0,1142.0,32.0,249.0,139.0,397.0,35.09711110342781,122,4,52,59,235.0,-32.0,68.0,71.0,172.0,41.0,-63.0,5958.0,120.0,6.0,7.320943411157477,61.244791661104124,
8441,428.61246,137.30734609614575,50.73524556407959,125.60653695866392,29.0,0.7592,294.0,44.0,156.0,1061.0,34.0,229.0,133.0,378.0,36.226637249043655,144,9,53,58,236.0,-15.0,69.0,92.0,191.0,60.0,-45.0,5982.0,139.0,60.0,7.325274049081661,61.244791661104124,
8442,336.2091,150.5415468460316,62.85256745085135,133.05404281284632,29.0,0.74195,294.0,44.0,156.0,1061.0,34.0,229.0,133.0,378.0,39.03567067615696,138,8,54,61,236.0,-15.0,69.0,92.0,191.0,60.0,-45.0,5982.0,139.0,60.0,7.329604687005846,61.244791661104124,
8443,736.52716,57.17409595405097,50.48397703889466,86.5892441140291,28.0,0.7464,343.0,53.0,187.0,1216.0,30.0,269.0,145.0,416.0,39.473419975792844,107,4,52,56,234.0,-44.0,67.0,57.0,159.0,28.0,-75.0,5932.0,107.0,-5.0,7.3161279886464845,61.24270832777097,
8444,604.5009,44.6592322350323,52.74899280921282,106.1450814763532,28.0,0.7706,321.0,48.0,172.0,1142.0,32.0,249.0,139.0,397.0,37.619372943661205,116,5,51,57,235.0,-32.0,68.0,71.0,172.0,41.0,-63.0,5958.0,120.0,6.0,7.320458339630992,61.24270832777097,
8445,361.7099,59.3769393029147,51.11092849402816,103.99911086391867,29.0,0.75035,294.0,44.0,156.0,1061.0,34.0,229.0,133.0,378.0,37.76520276136935,137,5,54,61,236.0,-15.0,69.0,92.0,191.0,60.0,-45.0,5982.0,139.0,60.0,7.329119041600004,61.24270832777097,
8446,681.52295,90.26694863887833,31.50846308600187,92.0326149608664,28.0,0.77565,317.0,48.0,170.0,1131.0,32.0,246.0,138.0,393.0,29.897633790299583,115,4,52,58,235.0,-30.0,68.0,75.0,175.0,44.0,-60.0,5976.0,123.0,8.0,7.319973342057319,61.240624994437816,
8447,559.05194,89.5868283491451,30.39166831601573,99.30444031547746,28.0,0.7823,317.0,48.0,170.0,1131.0,32.0,246.0,138.0,393.0,27.3822003775316,120,5,51,57,235.0,-30.0,68.0,75.0,175.0,44.0,-60.0,5976.0,123.0,8.0,7.3243034061458925,61.240624994437816,
8448,439.1542,84.8241320419431,28.256230659641943,98.08114053711914,29.0,0.7932,294.0,44.0,156.0,1064.0,34.0,229.0,134.0,380.0,27.578223526501663,129,6,55,59,236.0,-15.0,69.0,92.0,191.0,59.0,-45.0,5967.0,138.0,60.0,7.328633470234466,61.240624994437816,
8449,311.71127,91.33242195906139,33.21718520168689,87.64232606901926,29.0,0.7731,294.0,44.0,156.0,1064.0,34.0,229.0,134.0,380.0,31.261715033388747,129,5,54,60,236.0,-15.0,69.0,92.0,191.0,59.0,-45.0,5967.0,138.0,60.0,7.332963534322971,61.240624994437816,
8450,861.5885,124.82130180187293,45.935731273081416,102.11013221559725,28.0,0.7503,341.0,52.0,186.0,1209.0,31.0,267.0,144.0,413.0,36.45241553920238,104,3,51,54,234.0,-43.0,67.0,58.0,160.0,29.0,-74.0,5937.0,108.0,-5.0,7.310828863947725,61.23854166110468,
8451,651.91046,124.67054810221113,54.145674276249714,93.43255478928448,28.0,0.79935,317.0,48.0,170.0,1131.0,32.0,246.0,138.0,393.0,38.56027588831589,120,5,53,55,235.0,-30.0,68.0,75.0,175.0,44.0,-60.0,5976.0,123.0,8.0,7.319488418420484,61.23854166110468,
8452,508.96063,137.46081698986552,56.22038576745946,109.28901321957284,28.0,0.78245,317.0,48.0,170.0,1131.0,32.0,246.0,138.0,393.0,39.216473400913614,112,6,51,57,235.0,-30.0,68.0,75.0,175.0,44.0,-60.0,5976.0,123.0,8.0,7.32381819565686,61.23854166110468,
8453,410.1808,137.6033328303323,54.165673068333376,117.8401806506403,29.0,0.789,294.0,44.0,156.0,1064.0,34.0,229.0,134.0,380.0,35.71141983753342,122,9,55,59,236.0,-15.0,69.0,92.0,191.0,59.0,-45.0,5967.0,138.0,60.0,7.328147972893238,61.23854166110468,
8454,291.01706,122.1282751393535,48.785093991334854,93.60534667777064,29.0,0.7943,294.0,44.0,156.0,1064.0,34.0,229.0,134.0,380.0,36.38742172960393,130,5,53,59,236.0,-15.0,69.0,92.0,191.0,59.0,-45.0,5967.0,138.0,60.0,7.332477750129549,61.23854166110468,
8455,567.4999,97.75611902970306,50.9934476637852,110.46145004638308,28.0,0.7827,317.0,48.0,170.0,1131.0,32.0,246.0,138.0,393.0,39.9495064989272,115,4,52,56,235.0,-30.0,68.0,75.0,175.0,44.0,-60.0,5976.0,123.0,8.0,7.319003568704504,61.23645832777154,
8456,455.90833,88.81032255314271,51.92598731791619,114.2186163431471,28.0,0.79425,317.0,48.0,170.0,1131.0,32.0,246.0,138.0,393.0,40.42002219578639,109,6,52,58,235.0,-30.0,68.0,75.0,175.0,44.0,-60.0,5976.0,123.0,8.0,7.323333059132414,61.23645832777154,
8457,337.93185,95.77452665645318,46.485446164045705,105.35934854638433,29.0,0.7882,294.0,44.0,156.0,1064.0,34.0,229.0,134.0,380.0,35.924502981811386,117,7,53,60,236.0,-15.0,69.0,92.0,191.0,59.0,-45.0,5967.0,138.0,60.0,7.3276625495603245,61.23645832777154,
8458,232.23438,105.53770806179051,44.44303532522929,119.04794668855386,29.0,0.7979,294.0,44.0,156.0,1064.0,34.0,229.0,134.0,380.0,36.451026955605194,130,9,53,65,236.0,-15.0,69.0,92.0,191.0,59.0,-45.0,5967.0,138.0,60.0,7.331992039988164,61.23645832777154,
8459,806.6996,46.265618495020284,50.33448689295252,109.18597629703702,28.0,0.74195,341.0,52.0,186.0,1209.0,31.0,267.0,144.0,413.0,34.60195238533356,95,1,51,55,234.0,-43.0,67.0,58.0,160.0,29.0,-74.0,5937.0,108.0,-5.0,7.314189589230249,61.23437499443838,
8460,679.0174,65.16835366715729,46.943696009828294,109.17161248705175,28.0,0.75545,317.0,48.0,170.0,1131.0,32.0,246.0,138.0,393.0,33.135243462279256,94,5,51,55,235.0,-30.0,68.0,75.0,175.0,44.0,-60.0,5976.0,123.0,8.0,7.31851879289341,61.23437499443838,
8461,562.4815,68.98088877344637,43.1750267600188,87.38290665494527,28.0,0.7855,317.0,48.0,170.0,1131.0,32.0,246.0,138.0,393.0,35.123679936183805,109,5,52,55,235.0,-30.0,68.0,75.0,175.0,44.0,-60.0,5976.0,123.0,8.0,7.322847996556569,61.23437499443838,
8462,430.38257,50.64706556328637,50.347122271342805,114.91041284807784,29.0,0.8041,294.0,44.0,156.0,1064.0,34.0,229.0,134.0,380.0,33.58177140389538,116,9,51,61,236.0,-15.0,69.0,92.0,191.0,59.0,-45.0,5967.0,138.0,60.0,7.327177200219728,61.23437499443838,
8463,331.11615,95.71118148079604,45.54615535119411,101.3515221349849,29.0,0.7964,294.0,44.0,156.0,1064.0,34.0,229.0,134.0,380.0,35.66348172979186,126,5,52,64,236.0,-15.0,69.0,92.0,191.0,59.0,-45.0,5967.0,138.0,60.0,7.331506403882817,61.23437499443838,
8464,630.48285,63.38787924439459,31.39320383988687,108.83534771017365,29.0,0.78215,322.0,48.0,173.0,1149.0,32.0,252.0,140.0,398.0,27.225976302159456,118,3,53,56,234.0,-33.0,68.0,71.0,171.0,40.0,-63.0,5951.0,119.0,5.0,7.322363007913354,61.23229166110523,
8465,527.0627,74.4764245778969,33.26932792961601,105.0227164717147,29.0,0.79705,296.0,44.0,158.0,1070.0,34.0,232.0,134.0,380.0,28.16088534471266,108,9,52,56,236.0,-17.0,69.0,89.0,189.0,57.0,-47.0,5965.0,136.0,58.0,7.32669192485547,61.23229166110523,
8466,379.12613,91.07848390088435,38.31700471688732,68.94048198040558,29.0,0.7965,296.0,44.0,158.0,1070.0,34.0,232.0,134.0,380.0,38.72860881890663,119,8,51,58,236.0,-17.0,69.0,89.0,189.0,57.0,-47.0,5965.0,136.0,58.0,7.331020841797518,61.23229166110523,
8467,779.01306,95.4431926555482,33.10049609070614,84.90693738873257,29.0,0.73565,322.0,48.0,173.0,1149.0,32.0,252.0,140.0,398.0,32.76105703000433,109,5,52,56,234.0,-33.0,68.0,71.0,171.0,40.0,-63.0,5951.0,119.0,5.0,7.317549462922027,61.23020832777209,
8468,650.6476,114.26858376990236,35.49177111751357,101.57085609805394,29.0,0.78475,322.0,48.0,173.0,1149.0,32.0,252.0,140.0,398.0,31.178097293215515,105,5,52,56,234.0,-33.0,68.0,71.0,171.0,40.0,-63.0,5951.0,119.0,5.0,7.3218780931867995,61.23020832777209,
8469,516.57135,117.23630609996196,42.252916484280945,90.8855693839318,29.0,0.79175,296.0,44.0,158.0,1070.0,34.0,232.0,134.0,380.0,34.80446671797278,105,7,52,59,236.0,-17.0,69.0,89.0,189.0,57.0,-47.0,5965.0,136.0,58.0,7.326206723451572,61.23020832777209,
8470,374.39435,110.29827054940243,41.50913631974005,83.07716448761765,29.0,0.78885,296.0,44.0,158.0,1070.0,34.0,232.0,134.0,380.0,36.464486584575155,120,8,52,59,236.0,-17.0,69.0,89.0,189.0,57.0,-47.0,5965.0,136.0,58.0,7.330535353716276,61.23020832777209,
8471,782.36017,87.49335961572851,30.993082260322108,84.90360398785005,29.0,0.7511,322.0,48.0,173.0,1149.0,32.0,252.0,140.0,398.0,32.516392865315765,97,3,52,56,234.0,-33.0,68.0,71.0,171.0,40.0,-63.0,5951.0,119.0,5.0,7.317064908729817,61.22812499443895,
8472,611.33075,85.72648885955067,40.67276776854361,76.7235756132786,29.0,0.799,322.0,48.0,173.0,1149.0,32.0,252.0,140.0,398.0,37.188118921743744,102,4,52,57,234.0,-33.0,68.0,71.0,171.0,40.0,-63.0,5951.0,119.0,5.0,7.321393252360936,61.22812499443895,
8473,467.19675,76.58049745294625,42.114753505497625,100.01211804926126,29.0,0.8068,296.0,44.0,158.0,1070.0,34.0,232.0,134.0,380.0,34.10685717845696,105,5,53,57,236.0,-17.0,69.0,89.0,189.0,57.0,-47.0,5965.0,136.0,58.0,7.325721595992056,61.22812499443895,
8474,342.03043,74.90697608691848,37.600899782393235,96.5324546088786,29.0,0.7972,296.0,44.0,158.0,1070.0,34.0,232.0,134.0,380.0,33.14561381955635,120,8,53,58,236.0,-17.0,69.0,89.0,189.0,57.0,-47.0,5965.0,136.0,58.0,7.330049939623105,61.22812499443895,
8475,691.1021,57.190496479784954,44.50854147936104,94.128422006061,29.0,0.7788,322.0,48.0,173.0,1149.0,32.0,252.0,140.0,398.0,35.56698036852631,109,4,52,58,234.0,-33.0,68.0,71.0,171.0,40.0,-63.0,5951.0,119.0,5.0,7.320908485419802,61.226041661105796,
8476,554.8858,73.03095397671302,39.2141707696389,84.71016986856334,29.0,0.8111,296.0,44.0,158.0,1070.0,34.0,232.0,134.0,380.0,34.360504417897204,107,5,53,58,236.0,-17.0,69.0,89.0,189.0,57.0,-47.0,5965.0,136.0,58.0,7.325236542460947,61.226041661105796,
8477,407.99612,74.16137163047873,34.64498442971981,89.03907118156359,29.0,0.821,296.0,44.0,158.0,1070.0,34.0,232.0,134.0,380.0,31.95227743381928,121,7,52,60,236.0,-17.0,69.0,89.0,189.0,57.0,-47.0,5965.0,136.0,58.0,7.329564599502023,61.226041661105796,
8478,609.86664,69.58923231387219,39.53969242843988,87.03778221478595,28.0,0.7938,332.0,50.0,180.0,1181.0,31.0,261.0,142.0,406.0,34.148454779667894,112,6,52,58,235.0,-38.0,68.0,63.0,165.0,34.0,-70.0,5940.0,113.0,0.0,7.324751562842281,61.22395832777264,
8479,471.19278,68.09341769088029,37.96072581782986,89.60900064991851,29.0,0.8174,302.0,45.0,161.0,1089.0,33.0,237.0,136.0,384.0,32.97844854837347,121,5,54,57,235.0,-22.0,69.0,85.0,184.0,53.0,-51.0,5998.0,132.0,54.0,7.329079333337054,61.22395832777264,
8480,330.3508,74.18448047162289,34.12265570838208,88.72634881901504,29.0,0.81545,283.0,42.0,151.0,1035.0,34.0,223.0,132.0,374.0,32.065008279174265,131,6,55,62,235.0,-8.0,69.0,99.0,197.0,66.0,-38.0,5987.0,145.0,67.0,7.333407103831897,61.22395832777264,
8481,191.93121,74.94285031042,33.920211385909745,87.6888533148864,29.0,0.8234,283.0,42.0,151.0,1035.0,34.0,223.0,132.0,374.0,32.268209976754925,134,14,54,63,235.0,-8.0,69.0,99.0,197.0,66.0,-38.0,5987.0,145.0,67.0,7.337734874326738,61.22395832777264,
8482,540.3168,74.3383935382452,39.82474453676837,77.13028089072682,29.0,0.8011,302.0,45.0,161.0,1089.0,33.0,237.0,136.0,384.0,36.631686642258906,121,4,54,57,235.0,-22.0,69.0,85.0,184.0,53.0,-51.0,5998.0,132.0,54.0,7.328594141112233,61.2218749944395,
8483,378.5595,79.77422533087041,34.26384774841997,82.14872985824431,29.0,0.8121,302.0,45.0,161.0,1089.0,33.0,237.0,136.0,384.0,33.766842231475785,130,4,52,63,235.0,-22.0,69.0,85.0,184.0,53.0,-51.0,5998.0,132.0,54.0,7.332921625104433,61.2218749944395,
8484,235.35287,82.25105423010201,30.318953673756543,89.44249443198979,29.0,0.82355,283.0,42.0,151.0,1035.0,34.0,223.0,132.0,374.0,30.67843665734074,144,6,53,64,235.0,-8.0,69.0,99.0,197.0,66.0,-38.0,5987.0,145.0,67.0,7.337249109096632,61.2218749944395,
8485,96.31398,80.27820539944234,31.2326065121294,86.24040686629961,29.0,0.8328,283.0,42.0,151.0,1035.0,34.0,223.0,132.0,374.0,32.06535216984243,148,17,58,62,235.0,-8.0,69.0,99.0,197.0,66.0,-38.0,5987.0,145.0,67.0,7.34157659308883,61.2218749944395,
8486,594.71014,83.36342701895671,37.451910207872054,72.87263847256088,29.0,0.7814,302.0,45.0,161.0,1089.0,33.0,237.0,136.0,384.0,37.21030874912345,117,4,55,55,235.0,-22.0,69.0,85.0,184.0,53.0,-51.0,5998.0,132.0,54.0,7.328109022811588,61.21979166110636,
8487,269.3967,83.71835177015895,30.376765772910655,87.60207792539221,29.0,0.8085,283.0,42.0,151.0,1035.0,34.0,223.0,132.0,374.0,31.257630485928775,126,6,54,64,235.0,-8.0,69.0,99.0,197.0,66.0,-38.0,5987.0,145.0,67.0,7.336763417878006,61.21979166110636,
8488,130.74092,87.83345242084361,30.87745046814075,85.84308657093638,29.0,0.8118,283.0,42.0,151.0,1035.0,34.0,223.0,132.0,374.0,31.997613001935036,140,13,54,61,235.0,-8.0,69.0,99.0,197.0,66.0,-38.0,5987.0,145.0,67.0,7.341090615411216,61.21979166110636,
8489,750.1063,102.55519827021939,28.22377589691806,98.29289761390098,28.0,0.7465,332.0,50.0,180.0,1181.0,31.0,261.0,142.0,406.0,28.79089985122601,111,5,54,57,235.0,-38.0,68.0,63.0,165.0,34.0,-70.0,5940.0,113.0,0.0,7.323297067301365,61.21770832777321,
8490,594.83954,108.61124006127295,38.05042284148011,78.8191725571508,29.0,0.7808,302.0,45.0,161.0,1089.0,33.0,237.0,136.0,384.0,37.01635057765355,118,4,54,58,235.0,-22.0,69.0,85.0,184.0,53.0,-51.0,5998.0,132.0,54.0,7.3276239784191555,61.21770832777321,
8491,431.93494,103.28301699711889,35.722022995901014,79.63867364147026,29.0,0.8108,302.0,45.0,161.0,1089.0,33.0,237.0,136.0,384.0,35.38420750029562,129,5,52,61,235.0,-22.0,69.0,85.0,184.0,53.0,-51.0,5998.0,132.0,54.0,7.331950889537016,61.21770832777321,
8492,280.21613,103.30207764940309,31.645774588439064,85.25126469786525,29.0,0.8085,283.0,42.0,151.0,1035.0,34.0,223.0,132.0,374.0,33.220902446422,127,6,54,61,235.0,-8.0,69.0,99.0,197.0,66.0,-38.0,5987.0,145.0,67.0,7.336277800654877,61.21770832777321,
8493,134.85751,100.47100836493243,31.30304600244787,87.20886658803217,29.0,0.8199,283.0,42.0,151.0,1035.0,34.0,223.0,132.0,374.0,31.93139625638316,129,10,53,63,235.0,-8.0,69.0,99.0,197.0,66.0,-38.0,5987.0,145.0,67.0,7.3406047117727375,61.21770832777321,
8494,614.8202,70.49015646313211,38.16117075880779,80.5997599335051,29.0,0.77025,307.0,46.0,165.0,1105.0,33.0,241.0,137.0,387.0,37.01218220024892,123,7,54,56,237.0,-25.0,69.0,80.0,181.0,49.0,-56.0,5997.0,128.0,50.0,7.32713900791898,61.215624994440056,
8495,454.63666,67.797578664533,38.95999772851597,82.53319821242485,29.0,0.80315,307.0,46.0,165.0,1105.0,33.0,241.0,137.0,387.0,37.56390685458843,123,5,52,60,237.0,-25.0,69.0,80.0,181.0,49.0,-56.0,5997.0,128.0,50.0,7.331465632665124,61.215624994440056,
8496,299.03946,71.29730450734613,36.06771825892548,84.28529563014771,29.0,0.79935,283.0,42.0,151.0,1036.0,35.0,223.0,132.0,375.0,35.9273881085106,122,6,52,61,236.0,-8.0,70.0,99.0,198.0,66.0,-38.0,5992.0,145.0,66.0,7.33579225741127,61.215624994440056,
8497,152.055,81.94213027952703,31.896716651538206,84.12488171413248,29.0,0.7935,283.0,42.0,151.0,1036.0,35.0,223.0,132.0,375.0,33.168700674843116,128,16,53,61,236.0,-8.0,70.0,99.0,198.0,66.0,-38.0,5992.0,145.0,66.0,7.340118882157414,61.215624994440056,
8498,659.65204,98.27415817482739,31.92848874192452,88.95616477766099,29.0,0.77305,307.0,46.0,165.0,1105.0,33.0,241.0,137.0,387.0,31.528275131675088,118,3,54,57,237.0,-25.0,69.0,80.0,181.0,49.0,-56.0,5997.0,128.0,50.0,7.32665411129511,61.21354166110691,
8499,506.31693,94.13737244750203,33.95006691445855,80.960669842297,29.0,0.7937,307.0,46.0,165.0,1105.0,33.0,241.0,137.0,387.0,33.779627419509325,111,5,57,58,237.0,-25.0,69.0,80.0,181.0,49.0,-56.0,5997.0,128.0,50.0,7.330980449713163,61.21354166110691,
8500,338.7968,93.30693395566028,35.993582359425844,74.14537708359327,29.0,0.7923,283.0,42.0,151.0,1036.0,35.0,223.0,132.0,375.0,36.482237159099256,125,5,56,60,236.0,-8.0,70.0,99.0,198.0,66.0,-38.0,5992.0,145.0,66.0,7.335306788131215,61.21354166110691,
8501,180.62686,86.36099885909877,31.388836483803008,83.52660912467996,29.0,0.7759,283.0,42.0,151.0,1036.0,35.0,223.0,132.0,375.0,33.17326569139406,130,11,52,61,236.0,-8.0,70.0,99.0,198.0,66.0,-38.0,5992.0,145.0,66.0,7.339633126549268,61.21354166110691,
8502,725.21844,161.94877926153902,19.21656405090864,163.0596058401591,28.0,0.76115,338.0,52.0,185.0,1203.0,30.0,266.0,144.0,412.0,13.90610429488439,110,4,53,57,235.0,-43.0,67.0,59.0,161.0,30.0,-74.0,5980.0,110.0,-4.0,7.321843236398093,61.21145832777376,
8503,657.1925,85.1083338997663,27.94488119785792,101.43231643284462,29.0,0.78435,307.0,46.0,165.0,1105.0,33.0,241.0,137.0,387.0,26.842776359491165,121,4,53,57,237.0,-25.0,69.0,80.0,181.0,49.0,-56.0,5997.0,128.0,50.0,7.326169288531597,61.21145832777376,
8504,514.7089,87.44782216931203,34.51111110962391,80.2801762796083,29.0,0.8089,307.0,46.0,165.0,1105.0,33.0,241.0,137.0,387.0,34.555158494892346,115,7,53,58,237.0,-25.0,69.0,80.0,181.0,49.0,-56.0,5997.0,128.0,50.0,7.3304953406651725,61.21145832777376,
8505,362.28613,75.59898458106409,37.72882912208581,85.19368291222919,29.0,0.8077,283.0,42.0,151.0,1036.0,35.0,223.0,132.0,375.0,34.579192488581036,118,7,58,59,236.0,-8.0,70.0,99.0,198.0,66.0,-38.0,5992.0,145.0,66.0,7.334821392798748,61.21145832777376,
8506,221.76099,70.50343583387172,33.59356780586763,93.03348490314967,29.0,0.8259,283.0,42.0,151.0,1036.0,35.0,223.0,132.0,375.0,31.25291532472713,125,9,53,61,236.0,-8.0,70.0,99.0,198.0,66.0,-38.0,5992.0,145.0,66.0,7.339147444932322,61.21145832777376,
8507,756.1801,226.79792640116528,10.930993307652408,189.11973131939885,28.0,0.7531,338.0,52.0,185.0,1203.0,30.0,266.0,144.0,412.0,9.255583650029005,113,4,55,58,235.0,-43.0,67.0,59.0,161.0,30.0,-74.0,5980.0,110.0,-4.0,7.321358773719868,61.20937499444062,
8508,705.16095,68.261644953779,29.394836740221265,109.00384220906233,29.0,0.7644,307.0,46.0,165.0,1105.0,33.0,241.0,137.0,387.0,26.476236002414296,132,4,55,56,237.0,-25.0,69.0,80.0,181.0,49.0,-56.0,5997.0,128.0,50.0,7.3256845396125,61.20937499444062,
8509,442.03778,68.60734225243436,43.83269615146516,79.3158658272965,29.0,0.8156,283.0,42.0,151.0,1036.0,35.0,223.0,132.0,375.0,37.46533975270458,99,6,59,58,236.0,-8.0,70.0,99.0,198.0,66.0,-38.0,5992.0,145.0,66.0,7.334336071397904,61.20937499444062,
8510,279.15515,72.33217854246907,38.460846255662666,83.37017216576598,29.0,0.8441,283.0,42.0,151.0,1036.0,35.0,223.0,132.0,375.0,34.43436369147082,111,12,54,59,236.0,-8.0,70.0,99.0,198.0,66.0,-38.0,5992.0,145.0,66.0,7.338661837290606,61.20937499444062,
8511,756.3078,48.22766140700179,18.147961447201038,153.9394778300562,28.0,0.7576,328.0,50.0,179.0,1171.0,31.0,259.0,141.0,402.0,13.127608110923818,133,4,54,57,237.0,-39.0,68.0,64.0,167.0,35.0,-70.0,5990.0,114.0,0.0,7.325199864521875,61.207291661107476,
8512,673.79877,65.04437621287299,36.14438051393087,97.75616955117589,28.0,0.7784,328.0,50.0,179.0,1171.0,31.0,259.0,141.0,402.0,30.591142762869897,128,3,57,59,237.0,-39.0,68.0,64.0,167.0,35.0,-70.0,5990.0,114.0,0.0,7.329525344217298,61.207291661107476,
8513,526.28564,67.4043780832881,45.167068682322956,79.95032868697626,29.0,0.801,298.0,45.0,161.0,1080.0,33.0,235.0,135.0,382.0,37.266054700193614,117,5,59,58,237.0,-21.0,69.0,87.0,186.0,54.0,-51.0,6004.0,133.0,55.0,7.333850823912722,61.207291661107476,
8514,357.70493,69.12626480474113,44.17604947721877,77.63048619068208,29.0,0.8059,298.0,45.0,161.0,1080.0,33.0,235.0,135.0,382.0,37.639687461096266,109,5,53,61,237.0,-21.0,69.0,87.0,186.0,54.0,-51.0,6004.0,133.0,55.0,7.338176303608145,61.207291661107476,
8515,204.89522,68.44078275375354,39.68086183349647,87.5656935218961,29.0,0.8138,282.0,42.0,151.0,1031.0,35.0,223.0,131.0,372.0,33.720871519169904,106,11,57,60,237.0,-9.0,70.0,99.0,198.0,66.0,-39.0,6011.0,145.0,66.0,7.342501783303567,61.207291661107476,
8516,65.04184,64.2450592052733,32.36517122978927,102.81291481309184,29.0,0.8095,282.0,42.0,151.0,1031.0,35.0,223.0,131.0,372.0,28.653248422058756,142,8,56,59,237.0,-9.0,70.0,99.0,198.0,66.0,-39.0,6011.0,145.0,66.0,7.346827262998992,61.207291661107476,
8517,778.38007,112.69179989057628,10.583704705339857,157.58741873601005,28.0,0.7375,349.0,54.0,193.0,1239.0,30.0,277.0,146.0,420.0,9.699941091210675,128,4,54,59,234.0,-48.0,67.0,52.0,154.0,24.0,-80.0,5938.0,103.0,-10.0,7.324715263243789,61.20520832777432,
8518,725.0162,84.08568725516758,21.986814623235798,115.84348231503988,28.0,0.7721,328.0,50.0,179.0,1171.0,31.0,259.0,141.0,402.0,22.328493867023397,134,4,56,57,237.0,-39.0,68.0,64.0,167.0,35.0,-70.0,5990.0,114.0,0.0,7.32904045678552,61.20520832777432,
8519,599.3208,73.30281573374708,35.01116610993321,90.77262288912844,29.0,0.7954,298.0,45.0,161.0,1080.0,33.0,235.0,135.0,382.0,31.56741288788212,122,6,61,59,237.0,-21.0,69.0,87.0,186.0,54.0,-51.0,6004.0,133.0,55.0,7.33336565032725,61.20520832777432,
8520,440.65744,68.84582573130996,44.20069498357788,77.50006332381133,29.0,0.7847,298.0,45.0,161.0,1080.0,33.0,235.0,135.0,382.0,37.77237841440408,113,7,56,60,237.0,-21.0,69.0,87.0,186.0,54.0,-51.0,6004.0,133.0,55.0,7.337690843868981,61.20520832777432,
8521,281.47305,69.71563554833061,41.97184631445108,80.72397445000472,29.0,0.8015,282.0,42.0,151.0,1031.0,35.0,223.0,131.0,372.0,36.179941860994774,105,12,56,62,237.0,-9.0,70.0,99.0,198.0,66.0,-39.0,6011.0,145.0,66.0,7.342016037410714,61.20520832777432,
8522,130.26044,65.87416430823707,37.73674956257619,94.34265480215565,29.0,0.813,282.0,42.0,151.0,1031.0,35.0,223.0,131.0,372.0,31.580489782448996,125,12,52,61,237.0,-9.0,70.0,99.0,198.0,66.0,-39.0,6011.0,145.0,66.0,7.3463412309524445,61.20520832777432,
8523,759.04486,138.87657199778562,18.734629060889933,149.3927754709693,28.0,0.7397,349.0,54.0,193.0,1239.0,30.0,277.0,146.0,420.0,14.513113288242637,126,3,54,59,234.0,-48.0,67.0,52.0,154.0,24.0,-80.0,5938.0,103.0,-10.0,7.324230735762315,61.20312499444118,
8524,727.64575,140.69027276817343,15.545017385870706,153.17137566447843,28.0,0.76335,328.0,50.0,179.0,1171.0,31.0,259.0,141.0,402.0,13.996037937202447,125,4,56,57,237.0,-39.0,68.0,64.0,167.0,35.0,-70.0,5990.0,114.0,0.0,7.3285556431939325,61.20312499444118,
8525,647.6201,71.50379135672347,26.45385473136714,109.70195926239637,28.0,0.79775,328.0,50.0,179.0,1171.0,31.0,259.0,141.0,402.0,24.90723536595603,131,3,57,59,237.0,-39.0,68.0,64.0,167.0,35.0,-70.0,5990.0,114.0,0.0,7.332880550625546,61.20312499444118,
8526,518.97797,67.33881997776224,44.56832238755844,81.66071597922961,29.0,0.79805,298.0,45.0,161.0,1080.0,33.0,235.0,135.0,382.0,36.62619754604957,121,5,58,59,237.0,-21.0,69.0,87.0,186.0,54.0,-51.0,6004.0,133.0,55.0,7.337205458057162,61.20312499444118,
8527,364.02945,62.9234228311811,45.682742459156096,84.4838091425082,29.0,0.79355,298.0,45.0,161.0,1080.0,33.0,235.0,135.0,382.0,36.927437361028865,119,14,58,61,237.0,-21.0,69.0,87.0,186.0,54.0,-51.0,6004.0,133.0,55.0,7.341530365488777,61.20312499444118,
8528,210.32535,61.91437178429824,43.168000277297025,90.12901400373934,29.0,0.8104,282.0,42.0,151.0,1031.0,35.0,223.0,131.0,372.0,34.63280250174734,127,13,50,59,237.0,-9.0,70.0,99.0,198.0,66.0,-39.0,6011.0,145.0,66.0,7.3458552729203905,61.20312499444118,
8529,689.1034,141.99887643503274,17.90977020281305,161.37941826693267,28.0,0.7811,328.0,50.0,179.0,1171.0,31.0,259.0,141.0,402.0,12.537543044361929,137,5,56,57,237.0,-39.0,68.0,64.0,167.0,35.0,-70.0,5990.0,114.0,0.0,7.332395524791663,61.201041661108036,
8530,619.03625,51.46215380121405,44.39581486434401,104.87324675344111,29.0,0.8,298.0,45.0,161.0,1080.0,33.0,235.0,135.0,382.0,32.40050882715133,125,6,56,60,237.0,-21.0,69.0,87.0,186.0,54.0,-51.0,6004.0,133.0,55.0,7.336720146156728,61.201041661108036,
8531,465.15677,63.63370451448399,49.69968698679282,78.31586518166253,29.0,0.7962,298.0,45.0,161.0,1080.0,33.0,235.0,135.0,382.0,39.36564895817535,123,5,53,59,237.0,-21.0,69.0,87.0,186.0,54.0,-51.0,6004.0,133.0,55.0,7.341044767521795,61.201041661108036,
8532,296.95776,71.04934899495544,40.60066456307045,83.54148506074897,29.0,0.7835,282.0,42.0,151.0,1031.0,35.0,223.0,131.0,372.0,35.07069549876924,126,11,59,59,237.0,-9.0,70.0,99.0,198.0,66.0,-39.0,6011.0,145.0,66.0,7.34536938888686,61.201041661108036,
8533,139.94345,79.21307467003082,39.767641619495066,72.53830390670242,29.0,0.7213,282.0,42.0,151.0,1031.0,35.0,223.0,131.0,372.0,38.05138466280532,123,13,54,57,237.0,-9.0,70.0,99.0,198.0,66.0,-39.0,6011.0,145.0,66.0,7.349694010251926,61.201041661108036,
8534,725.7465,212.00586759077152,21.153589384525244,186.35290524955707,28.0,0.7536,344.0,53.0,190.0,1224.0,30.0,274.0,145.0,416.0,13.597601141345057,132,2,53,62,235.0,-47.0,67.0,54.0,156.0,25.0,-79.0,5966.0,105.0,-8.0,7.3319105728096545,61.19895832777489,
8535,705.349,85.221653794222,34.68215170588427,120.83056758379975,28.0,0.768,311.0,47.0,169.0,1120.0,32.0,246.0,137.0,389.0,27.312399348632006,124,3,54,59,238.0,-30.0,69.0,75.0,177.0,44.0,-61.0,6027.0,124.0,46.0,7.336234908151728,61.19895832777489,
8536,545.292,81.26238718717354,44.79855834239825,67.78007484480644,28.0,0.76715,311.0,47.0,169.0,1120.0,32.0,246.0,137.0,389.0,40.18024389265243,125,4,55,60,238.0,-30.0,69.0,75.0,177.0,44.0,-61.0,6027.0,124.0,46.0,7.340559243493804,61.19895832777489,
8537,340.71622,90.13343668392592,40.98792694179138,63.695554263128024,29.0,0.7644,286.0,43.0,154.0,1045.0,34.0,226.0,132.0,375.0,40.54826583349331,129,9,59,58,237.0,-13.0,70.0,95.0,194.0,62.0,-43.0,6014.0,141.0,62.0,7.344883578835878,61.19895832777489,
8538,159.6383,93.84016507640804,36.6692975668436,71.72676384679058,29.0,0.7341,286.0,43.0,154.0,1045.0,34.0,226.0,132.0,375.0,37.264982421545795,111,15,55,60,237.0,-13.0,70.0,95.0,194.0,62.0,-43.0,6014.0,141.0,62.0,7.349207914177952,61.19895832777489,
8539,770.5157,301.4484940092471,16.980288151027697,201.45649436677786,28.0,0.73,344.0,53.0,190.0,1224.0,30.0,274.0,145.0,416.0,12.60773906572275,132,1,51,62,235.0,-47.0,67.0,54.0,156.0,25.0,-79.0,5966.0,105.0,-8.0,7.331425694663594,61.196874994441735,
8540,736.9057,107.40049455686164,32.462735596071425,101.73868797732277,28.0,0.7501,311.0,47.0,169.0,1120.0,32.0,246.0,137.0,389.0,29.466913381648727,125,5,55,59,238.0,-30.0,69.0,75.0,177.0,44.0,-61.0,6027.0,124.0,46.0,7.335749744026224,61.196874994441735,
8541,548.33026,106.49276894295934,46.88890606950575,67.55981518109756,28.0,0.7654,311.0,47.0,169.0,1120.0,32.0,246.0,137.0,389.0,41.33868279974163,126,5,53,58,238.0,-30.0,69.0,75.0,177.0,44.0,-61.0,6027.0,124.0,46.0,7.340073793388855,61.196874994441735,
8542,353.60953,93.36021482803866,41.99640693370971,67.14519902143283,29.0,0.7724,286.0,43.0,154.0,1045.0,34.0,226.0,132.0,375.0,39.51096518514352,127,4,56,55,237.0,-13.0,70.0,95.0,194.0,62.0,-43.0,6014.0,141.0,62.0,7.344397842751487,61.196874994441735,
8543,175.54866,86.65665071684357,37.00594169476199,74.9536754571704,29.0,0.7755,286.0,43.0,154.0,1045.0,34.0,226.0,132.0,375.0,36.29563818341195,103,23,56,61,237.0,-13.0,70.0,95.0,194.0,62.0,-43.0,6014.0,141.0,62.0,7.348721892114117,61.196874994441735,
8544,32.761955,59.0590744547925,26.965175797833798,109.39614723876356,29.0,0.69165,279.0,42.0,151.0,1026.0,34.0,222.0,131.0,371.0,25.773668096761934,124,18,56,57,237.0,-9.0,70.0,99.0,198.0,66.0,-39.0,6027.0,145.0,66.0,7.353045941476749,61.196874994441735,
8545,720.9477,110.15970828803003,29.79759357729304,105.69429288552354,28.0,0.7639,311.0,47.0,169.0,1120.0,32.0,246.0,137.0,389.0,28.229546396568534,135,3,50,59,238.0,-30.0,69.0,75.0,177.0,44.0,-61.0,6027.0,124.0,46.0,7.335264653764277,61.194791661108596,
8546,569.51025,60.09034972337567,50.47515935025198,88.40027880353257,28.0,0.8017,311.0,47.0,169.0,1120.0,32.0,246.0,137.0,389.0,39.03943029760857,125,3,51,58,238.0,-30.0,69.0,75.0,177.0,44.0,-61.0,6027.0,124.0,46.0,7.339588417191004,61.194791661108596,
8547,415.889,57.191715820712744,58.637796867692565,81.98586609101183,29.0,0.7919,286.0,43.0,154.0,1045.0,34.0,226.0,132.0,375.0,42.35541151955017,112,10,54,59,237.0,-13.0,70.0,95.0,194.0,62.0,-43.0,6014.0,141.0,62.0,7.343912180617731,61.194791661108596,
8548,257.29068,44.19316462768772,62.46909226082777,102.98977948536628,29.0,0.7824,286.0,43.0,154.0,1045.0,34.0,226.0,132.0,375.0,39.772190935041586,120,14,55,59,237.0,-13.0,70.0,95.0,194.0,62.0,-43.0,6014.0,141.0,62.0,7.348235944044458,61.194791661108596,
8549,118.423096,49.165649857921295,56.151383003220616,97.27812776569617,29.0,0.781,279.0,42.0,151.0,1026.0,34.0,222.0,131.0,371.0,37.70723323606745,83,28,51,59,237.0,-9.0,70.0,99.0,198.0,66.0,-39.0,6027.0,145.0,66.0,7.352559707471184,61.194791661108596,
8550,697.32153,161.51328477949275,16.59383623665266,168.96751327393963,28.0,0.75,311.0,47.0,169.0,1120.0,32.0,246.0,137.0,389.0,10.765793837699116,132,4,51,61,238.0,-30.0,69.0,75.0,177.0,44.0,-61.0,6027.0,124.0,46.0,7.334779637349951,61.192708327775456,
8551,670.49475,102.20310286158539,28.911091725015336,150.06915627588756,28.0,0.777,311.0,47.0,169.0,1120.0,32.0,246.0,137.0,389.0,18.244927708337457,127,4,52,61,238.0,-30.0,69.0,75.0,177.0,44.0,-61.0,6027.0,124.0,46.0,7.339103114884303,61.192708327775456,
8552,565.61676,45.781881492129315,66.47162641074091,93.82049426162453,29.0,0.7965,286.0,43.0,154.0,1045.0,34.0,226.0,132.0,375.0,43.146524092755236,127,7,52,62,237.0,-13.0,70.0,95.0,194.0,62.0,-43.0,6014.0,141.0,62.0,7.343426592418654,61.192708327775456,
8553,421.97424,65.33654916349727,75.12495855072314,102.94686489911992,29.0,0.8,286.0,43.0,154.0,1045.0,34.0,226.0,132.0,375.0,44.27806999394527,117,10,52,60,237.0,-13.0,70.0,95.0,194.0,62.0,-43.0,6014.0,141.0,62.0,7.347750069953006,61.192708327775456,
8554,262.08514,42.62712657249745,69.44837684686622,101.61533764666459,29.0,0.7966,279.0,42.0,151.0,1026.0,34.0,222.0,131.0,371.0,41.03899543802032,110,37,56,56,237.0,-9.0,70.0,99.0,198.0,66.0,-39.0,6027.0,145.0,66.0,7.3520735474873575,61.192708327775456,
8555,139.61768,37.26689517641601,65.01063263249283,114.03202469855583,29.0,0.80565,279.0,42.0,151.0,1026.0,34.0,222.0,131.0,371.0,37.58091684998241,90,25,52,61,237.0,-9.0,70.0,99.0,198.0,66.0,-39.0,6027.0,145.0,66.0,7.3563970250217094,61.192708327775456,
8556,588.9314,119.52646054653988,57.004385393855515,124.68414532489344,28.0,0.77025,332.0,51.0,184.0,1189.0,30.0,266.0,142.0,405.0,36.83213952114188,129,6,52,58,236.0,-45.0,68.0,57.0,160.0,28.0,-76.0,5985.0,108.0,-6.0,7.3472642698238,61.1906249944423,
8557,306.94937,29.071900742607028,82.06326206087444,123.52500257460166,28.0,0.8146,301.0,45.0,163.0,1090.0,33.0,240.0,135.0,382.0,41.99353718764108,102,17,54,59,239.0,-27.0,69.0,80.0,181.0,48.0,-58.0,6064.0,128.0,49.0,7.355910653194794,61.1906249944423,
8558,172.21252,48.941835422251216,66.57790521756813,89.20385805557756,29.0,0.81065,279.0,42.0,151.0,1026.0,34.0,223.0,131.0,370.0,42.40554320607904,107,17,53,59,237.0,-11.0,70.0,97.0,196.0,64.0,-41.0,6030.0,143.0,64.0,7.360233844880221,61.1906249944423,
8559,39.304993,40.937950835469614,38.14181861892481,112.74367673586093,29.0,0.7501,279.0,42.0,151.0,1026.0,34.0,223.0,131.0,370.0,30.007767430795354,122,20,54,60,237.0,-11.0,70.0,97.0,196.0,64.0,-41.0,6030.0,143.0,64.0,7.364557036565718,61.1906249944423,
8560,671.5013,177.88297440121053,61.27869135983458,172.69639543327233,28.0,0.7286,301.0,45.0,163.0,1090.0,33.0,240.0,135.0,382.0,30.148958178754068,120,11,55,55,239.0,-27.0,69.0,80.0,181.0,48.0,-58.0,6064.0,128.0,49.0,7.351101449521045,61.18854166110915,
8561,312.09738,63.55918368083619,59.828030794116756,74.8074348277513,29.0,0.7784,279.0,42.0,151.0,1026.0,34.0,223.0,131.0,370.0,42.50140577937595,111,15,51,60,237.0,-11.0,70.0,97.0,196.0,64.0,-41.0,6030.0,143.0,64.0,7.359747261281279,61.18854166110915,
8562,43.677013,308.0454054022056,45.53076967563527,242.39189628402235,28.0,0.646,260.0,39.0,147.0,971.0,32.0,226.0,119.0,338.0,31.907515363849974,132,30,54,54,246.0,-34.0,71.0,37.0,181.0,44.0,-65.0,6253.0,127.0,45.0,7.511048967086328,61.18854166110915,
8563,163.60333,322.9650084293253,70.42600512090087,245.81772040224115,28.0,0.6955,260.0,39.0,147.0,971.0,32.0,226.0,119.0,338.0,40.21875813928615,96,20,51,58,246.0,-34.0,71.0,37.0,181.0,44.0,-65.0,6253.0,127.0,45.0,7.5153718729664805,61.18854166110915,
8564,289.22113,324.3918410256191,79.54837525330161,247.49703369393228,28.0,0.7375,266.0,40.0,152.0,992.0,31.0,233.0,120.0,341.0,44.93931668192387,103,18,56,56,246.0,-41.0,71.0,28.0,173.0,37.0,-73.0,6248.0,119.0,38.0,7.519694778846632,61.18854166110915,
8565,405.4246,322.87486336031077,77.86273000728019,224.59873084951153,28.0,0.749,266.0,40.0,152.0,992.0,31.0,233.0,120.0,341.0,39.91910063429143,136,17,55,56,246.0,-41.0,71.0,28.0,173.0,37.0,-73.0,6248.0,119.0,38.0,7.524017684726784,61.18854166110915,
8566,616.3109,136.06218303081403,53.51150485519446,147.934784178755,28.0,0.7429,301.0,45.0,163.0,1090.0,33.0,240.0,135.0,382.0,34.20992569472691,123,4,56,57,239.0,-27.0,69.0,80.0,181.0,48.0,-58.0,6064.0,128.0,49.0,7.354938131624948,61.186458327775995,
8567,145.08742,297.7401916106334,45.6669036535353,250.3925475912648,28.0,0.7184,260.0,39.0,147.0,971.0,32.0,226.0,119.0,338.0,37.528061536515374,145,11,57,54,246.0,-34.0,71.0,37.0,181.0,44.0,-65.0,6253.0,127.0,45.0,7.510552455883725,61.186458327775995,
8568,279.354,279.1658253711622,48.80395267949896,247.78361576266067,28.0,0.69425,260.0,39.0,147.0,971.0,32.0,226.0,119.0,338.0,34.675084756400764,150,5,56,58,246.0,-34.0,71.0,37.0,181.0,44.0,-65.0,6253.0,127.0,45.0,7.514875076002034,61.186458327775995,
8569,389.8279,268.01406573693265,44.420659546585505,247.79137282814588,28.0,0.70715,266.0,40.0,152.0,992.0,31.0,233.0,120.0,341.0,30.96263551395581,139,14,57,57,246.0,-41.0,71.0,28.0,173.0,37.0,-73.0,6248.0,119.0,38.0,7.519197696120343,61.186458327775995,
8570,455.03436,212.10152133013884,18.677485307225766,192.13145514215208,28.0,0.74505,266.0,40.0,152.0,992.0,31.0,233.0,120.0,341.0,10.39300843603841,147,7,55,61,246.0,-41.0,71.0,28.0,173.0,37.0,-73.0,6248.0,119.0,38.0,7.523520316238651,61.186458327775995,
8571,465.37845,193.979234436287,9.063147841724154,184.88156036621035,28.0,0.76425,265.0,40.0,152.0,991.0,31.0,234.0,120.0,340.0,8.116795220607523,144,6,55,59,247.0,-42.0,71.0,27.0,173.0,36.0,-74.0,6275.0,119.0,38.0,7.5278429363569614,61.186458327775995,
8572,468.7548,250.58060899658585,15.176496385002645,191.04744971192213,28.0,0.7728,265.0,40.0,152.0,991.0,31.0,234.0,120.0,340.0,6.872013662540544,142,7,57,56,247.0,-42.0,71.0,27.0,173.0,36.0,-74.0,6275.0,119.0,38.0,7.53216555647527,61.186458327775995,
8573,498.84106,316.2145590975115,31.931679479956138,210.86964573670372,28.0,0.8035,268.0,41.0,155.0,1002.0,30.0,238.0,120.0,341.0,17.583069897069336,116,6,57,53,246.0,-46.0,71.0,22.0,168.0,31.0,-78.0,6241.0,114.0,33.0,7.53648817659358,61.186458327775995,
8574,113.3208,324.17287968398534,61.578471311904046,241.9325144964337,29.0,0.733,244.0,37.0,137.0,925.0,34.0,209.0,118.0,335.0,37.57762899979791,100,26,58,55,244.0,-13.0,72.0,61.0,201.0,65.0,-43.0,6182.0,146.0,64.0,7.497089017048415,61.184374994442855,
8575,197.84955,233.83264628378933,72.62983628258985,196.15767517113218,29.0,0.74725,250.0,37.0,140.0,940.0,33.0,215.0,118.0,335.0,37.64326710317987,128,22,50,51,245.0,-21.0,72.0,51.0,193.0,56.0,-52.0,6219.0,138.0,56.0,7.501411351448373,61.184374994442855,
8576,146.48215,55.88661935864775,67.0994139554671,135.30363830038243,29.0,0.7528,250.0,37.0,140.0,940.0,33.0,215.0,118.0,335.0,37.921302850725425,90,23,54,53,245.0,-21.0,72.0,51.0,193.0,56.0,-52.0,6219.0,138.0,56.0,7.505733685848261,61.184374994442855,
8577,140.40178,200.56798716527877,35.440984024168536,213.30492614847387,28.0,0.7345,260.0,39.0,147.0,971.0,32.0,226.0,119.0,338.0,31.204647845724914,126,5,62,54,246.0,-34.0,71.0,37.0,181.0,44.0,-65.0,6253.0,127.0,45.0,7.510056020248218,61.184374994442855,
8578,191.3323,202.6335774947741,42.06053693083898,212.94916478067785,28.0,0.70405,260.0,39.0,147.0,971.0,32.0,226.0,119.0,338.0,35.37516132924471,144,8,60,54,246.0,-34.0,71.0,37.0,181.0,44.0,-65.0,6253.0,127.0,45.0,7.5143783546481755,61.184374994442855,
8579,293.58487,239.30025474260825,47.60302239583294,253.64448472331287,28.0,0.6767,266.0,40.0,152.0,992.0,31.0,233.0,120.0,341.0,37.89006255065014,141,6,59,61,246.0,-41.0,71.0,28.0,173.0,37.0,-73.0,6248.0,119.0,38.0,7.518700689048132,61.184374994442855,
8580,419.7894,247.2324551377827,30.406078119690086,232.1635746432819,28.0,0.72485,266.0,40.0,152.0,992.0,31.0,233.0,120.0,341.0,21.764750388729386,151,6,55,60,246.0,-41.0,71.0,28.0,173.0,37.0,-73.0,6248.0,119.0,38.0,7.523023023448091,61.184374994442855,
8581,467.6022,255.9794693347738,15.662362058834603,201.25805130840885,28.0,0.75135,265.0,40.0,152.0,991.0,31.0,234.0,120.0,340.0,11.2942115826836,146,5,55,60,247.0,-42.0,71.0,27.0,173.0,36.0,-74.0,6275.0,119.0,38.0,7.527345357848049,61.184374994442855,
8582,491.2265,322.6231746391344,20.926096884344936,203.24604331749097,28.0,0.7625,265.0,40.0,152.0,991.0,31.0,234.0,120.0,340.0,14.534721633953078,151,7,56,59,247.0,-42.0,71.0,27.0,173.0,36.0,-74.0,6275.0,119.0,38.0,7.531667692248007,61.184374994442855,
8583,538.94653,311.28663731342965,22.125889281232677,220.2699861073304,28.0,0.7704,268.0,41.0,155.0,1002.0,30.0,238.0,120.0,341.0,17.703106671406893,146,6,54,57,246.0,-46.0,71.0,22.0,168.0,31.0,-78.0,6241.0,114.0,33.0,7.535990026647964,61.184374994442855,
8584,598.21185,304.0794109776844,20.705211880942002,219.7550996478398,28.0,0.75695,268.0,41.0,155.0,1002.0,30.0,238.0,120.0,341.0,15.47500941353198,146,8,58,56,246.0,-46.0,71.0,22.0,168.0,31.0,-78.0,6241.0,114.0,33.0,7.540312361047921,61.184374994442855,
8585,648.87897,280.56062216114526,23.106502530126516,224.93975025784047,28.0,0.73665,274.0,42.0,160.0,1022.0,29.0,244.0,121.0,344.0,15.842878722724311,138,6,57,58,247.0,-52.0,70.0,16.0,163.0,26.0,-84.0,6273.0,109.0,29.0,7.54463469544781,61.184374994442855,
8586,726.77844,254.4122756781538,26.543447376627995,245.1878135386614,28.0,0.72025,274.0,42.0,160.0,1022.0,29.0,244.0,121.0,344.0,24.996547401093807,131,6,58,61,247.0,-52.0,70.0,16.0,163.0,26.0,-84.0,6273.0,109.0,29.0,7.548957029847767,61.184374994442855,
8587,820.7198,269.8516464243425,42.02302405486285,231.2012644575634,28.0,0.6645,276.0,43.0,163.0,1031.0,29.0,247.0,122.0,345.0,29.548081015123902,137,6,61,59,246.0,-53.0,70.0,12.0,160.0,23.0,-86.0,6246.0,106.0,26.0,7.553279364247723,61.184374994442855,
8588,229.86777,310.45545315111593,52.07038446945947,250.595800514754,28.0,0.7629,280.0,43.0,162.0,1039.0,30.0,243.0,125.0,354.0,34.53666737532732,126,22,51,55,246.0,-46.0,70.0,22.0,168.0,31.0,-78.0,6230.0,114.0,34.0,7.496593513988311,61.182291661109716,
8589,339.49014,325.6925128211931,56.52670845666205,228.5961825107321,28.0,0.7735,278.0,42.0,159.0,1030.0,31.0,242.0,124.0,351.0,33.09399262367371,117,7,55,54,245.0,-45.0,70.0,22.0,168.0,32.0,-77.0,6209.0,114.0,34.0,7.500915562713401,61.182291661109716,
8590,334.42752,91.02949801468988,72.608924025329,115.08348616455514,28.0,0.7757,278.0,42.0,159.0,1030.0,31.0,242.0,124.0,351.0,42.72759637161583,104,13,54,54,245.0,-45.0,70.0,22.0,168.0,32.0,-77.0,6209.0,114.0,34.0,7.505237611438419,61.182291661109716,
8591,252.66258,252.60956810659235,76.27130433086785,190.913694161859,28.0,0.7788,268.0,40.0,153.0,999.0,31.0,234.0,121.0,344.0,38.566389560278196,126,14,58,52,247.0,-40.0,71.0,29.0,175.0,37.0,-72.0,6252.0,120.0,39.0,7.509559660163508,61.182291661109716,
8592,256.35745,133.41713381226683,63.1296606820072,146.21079716591947,28.0,0.774,268.0,40.0,153.0,999.0,31.0,234.0,121.0,344.0,37.44624081132278,124,10,62,57,247.0,-40.0,71.0,29.0,175.0,37.0,-72.0,6252.0,120.0,39.0,7.513881708888596,61.182291661109716,
8593,233.03963,210.15438414447047,38.46885319780866,215.83581022450045,28.0,0.7466,266.0,40.0,152.0,993.0,31.0,234.0,120.0,341.0,28.844252168534968,133,10,61,59,247.0,-41.0,71.0,28.0,174.0,37.0,-73.0,6260.0,120.0,38.0,7.518203757613684,61.182291661109716,
8594,314.49753,216.99193928270824,49.789720512289286,229.61628147732273,28.0,0.7311,266.0,40.0,152.0,993.0,31.0,234.0,120.0,341.0,31.93235031599568,135,5,60,61,247.0,-41.0,71.0,28.0,174.0,37.0,-73.0,6260.0,120.0,38.0,7.522525806338774,61.182291661109716,
8595,410.85666,234.78621727217592,40.3368653818694,245.6262111078557,28.0,0.734,278.0,43.0,162.0,1035.0,29.0,246.0,123.0,349.0,32.74211648309651,147,7,55,62,246.0,-51.0,70.0,17.0,163.0,27.0,-83.0,6261.0,109.0,30.0,7.526847855063863,61.182291661109716,
8596,517.7195,274.7280012280853,22.574869557911796,235.93705341634546,28.0,0.7553,278.0,43.0,162.0,1035.0,29.0,246.0,123.0,349.0,20.035941973695994,150,6,57,63,246.0,-51.0,70.0,17.0,163.0,27.0,-83.0,6261.0,109.0,30.0,7.5311699037889515,61.182291661109716,
8597,574.50854,314.7356045456766,17.768170644690546,208.0998235830147,28.0,0.7541,283.0,44.0,167.0,1055.0,29.0,253.0,124.0,352.0,12.577797580878256,139,6,51,61,246.0,-54.0,70.0,11.0,159.0,22.0,-87.0,6218.0,105.0,25.0,7.535491952514041,61.182291661109716,
8598,612.5274,296.3816634703447,14.394770675884237,211.04329958086933,28.0,0.74255,283.0,44.0,167.0,1055.0,29.0,253.0,124.0,352.0,11.709090914893899,146,7,55,62,246.0,-54.0,70.0,11.0,159.0,22.0,-87.0,6218.0,105.0,25.0,7.5398140012391295,61.182291661109716,
8599,647.576,285.0643194196192,9.861519988049974,203.69759511478378,28.0,0.73275,287.0,45.0,170.0,1068.0,28.0,257.0,125.0,354.0,8.976638016204838,147,6,55,64,245.0,-57.0,70.0,7.0,155.0,19.0,-90.0,6211.0,101.0,22.0,7.544136049964149,61.182291661109716,
8600,689.5002,254.28423312986877,15.874215631328624,223.72919734755126,28.0,0.7324,287.0,45.0,170.0,1068.0,28.0,257.0,125.0,354.0,15.519672058620806,135,2,60,61,245.0,-57.0,70.0,7.0,155.0,19.0,-90.0,6211.0,101.0,22.0,7.5484580986892365,61.182291661109716,
8601,742.57153,220.17581824269288,27.460959766942743,213.35182760519425,28.0,0.7344,292.0,46.0,174.0,1087.0,28.0,264.0,126.0,357.0,17.809552962567167,149,2,56,65,244.0,-61.0,69.0,3.0,150.0,14.0,-94.0,6176.0,97.0,18.0,7.552780147414325,61.182291661109716,
8602,796.52094,213.48826300470333,35.02579282836219,212.93866010524297,28.0,0.7244,292.0,46.0,174.0,1087.0,28.0,264.0,126.0,357.0,23.795383382499693,143,1,55,62,244.0,-61.0,69.0,3.0,150.0,14.0,-94.0,6176.0,97.0,18.0,7.557102196139416,61.182291661109716,
8603,831.54065,252.5482066607169,16.341522724878228,215.5261522058174,28.0,0.723,303.0,49.0,183.0,1124.0,27.0,273.0,128.0,365.0,15.55668568674239,142,3,53,63,244.0,-67.0,69.0,-4.0,144.0,8.0,-100.0,6158.0,90.0,12.0,7.5614242448645035,61.182291661109716,
8604,894.4075,284.56707692575776,16.7710194030051,228.68098279631334,28.0,0.7051,303.0,49.0,183.0,1124.0,27.0,273.0,128.0,365.0,16.89816076384538,142,1,54,63,244.0,-67.0,69.0,-4.0,144.0,8.0,-100.0,6158.0,90.0,12.0,7.565746293589592,61.182291661109716,
8605,412.80798,301.78842998416786,43.614475130656594,252.60831666673158,28.0,0.8009,278.0,42.0,159.0,1030.0,31.0,242.0,124.0,351.0,31.61481544551606,134,5,58,57,245.0,-45.0,70.0,22.0,168.0,32.0,-77.0,6209.0,114.0,34.0,7.500419849425986,61.18020832777656,
8606,460.61838,138.2119081205987,58.923555625714066,143.9822864606299,28.0,0.7604,278.0,42.0,159.0,1030.0,31.0,242.0,124.0,351.0,36.52300485995304,128,8,60,56,245.0,-45.0,70.0,22.0,168.0,32.0,-77.0,6209.0,114.0,34.0,7.5047416125196085,61.18020832777656,
8607,440.35135,243.06684632887448,90.73076240510572,214.50174074599462,28.0,0.7514,268.0,40.0,153.0,999.0,31.0,234.0,121.0,344.0,44.51795682743004,127,11,55,57,247.0,-40.0,71.0,29.0,175.0,37.0,-72.0,6252.0,120.0,39.0,7.5090633756133025,61.18020832777656,
8608,419.06668,89.25908719917413,76.11417380750889,97.56111469659523,28.0,0.7445,268.0,40.0,153.0,999.0,31.0,234.0,121.0,344.0,44.550185568044256,110,7,58,57,247.0,-40.0,71.0,29.0,175.0,37.0,-72.0,6252.0,120.0,39.0,7.513385138706995,61.18020832777656,
8609,336.98648,280.9508654489697,74.12880627437956,193.65557022111489,28.0,0.7647,266.0,40.0,152.0,993.0,31.0,234.0,120.0,341.0,37.604753191742624,120,10,58,56,247.0,-41.0,71.0,28.0,174.0,37.0,-73.0,6260.0,120.0,38.0,7.517706901800687,61.18020832777656,
8610,351.54395,154.90184898334164,68.84827311630957,177.19397036185072,28.0,0.7665,266.0,40.0,152.0,993.0,31.0,234.0,120.0,341.0,36.83024044484668,139,6,58,62,247.0,-41.0,71.0,28.0,174.0,37.0,-73.0,6260.0,120.0,38.0,7.522028664894379,61.18020832777656,
8611,351.02344,156.39823254479896,42.197599628660484,194.58829407767692,28.0,0.7552,278.0,43.0,162.0,1035.0,29.0,246.0,123.0,349.0,33.15115414241008,134,6,58,61,246.0,-51.0,70.0,17.0,163.0,27.0,-83.0,6261.0,109.0,30.0,7.526350427988075,61.18020832777656,
8612,470.1761,245.16006337525118,39.381579528050594,254.83923691268998,28.0,0.7598,278.0,43.0,162.0,1035.0,29.0,246.0,123.0,349.0,34.96241559164365,145,6,58,60,246.0,-51.0,70.0,17.0,163.0,27.0,-83.0,6261.0,109.0,30.0,7.530672191081767,61.18020832777656,
8613,584.7635,268.57249275975846,23.73583062375048,234.23720390983956,28.0,0.7624,283.0,44.0,167.0,1055.0,29.0,253.0,124.0,352.0,21.224777348963272,136,21,56,61,246.0,-54.0,70.0,11.0,159.0,22.0,-87.0,6218.0,105.0,25.0,7.53499395417546,61.18020832777656,
8614,640.1287,313.11234466512093,16.21670530315139,207.455471703959,28.0,0.75075,283.0,44.0,167.0,1055.0,29.0,253.0,124.0,352.0,12.263130741894452,146,8,56,65,246.0,-54.0,70.0,11.0,159.0,22.0,-87.0,6218.0,105.0,25.0,7.539315717269152,61.18020832777656,
8615,667.2989,323.47185148684184,14.01069499576264,197.89846105091425,28.0,0.7359,287.0,45.0,170.0,1068.0,28.0,257.0,125.0,354.0,9.408184724116508,146,7,57,66,245.0,-57.0,70.0,7.0,155.0,19.0,-90.0,6211.0,101.0,22.0,7.543637480362776,61.18020832777656,
8616,691.74194,301.4389613194165,14.14811470548227,201.13780760721946,28.0,0.7246,287.0,45.0,170.0,1068.0,28.0,257.0,125.0,354.0,10.729684226740547,149,4,54,63,245.0,-57.0,70.0,7.0,155.0,19.0,-90.0,6211.0,101.0,22.0,7.547959243456468,61.18020832777656,
8617,717.64825,281.62114982613843,9.718789909900753,201.1968510042887,28.0,0.7262,292.0,46.0,174.0,1087.0,28.0,264.0,126.0,357.0,7.933548108471838,149,1,55,67,244.0,-61.0,69.0,3.0,150.0,14.0,-94.0,6176.0,97.0,18.0,7.552281006550162,61.18020832777656,
8618,758.98047,275.0696241414904,14.701257750976204,227.62438860087394,28.0,0.7183,292.0,46.0,174.0,1087.0,28.0,264.0,126.0,357.0,15.679764462464945,147,1,53,64,244.0,-61.0,69.0,3.0,150.0,14.0,-94.0,6176.0,97.0,18.0,7.556602769643855,61.18020832777656,
8619,834.5183,271.81345190362384,15.340541432185193,231.5723139283447,28.0,0.698,303.0,49.0,183.0,1124.0,27.0,273.0,128.0,365.0,17.285551235992834,148,1,51,66,244.0,-67.0,69.0,-4.0,144.0,8.0,-100.0,6158.0,90.0,12.0,7.560924532737548,61.18020832777656,
8620,908.8744,283.0946853262253,21.381197198103234,238.50769353130516,28.0,0.651,303.0,49.0,183.0,1124.0,27.0,273.0,128.0,365.0,21.781228683833163,139,1,52,64,244.0,-67.0,69.0,-4.0,144.0,8.0,-100.0,6158.0,90.0,12.0,7.5652462958312405,61.18020832777656,
8621,500.94092,315.4726868872768,62.684458821236746,252.06810252130424,28.0,0.79665,280.0,43.0,162.0,1039.0,30.0,243.0,125.0,354.0,39.117713190732026,120,5,57,56,246.0,-46.0,70.0,22.0,168.0,31.0,-78.0,6230.0,114.0,34.0,7.499924211569861,61.17812499444341,
8622,616.3574,300.73130520053326,77.98204858779474,222.547794267388,28.0,0.7585,278.0,42.0,159.0,1030.0,31.0,242.0,124.0,351.0,40.88336803405441,121,4,61,59,245.0,-45.0,70.0,22.0,168.0,32.0,-77.0,6209.0,114.0,34.0,7.504245689075553,61.17812499444341,
8623,660.9951,240.46980767731753,97.2426134692771,192.27105110010226,28.0,0.744,268.0,40.0,153.0,999.0,31.0,234.0,121.0,344.0,46.57265992996026,116,4,60,55,247.0,-40.0,71.0,29.0,175.0,37.0,-72.0,6252.0,120.0,39.0,7.508567166581313,61.17812499444341,
8624,592.3975,54.81004977278425,85.91884693355891,99.78983288801683,28.0,0.7128,268.0,40.0,153.0,999.0,31.0,234.0,121.0,344.0,48.190859698019,118,2,58,56,247.0,-40.0,71.0,29.0,175.0,37.0,-72.0,6252.0,120.0,39.0,7.512888644087074,61.17812499444341,
8625,529.7887,262.493698984766,82.59522352895902,210.4388352089394,28.0,0.7167,266.0,40.0,152.0,993.0,31.0,234.0,120.0,341.0,41.22172624668067,135,6,55,54,247.0,-41.0,71.0,28.0,174.0,37.0,-73.0,6260.0,120.0,38.0,7.517210121592834,61.17812499444341,
8626,531.8486,65.33710396874604,66.90569158559866,150.14360244408442,28.0,0.75945,266.0,40.0,152.0,993.0,31.0,234.0,120.0,341.0,35.32865387585033,152,6,54,57,247.0,-41.0,71.0,28.0,174.0,37.0,-73.0,6260.0,120.0,38.0,7.521531599098595,61.17812499444341,
8627,452.09628,52.36735165036172,51.91320299261847,109.38930457483329,28.0,0.7605,278.0,43.0,162.0,1035.0,29.0,246.0,123.0,349.0,34.66699923979616,139,7,56,56,246.0,-51.0,70.0,17.0,163.0,27.0,-83.0,6261.0,109.0,30.0,7.525853076604357,61.17812499444341,
8628,403.49503,195.63412733831518,32.89127660756643,212.56775481666116,28.0,0.76975,278.0,43.0,162.0,1035.0,29.0,246.0,123.0,349.0,28.850557785897518,132,8,54,61,246.0,-51.0,70.0,17.0,163.0,27.0,-83.0,6261.0,109.0,30.0,7.5301745541101175,61.17812499444341,
8629,532.3957,260.03341864073195,33.14199672570462,255.0,28.0,0.77355,283.0,44.0,167.0,1055.0,29.0,253.0,124.0,352.0,33.1839184263203,135,23,52,60,246.0,-54.0,70.0,11.0,159.0,22.0,-87.0,6218.0,105.0,25.0,7.534496031615878,61.17812499444341,
8630,652.24304,278.41443109845426,17.470879620809715,230.78450774413386,28.0,0.7615,283.0,44.0,167.0,1055.0,29.0,253.0,124.0,352.0,18.096772998781105,142,8,54,65,246.0,-54.0,70.0,11.0,159.0,22.0,-87.0,6218.0,105.0,25.0,7.538817509121638,61.17812499444341,
8631,692.7356,309.0338456878679,11.411102738573327,199.10933257911657,28.0,0.7501,287.0,45.0,170.0,1068.0,28.0,257.0,125.0,354.0,9.041949301652727,147,8,54,65,245.0,-57.0,70.0,7.0,155.0,19.0,-90.0,6211.0,101.0,22.0,7.543138986627331,61.17812499444341,
8632,723.7484,297.25122505391823,13.538985080907286,200.1492855295518,28.0,0.7362,287.0,45.0,170.0,1068.0,28.0,257.0,125.0,354.0,10.405178371111024,147,6,55,64,245.0,-57.0,70.0,7.0,155.0,19.0,-90.0,6211.0,101.0,22.0,7.547460464133091,61.17812499444341,
8633,739.8291,317.34272060918374,13.46324483267868,195.02190722407437,28.0,0.7215,292.0,46.0,174.0,1087.0,28.0,264.0,126.0,357.0,9.393383203696647,143,18,54,67,244.0,-61.0,69.0,3.0,150.0,14.0,-94.0,6176.0,97.0,18.0,7.551781941638851,61.17812499444341,
8634,769.0151,292.84957302854747,11.497163729426536,210.05363024302744,28.0,0.7119,292.0,46.0,174.0,1087.0,28.0,264.0,126.0,357.0,10.756567699169981,149,3,54,65,244.0,-61.0,69.0,3.0,150.0,14.0,-94.0,6176.0,97.0,18.0,7.5561034191446135,61.17812499444341,
8635,816.0592,255.5395485669959,13.105116039402521,219.4239756753649,28.0,0.7028,303.0,49.0,183.0,1124.0,27.0,273.0,128.0,365.0,13.263301449684743,142,2,52,63,244.0,-67.0,69.0,-4.0,144.0,8.0,-100.0,6158.0,90.0,12.0,7.560424896650374,61.17812499444341,
8636,875.2457,228.44113141221553,26.95878207203093,224.90481973669813,28.0,0.68605,303.0,49.0,183.0,1124.0,27.0,273.0,128.0,365.0,21.980746200656625,141,1,52,62,244.0,-67.0,69.0,-4.0,144.0,8.0,-100.0,6158.0,90.0,12.0,7.564746374156134,61.17812499444341,
8637,917.4471,189.2961110696399,35.98587134869565,190.22526765657759,28.0,0.6344,309.0,50.0,188.0,1144.0,26.0,279.0,129.0,369.0,23.60969966403108,144,3,53,63,242.0,-70.0,68.0,-8.0,139.0,5.0,-103.0,6147.0,87.0,-29.0,7.569067851661896,61.17812499444341,
8638,950.10425,214.8592703747438,28.99645021738051,217.50151850966043,28.0,0.619,309.0,50.0,188.0,1144.0,26.0,279.0,129.0,369.0,21.39584880547336,132,1,53,66,242.0,-70.0,68.0,-8.0,139.0,5.0,-103.0,6147.0,87.0,-29.0,7.573389329167657,61.17812499444341,
8639,633.7033,314.952618036596,81.7583250727763,253.48011078789884,28.0,0.77035,280.0,43.0,162.0,1039.0,30.0,243.0,125.0,354.0,42.7558560943764,107,4,58,56,246.0,-46.0,70.0,22.0,168.0,31.0,-78.0,6230.0,114.0,34.0,7.499428649128769,61.17604166111027,
8640,772.7957,320.29248867115984,76.34601128981514,233.96105242250056,28.0,0.7784,278.0,42.0,159.0,1030.0,31.0,242.0,124.0,351.0,42.12881938077265,114,4,58,58,245.0,-45.0,70.0,22.0,168.0,32.0,-77.0,6209.0,114.0,34.0,7.5037498410899826,61.17604166111027,
8641,833.47296,179.52907380103017,45.85684451681453,176.4571569368813,28.0,0.7734,278.0,42.0,159.0,1030.0,31.0,242.0,124.0,351.0,25.84209307382002,135,1,60,58,245.0,-45.0,70.0,22.0,168.0,32.0,-77.0,6209.0,114.0,34.0,7.508071033051265,61.17604166111027,
8642,757.4887,68.28808786386891,44.830555917674246,104.0490996374493,28.0,0.7575,268.0,40.0,153.0,999.0,31.0,234.0,121.0,344.0,30.05612261336067,142,2,60,57,247.0,-40.0,71.0,29.0,175.0,37.0,-72.0,6252.0,120.0,39.0,7.512392225012548,61.17604166111027,
8643,689.0701,130.2469327688519,50.434802083304184,172.03590235647283,28.0,0.7529,266.0,40.0,152.0,993.0,31.0,234.0,120.0,341.0,28.29323994221148,136,3,58,59,247.0,-41.0,71.0,28.0,174.0,37.0,-73.0,6260.0,120.0,38.0,7.516713416973832,61.17604166111027,
8644,649.6799,39.720961192860656,38.5071143946947,132.6394165799296,28.0,0.7692,266.0,40.0,152.0,993.0,31.0,234.0,120.0,341.0,24.37507819361761,137,4,58,61,247.0,-41.0,71.0,28.0,174.0,37.0,-73.0,6260.0,120.0,38.0,7.521034608935114,61.17604166111027,
8645,550.53937,54.15784457689905,43.96300422902967,100.61423780517457,28.0,0.74765,278.0,43.0,162.0,1035.0,29.0,246.0,123.0,349.0,33.48088943229761,124,3,56,60,246.0,-51.0,70.0,17.0,163.0,27.0,-83.0,6261.0,109.0,30.0,7.525355800896399,61.17604166111027,
8646,453.9546,84.97353020771459,40.56755874226504,145.01517709238394,28.0,0.762,278.0,43.0,162.0,1035.0,29.0,246.0,123.0,349.0,29.16607046705327,128,8,51,58,246.0,-51.0,70.0,17.0,163.0,27.0,-83.0,6261.0,109.0,30.0,7.529676992857682,61.17604166111027,
8647,493.86765,235.73056561439822,31.8957725550507,243.8926580503938,28.0,0.7718,283.0,44.0,167.0,1055.0,29.0,253.0,124.0,352.0,30.815940663452686,129,8,53,61,246.0,-54.0,70.0,11.0,159.0,22.0,-87.0,6218.0,105.0,25.0,7.533998184818965,61.17604166111027,
8648,621.76337,243.20508259104773,35.199096370063856,249.42807019064963,28.0,0.7624,283.0,44.0,167.0,1055.0,29.0,253.0,124.0,352.0,29.072642568055574,149,6,55,63,246.0,-54.0,70.0,11.0,159.0,22.0,-87.0,6218.0,105.0,25.0,7.538319376780247,61.17604166111027,
8649,696.36194,254.24948958056916,19.98855894277983,214.586748303499,28.0,0.7571,287.0,45.0,170.0,1068.0,28.0,257.0,125.0,354.0,13.40662598972562,151,6,54,65,245.0,-57.0,70.0,7.0,155.0,19.0,-90.0,6211.0,101.0,22.0,7.542640568741461,61.17604166111027,
8650,735.52954,276.4794216279143,9.297456243498909,204.7222317102427,28.0,0.741,287.0,45.0,170.0,1068.0,28.0,257.0,125.0,354.0,8.227344837787054,147,7,55,67,245.0,-57.0,70.0,7.0,155.0,19.0,-90.0,6211.0,101.0,22.0,7.546961760702744,61.17604166111027,
8651,759.04877,298.3205728149675,6.424416036824706,193.90843772414306,28.0,0.7243,292.0,46.0,174.0,1087.0,28.0,264.0,126.0,357.0,5.42062411319082,145,4,54,64,244.0,-61.0,69.0,3.0,150.0,14.0,-94.0,6176.0,97.0,18.0,7.551282952664026,61.17604166111027,
8652,774.263,278.1536151633378,6.393915678883205,195.91724011145925,28.0,0.7089,292.0,46.0,174.0,1087.0,28.0,264.0,126.0,357.0,5.896593810477393,139,1,54,64,244.0,-61.0,69.0,3.0,150.0,14.0,-94.0,6176.0,97.0,18.0,7.5556041446253115,61.17604166111027,
8653,804.76086,271.76976003434663,8.101984217367704,205.47198576805127,28.0,0.6955,303.0,49.0,183.0,1124.0,27.0,273.0,128.0,365.0,8.343070864521447,147,3,52,64,244.0,-67.0,69.0,-4.0,144.0,8.0,-100.0,6158.0,90.0,12.0,7.559925336586595,61.17604166111027,
8654,830.26953,246.35909623725644,9.594774995316435,195.65941574121612,28.0,0.68235,303.0,49.0,183.0,1124.0,27.0,273.0,128.0,365.0,6.138724311590033,132,0,51,63,244.0,-67.0,69.0,-4.0,144.0,8.0,-100.0,6158.0,90.0,12.0,7.564246528547877,61.17604166111027,
8655,851.67236,233.73162458728441,14.329876022331138,197.31735512180867,28.0,0.67375,309.0,50.0,188.0,1144.0,26.0,279.0,129.0,369.0,7.91384622953085,139,1,51,64,242.0,-70.0,68.0,-8.0,139.0,5.0,-103.0,6147.0,87.0,-29.0,7.568567720509161,61.17604166111027,
8656,884.9876,241.00078913731048,21.081268941497537,224.58004594807394,28.0,0.6707,309.0,50.0,188.0,1144.0,26.0,279.0,129.0,369.0,17.023502770960434,138,2,52,64,242.0,-70.0,68.0,-8.0,139.0,5.0,-103.0,6147.0,87.0,-29.0,7.572888912470443,61.17604166111027,
8657,987.4792,261.17664782975606,21.263908268047416,232.92573016190636,28.0,0.5751,303.0,49.0,185.0,1129.0,27.0,276.0,128.0,365.0,21.72531062642144,127,0,52,67,242.0,-69.0,68.0,-7.0,140.0,6.0,-102.0,6146.0,87.0,10.0,7.577210104431726,61.17604166111027,
8658,938.0258,153.66099963137563,64.0595501636751,169.91543799393338,28.0,0.76415,307.0,48.0,182.0,1130.0,28.0,269.0,131.0,372.0,34.02485265400833,116,1,61,59,242.0,-60.0,69.0,2.0,149.0,14.0,-93.0,6114.0,96.0,19.0,7.503254068546626,61.17395832777713,
8659,876.81665,67.87451153172573,24.982245502977015,121.45674530448908,28.0,0.78335,307.0,48.0,182.0,1130.0,28.0,269.0,131.0,372.0,21.217653550318452,138,1,60,56,242.0,-60.0,69.0,2.0,149.0,14.0,-93.0,6114.0,96.0,19.0,7.507574975006877,61.17395832777713,
8660,796.68085,60.65999517971597,24.048230084053102,130.37174399719189,28.0,0.7758,296.0,46.0,174.0,1094.0,29.0,261.0,128.0,363.0,19.484652785383393,143,1,56,57,244.0,-57.0,69.0,8.0,155.0,19.0,-89.0,6174.0,101.0,22.0,7.511895881467127,61.17395832777713,
8661,752.5319,126.69180420171942,16.648700164902195,169.22521323605056,28.0,0.7504,296.0,46.0,174.0,1094.0,29.0,261.0,128.0,363.0,11.037367621275266,136,3,57,59,244.0,-57.0,69.0,8.0,155.0,19.0,-89.0,6174.0,101.0,22.0,7.516216787927378,61.17395832777713,
8662,714.67535,68.69768744462291,20.912282233708723,133.02037251144003,28.0,0.7577,290.0,45.0,171.0,1075.0,29.0,256.0,126.0,358.0,17.74276723426084,135,3,60,61,245.0,-55.0,70.0,10.0,157.0,21.0,-88.0,6219.0,104.0,25.0,7.520537694387627,61.17395832777713,
8663,636.37915,99.39323291632364,30.93763578974208,111.40350136144417,28.0,0.7481,290.0,45.0,171.0,1075.0,29.0,256.0,126.0,358.0,28.362048396624985,141,2,56,61,245.0,-55.0,70.0,10.0,157.0,21.0,-88.0,6219.0,104.0,25.0,7.524858600847879,61.17395832777713,
8664,566.41016,109.20818632930266,48.05478199257684,152.93507472084167,28.0,0.7505,283.0,44.0,166.0,1053.0,29.0,251.0,124.0,353.0,29.51373159933223,134,6,58,56,246.0,-53.0,70.0,13.0,160.0,24.0,-86.0,6242.0,106.0,27.0,7.52917950730813,61.17395832777713,
8665,521.6984,51.31916092766408,46.29965974604325,160.12274198056565,28.0,0.7679,285.0,44.0,167.0,1060.0,29.0,254.0,125.0,354.0,28.702579556480384,127,6,57,63,246.0,-56.0,70.0,10.0,157.0,21.0,-89.0,6231.0,103.0,24.0,7.53350041376838,61.17395832777713,
8666,537.0154,218.87502936187727,34.357496344864295,221.03046310058684,28.0,0.7509,285.0,44.0,167.0,1060.0,29.0,254.0,125.0,354.0,28.027224896299217,134,5,56,66,246.0,-56.0,70.0,10.0,157.0,21.0,-89.0,6231.0,103.0,24.0,7.53782132022863,61.17395832777713,
8667,619.59875,228.08500817922047,36.479412678304996,244.05005398741844,28.0,0.7526,289.0,45.0,171.0,1076.0,28.0,260.0,125.0,356.0,30.412166709256866,153,5,55,65,245.0,-59.0,70.0,6.0,154.0,17.0,-91.0,6206.0,100.0,21.0,7.542142226688811,61.17395832777713,
8668,712.0744,242.50889413228498,21.7060502995983,228.91098435171668,28.0,0.75425,289.0,45.0,171.0,1076.0,28.0,260.0,125.0,356.0,18.59530603099517,143,4,53,65,245.0,-59.0,70.0,6.0,154.0,17.0,-91.0,6206.0,100.0,21.0,7.546463133149061,61.17395832777713,
8669,754.6961,249.86896910924008,7.4969221767862395,200.17127652617592,28.0,0.7314,292.0,46.0,175.0,1089.0,28.0,264.0,126.0,358.0,7.1615488676648775,150,3,53,66,244.0,-61.0,69.0,2.0,150.0,14.0,-94.0,6188.0,97.0,17.0,7.5507840396093115,61.17395832777713,
8670,779.5143,280.6161160930808,7.233188600465401,201.8109585544511,28.0,0.7208,292.0,46.0,175.0,1089.0,28.0,264.0,126.0,358.0,7.505324075422852,153,2,52,66,244.0,-61.0,69.0,2.0,150.0,14.0,-94.0,6188.0,97.0,17.0,7.555104946069563,61.17395832777713,
8671,811.6814,302.0834496669199,7.732220520292026,200.03612990602417,28.0,0.7057,295.0,47.0,177.0,1098.0,28.0,267.0,126.0,359.0,7.442072915654627,146,0,52,66,245.0,-64.0,69.0,0.0,148.0,12.0,-97.0,6192.0,94.0,15.0,7.559425852529813,61.17395832777713,
8672,829.4557,294.2782076266204,4.10961350988531,191.35755081302065,28.0,0.6934,295.0,47.0,177.0,1098.0,28.0,267.0,126.0,359.0,3.9656325537734496,142,2,51,64,245.0,-64.0,69.0,0.0,148.0,12.0,-97.0,6192.0,94.0,15.0,7.563746758990064,61.17395832777713,
8673,841.5518,264.632651722688,3.4502533077614013,188.8283521299255,28.0,0.6851,298.0,48.0,180.0,1111.0,27.0,271.0,127.0,362.0,3.0067662908747295,136,1,52,64,244.0,-66.0,69.0,-3.0,145.0,9.0,-99.0,6166.0,91.0,13.0,7.568067665450314,61.17395832777713,
8674,861.5791,256.3190584728135,10.199836980612483,209.2814628913244,28.0,0.6703,298.0,48.0,180.0,1111.0,27.0,271.0,127.0,362.0,9.782871443282646,139,1,52,66,244.0,-66.0,69.0,-3.0,145.0,9.0,-99.0,6166.0,91.0,13.0,7.572388571910563,61.17395832777713,
8675,936.79736,244.2333715561395,27.372089254553387,245.84773737331236,28.0,0.6612,309.0,51.0,190.0,1150.0,26.0,282.0,130.0,370.0,25.597685247628505,142,1,51,68,242.0,-72.0,69.0,-10.0,137.0,3.0,-105.0,6111.0,84.0,-30.0,7.576709478370813,61.17395832777713,
8676,934.20123,59.452882541809714,26.810372279179994,121.5697900101874,28.0,0.7773,307.0,48.0,182.0,1130.0,28.0,269.0,131.0,372.0,22.493824955288513,135,0,60,58,242.0,-60.0,69.0,2.0,149.0,14.0,-93.0,6114.0,96.0,19.0,7.507078992431873,61.171874994443975,
8677,851.45514,70.20262089888747,23.823070773815257,115.33737415152613,28.0,0.7737,296.0,46.0,174.0,1094.0,29.0,261.0,128.0,363.0,23.09953039403579,135,3,57,57,244.0,-57.0,69.0,8.0,155.0,19.0,-89.0,6174.0,101.0,22.0,7.511399613434525,61.171874994443975,
8678,778.5621,66.78625977162483,13.668161973759096,143.10924488770092,28.0,0.7496,296.0,46.0,174.0,1094.0,29.0,261.0,128.0,363.0,13.05579921433516,135,3,55,61,244.0,-57.0,69.0,8.0,155.0,19.0,-89.0,6174.0,101.0,22.0,7.515720234437178,61.171874994443975,
8679,727.18054,104.24380241121511,15.965101505445263,133.2583618611475,28.0,0.7482,290.0,45.0,171.0,1075.0,29.0,256.0,126.0,358.0,18.08601799164044,132,3,58,62,245.0,-55.0,70.0,10.0,157.0,21.0,-88.0,6219.0,104.0,25.0,7.520040855439831,61.171874994443975,
8680,677.06165,144.93918136539557,32.473923137166665,171.01909277185007,28.0,0.7357,290.0,45.0,171.0,1075.0,29.0,256.0,126.0,358.0,22.93291592740632,137,4,59,62,245.0,-55.0,70.0,10.0,157.0,21.0,-88.0,6219.0,104.0,25.0,7.524361476442485,61.171874994443975,
8681,667.9299,40.698932640871355,34.50351544241827,160.741316252418,28.0,0.7636,283.0,44.0,166.0,1053.0,29.0,251.0,124.0,353.0,19.172844170750057,140,4,58,57,246.0,-53.0,70.0,13.0,160.0,24.0,-86.0,6242.0,106.0,27.0,7.528682097445139,61.171874994443975,
8682,638.8229,29.34905187207398,40.26741491166092,154.89241600764325,28.0,0.77425,283.0,44.0,166.0,1053.0,29.0,251.0,124.0,353.0,22.634073299120182,133,3,57,56,246.0,-53.0,70.0,13.0,160.0,24.0,-86.0,6242.0,106.0,27.0,7.533002718447792,61.171874994443975,
8683,594.79,222.14155431188917,41.18324944442597,176.06761404921463,28.0,0.7623,285.0,44.0,167.0,1060.0,29.0,254.0,125.0,354.0,28.090722481406164,141,4,54,60,246.0,-56.0,70.0,10.0,157.0,21.0,-89.0,6231.0,103.0,24.0,7.537323339450446,61.171874994443975,
8684,606.45044,161.30108353764425,35.64477807253835,186.75368994872235,28.0,0.766,285.0,44.0,167.0,1060.0,29.0,254.0,125.0,354.0,24.365966324096476,148,6,52,66,246.0,-56.0,70.0,10.0,157.0,21.0,-89.0,6231.0,103.0,24.0,7.541643960453029,61.171874994443975,
8685,658.25696,217.91295913506377,26.955344695417313,238.46587960810695,28.0,0.7479,289.0,45.0,171.0,1076.0,28.0,260.0,125.0,356.0,27.58286560392915,145,5,52,67,245.0,-59.0,70.0,6.0,154.0,17.0,-91.0,6206.0,100.0,21.0,7.5459645814556815,61.171874994443975,
8686,740.0156,255.371799066704,15.745511379440325,227.53014016176087,28.0,0.73885,292.0,46.0,175.0,1089.0,28.0,264.0,126.0,358.0,16.048496559408402,144,4,52,65,244.0,-61.0,69.0,2.0,150.0,14.0,-94.0,6188.0,97.0,17.0,7.550285202458334,61.171874994443975,
8687,786.6838,285.26285980825287,8.709084331950429,205.5481993036536,28.0,0.72905,292.0,46.0,175.0,1089.0,28.0,264.0,126.0,358.0,8.566351887602412,150,1,51,64,244.0,-61.0,69.0,2.0,150.0,14.0,-94.0,6188.0,97.0,17.0,7.5546058234609905,61.171874994443975,
8688,815.3101,273.0605044989349,5.276287722390202,197.02699530305463,28.0,0.7133,295.0,47.0,177.0,1098.0,28.0,267.0,126.0,359.0,5.6412803063181265,142,0,50,62,245.0,-64.0,69.0,0.0,148.0,12.0,-97.0,6192.0,94.0,15.0,7.558926444463643,61.171874994443975,
8689,832.65295,275.4431086174668,3.590016944129115,192.8925581725972,28.0,0.7146,295.0,47.0,177.0,1098.0,28.0,267.0,126.0,359.0,4.08428344712105,144,0,51,64,245.0,-64.0,69.0,0.0,148.0,12.0,-97.0,6192.0,94.0,15.0,7.563247065466296,61.171874994443975,
8690,845.0791,293.40092848466907,3.894686906956451,190.18921979317093,28.0,0.7012,298.0,48.0,180.0,1111.0,27.0,271.0,127.0,362.0,3.5463565164542508,139,0,50,65,244.0,-66.0,69.0,-3.0,145.0,9.0,-99.0,6166.0,91.0,13.0,7.567567686468949,61.171874994443975,
8691,860.6904,305.34998643991145,8.272575591627252,197.4324704106676,28.0,0.69655,298.0,48.0,180.0,1111.0,27.0,271.0,127.0,362.0,7.016066289435294,137,1,53,66,244.0,-66.0,69.0,-3.0,145.0,9.0,-99.0,6166.0,91.0,13.0,7.5718883074716015,61.171874994443975,
8692,901.1495,259.89763953400245,14.155556278343385,217.8497672034921,28.0,0.7166,309.0,51.0,190.0,1150.0,26.0,282.0,130.0,370.0,12.802290946195738,134,2,54,65,242.0,-72.0,69.0,-10.0,137.0,3.0,-105.0,6111.0,84.0,-30.0,7.576208928474254,61.171874994443975,
8693,952.69684,229.0594754804904,24.533225567446745,224.19002296734774,28.0,0.68,309.0,51.0,190.0,1150.0,26.0,282.0,130.0,370.0,18.965001604731643,131,0,54,65,242.0,-72.0,69.0,-10.0,137.0,3.0,-105.0,6111.0,84.0,-30.0,7.580529549476839,61.171874994443975,
8694,873.1595,92.00841910527213,18.934363738412916,115.52023428202439,28.0,0.7727,296.0,46.0,174.0,1094.0,29.0,261.0,128.0,363.0,21.322597841306273,129,4,59,57,244.0,-57.0,69.0,8.0,155.0,19.0,-89.0,6174.0,101.0,22.0,7.510903420898469,61.16979166111082,
8695,804.2898,73.6685098861259,13.634904862088925,139.25323592425403,28.0,0.7608,296.0,46.0,174.0,1094.0,29.0,261.0,128.0,363.0,13.83599128627476,136,6,56,57,244.0,-57.0,69.0,8.0,155.0,19.0,-89.0,6174.0,101.0,22.0,7.515223756486952,61.16979166111082,
8696,754.79236,181.57597890615702,18.422921141804746,163.040432835815,28.0,0.7384,290.0,45.0,171.0,1075.0,29.0,256.0,126.0,358.0,16.804220157274607,138,5,57,56,245.0,-55.0,70.0,10.0,157.0,21.0,-88.0,6219.0,104.0,25.0,7.519544092075434,61.16979166111082,
8697,748.89716,86.43994403734129,25.758340379733465,172.08955673334435,28.0,0.7281,290.0,45.0,171.0,1075.0,29.0,256.0,126.0,358.0,14.211514337786015,137,5,56,59,245.0,-55.0,70.0,10.0,157.0,21.0,-88.0,6219.0,104.0,25.0,7.523864427663917,61.16979166111082,
8698,730.85596,27.76091302944906,24.628434742067466,165.7273246137267,28.0,0.7451,283.0,44.0,166.0,1053.0,29.0,251.0,124.0,353.0,13.902515785074135,139,5,58,60,246.0,-53.0,70.0,13.0,160.0,24.0,-86.0,6242.0,106.0,27.0,7.5281847632523995,61.16979166111082,
8699,710.7533,28.230206049734218,26.033388124484127,157.14787647919144,28.0,0.7531,283.0,44.0,166.0,1053.0,29.0,251.0,124.0,353.0,15.706742723773528,138,3,60,59,246.0,-53.0,70.0,13.0,160.0,24.0,-86.0,6242.0,106.0,27.0,7.532505098840883,61.16979166111082,
8700,680.94244,234.87145461522405,34.14173239005559,185.52098432784183,28.0,0.75665,285.0,44.0,167.0,1060.0,29.0,254.0,125.0,354.0,23.23682980165596,142,4,55,62,246.0,-56.0,70.0,10.0,157.0,21.0,-89.0,6231.0,103.0,24.0,7.536825434429364,61.16979166111082,
8701,692.80756,196.96044531765318,33.00565458513145,182.6153106061032,28.0,0.77685,285.0,44.0,167.0,1060.0,29.0,254.0,125.0,354.0,17.77689743231125,138,4,56,62,246.0,-56.0,70.0,10.0,157.0,21.0,-89.0,6231.0,103.0,24.0,7.541145770017778,61.16979166111082,
8702,681.9135,77.69235139141472,32.3555100722453,168.13432914964386,28.0,0.7546,289.0,45.0,171.0,1076.0,28.0,260.0,125.0,356.0,23.387099143023924,150,5,53,67,245.0,-59.0,70.0,6.0,154.0,17.0,-91.0,6206.0,100.0,21.0,7.545466105606259,61.16979166111082,
8703,711.00006,219.01725714697554,21.1603124386703,231.38399774972606,28.0,0.7315,289.0,45.0,171.0,1076.0,28.0,260.0,125.0,356.0,22.67635255431801,147,5,51,66,245.0,-59.0,70.0,6.0,154.0,17.0,-91.0,6206.0,100.0,21.0,7.549786441194742,61.16979166111082,
8704,784.3123,261.82017047497453,13.966695893311236,220.2410144168274,28.0,0.7454,292.0,46.0,175.0,1089.0,28.0,264.0,126.0,358.0,13.83558788285745,147,4,52,64,244.0,-61.0,69.0,2.0,150.0,14.0,-94.0,6188.0,97.0,17.0,7.554106776783226,61.16979166111082,
8705,817.4706,284.1947536429553,5.831851718768403,194.24085794991132,28.0,0.7368,295.0,47.0,177.0,1098.0,28.0,267.0,126.0,359.0,5.119866923046537,141,0,52,62,245.0,-64.0,69.0,0.0,148.0,12.0,-97.0,6192.0,94.0,15.0,7.5584271123717075,61.16979166111082,
8706,834.7777,298.8122827634729,6.838107548359368,193.7863838604301,28.0,0.72,295.0,47.0,177.0,1098.0,28.0,267.0,126.0,359.0,5.5591128042530915,137,0,51,68,245.0,-64.0,69.0,0.0,148.0,12.0,-97.0,6192.0,94.0,15.0,7.56274744796019,61.16979166111082,
8707,850.1802,303.2947921822788,8.334976068055845,193.90285389908732,28.0,0.7128,298.0,48.0,180.0,1111.0,27.0,271.0,127.0,362.0,6.032017434864357,136,1,51,68,244.0,-66.0,69.0,-3.0,145.0,9.0,-99.0,6166.0,91.0,13.0,7.567067783548673,61.16979166111082,
8708,890.8923,249.12715682992987,5.566370081391749,192.19015739599598,28.0,0.6868,309.0,51.0,190.0,1150.0,26.0,282.0,130.0,370.0,4.4366239238057315,128,0,56,62,242.0,-72.0,69.0,-10.0,137.0,3.0,-105.0,6111.0,84.0,-30.0,7.575708454725636,61.16979166111082,
8709,914.674,251.77397271281333,12.594701539992974,215.10764449961533,28.0,0.7073,309.0,51.0,190.0,1150.0,26.0,282.0,130.0,370.0,12.160180533889022,136,2,56,66,242.0,-72.0,69.0,-10.0,137.0,3.0,-105.0,6111.0,84.0,-30.0,7.580028790314049,61.16979166111082,
8710,979.2736,262.761493074359,13.462216249961811,225.73146314177635,28.0,0.6772,313.0,52.0,193.0,1165.0,26.0,287.0,131.0,373.0,14.82025988781242,118,0,55,64,242.0,-74.0,68.0,-13.0,134.0,0.0,-108.0,6108.0,82.0,-32.0,7.584349125902533,61.16979166111082,
8711,874.958,97.14390452615227,15.898599887285712,127.4272012798546,28.0,0.7596,296.0,46.0,174.0,1094.0,29.0,261.0,128.0,363.0,17.300449389138823,131,6,58,57,244.0,-57.0,69.0,8.0,155.0,19.0,-89.0,6174.0,101.0,22.0,7.5104073038426895,61.16770832777768,
8712,817.9489,87.63006312896422,10.884554410307512,141.39919469782686,28.0,0.7506,296.0,46.0,174.0,1094.0,29.0,261.0,128.0,363.0,12.529532416440114,134,6,57,57,244.0,-57.0,69.0,8.0,155.0,19.0,-89.0,6174.0,101.0,22.0,7.514727354060418,61.16770832777768,
8713,791.0375,258.7268606656651,14.889185731386151,184.52950065265375,28.0,0.7379,290.0,45.0,171.0,1075.0,29.0,256.0,126.0,358.0,10.563537227459964,138,4,58,55,245.0,-55.0,70.0,10.0,157.0,21.0,-88.0,6219.0,104.0,25.0,7.519047404278145,61.16770832777768,
8714,798.8389,234.7382034133766,17.97770895926398,180.13735102391598,28.0,0.7174,290.0,45.0,171.0,1075.0,29.0,256.0,126.0,358.0,10.30320097055124,143,3,55,56,245.0,-55.0,70.0,10.0,157.0,21.0,-88.0,6219.0,104.0,25.0,7.523367454495875,61.16770832777768,
8715,787.7435,23.4231643259785,23.848788321592078,168.0640558195505,28.0,0.7321,283.0,44.0,166.0,1053.0,29.0,251.0,124.0,353.0,14.356382820180158,142,3,55,58,246.0,-53.0,70.0,13.0,160.0,24.0,-86.0,6242.0,106.0,27.0,7.527687504713604,61.16770832777768,
8716,767.11816,25.065156366827726,25.946848316112387,159.96909166378612,28.0,0.7539,283.0,44.0,166.0,1053.0,29.0,251.0,124.0,353.0,15.553664571308591,142,3,57,60,246.0,-53.0,70.0,13.0,160.0,24.0,-86.0,6242.0,106.0,27.0,7.532007554931333,61.16770832777768,
8717,745.4024,192.36996559676174,27.429123307773352,183.08165333521873,28.0,0.75095,285.0,44.0,167.0,1060.0,29.0,254.0,125.0,354.0,18.56151670098862,139,4,58,61,246.0,-56.0,70.0,10.0,157.0,21.0,-89.0,6231.0,103.0,24.0,7.53632760514906,61.16770832777768,
8718,756.7536,241.16797677619059,25.931786359753605,184.46620037768227,28.0,0.7515,285.0,44.0,167.0,1060.0,29.0,254.0,125.0,354.0,14.511947689061483,133,3,58,61,246.0,-56.0,70.0,10.0,157.0,21.0,-89.0,6231.0,103.0,24.0,7.54064765536672,61.16770832777768,
8719,754.5388,85.3303734053919,28.182913509414437,170.3619861085188,28.0,0.7358,289.0,45.0,171.0,1076.0,28.0,260.0,125.0,356.0,15.475274942722203,135,5,56,61,245.0,-59.0,70.0,6.0,154.0,17.0,-91.0,6206.0,100.0,21.0,7.5449677055844475,61.16770832777768,
8720,737.0281,62.69102441453307,30.276474970424925,173.30450233341696,28.0,0.72785,289.0,45.0,171.0,1076.0,28.0,260.0,125.0,356.0,19.073082419464818,143,4,55,60,245.0,-59.0,70.0,6.0,154.0,17.0,-91.0,6206.0,100.0,21.0,7.549287755802176,61.16770832777768,
8721,758.91986,235.3725412163759,20.257626495907047,215.864697723828,28.0,0.7474,292.0,46.0,175.0,1089.0,28.0,264.0,126.0,358.0,19.593355255589323,141,4,52,62,244.0,-61.0,69.0,2.0,150.0,14.0,-94.0,6188.0,97.0,17.0,7.553607806019906,61.16770832777768,
8722,805.96893,246.019869837998,10.831950004090793,211.15668315922488,28.0,0.7639,292.0,46.0,175.0,1089.0,28.0,264.0,126.0,358.0,11.02877646402502,141,2,51,63,244.0,-61.0,69.0,2.0,150.0,14.0,-94.0,6188.0,97.0,17.0,7.557927856237633,61.16770832777768,
8723,846.998,287.51974076069456,9.968955342189085,209.47419200815474,28.0,0.74735,295.0,47.0,177.0,1098.0,28.0,267.0,126.0,359.0,10.321006684251318,139,2,52,64,245.0,-64.0,69.0,0.0,148.0,12.0,-97.0,6192.0,94.0,15.0,7.562247906455362,61.16770832777768,
8724,874.4055,324.7078883016587,11.170563277620152,192.10223501914302,28.0,0.7245,295.0,47.0,177.0,1098.0,28.0,267.0,126.0,359.0,7.408041129190275,134,1,52,66,245.0,-64.0,69.0,0.0,148.0,12.0,-97.0,6192.0,94.0,15.0,7.566567956673091,61.16770832777768,
8725,976.46576,288.88393299966276,20.798415662832124,236.2141709573561,28.0,0.7197,313.0,52.0,193.0,1165.0,26.0,287.0,131.0,373.0,20.00435723991874,126,1,56,64,242.0,-74.0,68.0,-13.0,134.0,0.0,-108.0,6108.0,82.0,-32.0,7.583848157543936,61.16770832777768,
8726,967.67487,103.39831901892268,28.567834687637422,94.73479733726833,28.0,0.7269,312.0,50.0,186.0,1146.0,28.0,273.0,132.0,376.0,29.354978301692253,123,4,56,55,242.0,-63.0,69.0,0.0,147.0,12.0,-95.0,6116.0,94.0,-21.0,7.5055914973605296,61.16562499444453,
8727,875.52106,91.88323657873683,13.347788815494447,134.76374195882048,28.0,0.7481,310.0,49.0,185.0,1142.0,28.0,273.0,132.0,375.0,14.762477092918939,113,4,59,58,242.0,-63.0,69.0,0.0,146.0,12.0,-96.0,6143.0,94.0,-22.0,7.509911262250912,61.16562499444453,
8728,828.1816,92.30151972054196,9.36445711439299,154.53763247885152,28.0,0.7315,310.0,49.0,185.0,1142.0,28.0,273.0,132.0,375.0,9.15267196272139,118,4,59,60,242.0,-63.0,69.0,0.0,146.0,12.0,-96.0,6143.0,94.0,-22.0,7.514231027141293,61.16562499444453,
8729,818.30774,310.22866780567995,11.376864668894422,186.80701816053923,28.0,0.6969,312.0,50.0,188.0,1152.0,27.0,277.0,132.0,376.0,6.575012641689245,138,5,58,56,242.0,-65.0,68.0,-3.0,144.0,10.0,-98.0,6131.0,91.0,-24.0,7.518550792031675,61.16562499444453,
8730,830.1012,324.4646005396478,13.494529949674485,189.5357707047546,28.0,0.707,312.0,50.0,188.0,1152.0,27.0,277.0,132.0,376.0,7.622605023665557,135,6,55,55,242.0,-65.0,68.0,-3.0,144.0,10.0,-98.0,6131.0,91.0,-24.0,7.52287055692206,61.16562499444453,
8731,837.16956,280.0025252712589,18.77050760175509,184.2219714913395,28.0,0.7277,305.0,49.0,184.0,1130.0,27.0,272.0,130.0,369.0,9.814992903303999,135,2,54,58,242.0,-63.0,69.0,-1.0,146.0,12.0,-96.0,6150.0,93.0,16.0,7.527190321812441,61.16562499444453,
8732,829.61456,36.84378554186264,23.166760293639346,163.38245839025234,28.0,0.75035,305.0,49.0,184.0,1130.0,27.0,272.0,130.0,369.0,12.998052727199934,136,3,57,59,242.0,-63.0,69.0,-1.0,146.0,12.0,-96.0,6150.0,93.0,16.0,7.531510086702822,61.16562499444453,
8733,803.7029,122.95918078127734,23.434199332509113,169.0898344167676,28.0,0.7602,304.0,49.0,183.0,1127.0,28.0,272.0,129.0,368.0,15.807840989466245,138,4,56,59,243.0,-64.0,69.0,-1.0,146.0,11.0,-97.0,6131.0,93.0,15.0,7.535829851593205,61.16562499444453,
8734,810.9121,300.53388134697485,21.801422183745238,189.69202367930828,28.0,0.7402,304.0,49.0,183.0,1127.0,28.0,272.0,129.0,368.0,12.841909736959535,136,2,57,59,243.0,-64.0,69.0,-1.0,146.0,11.0,-97.0,6131.0,93.0,15.0,7.540149616483516,61.16562499444453,
8735,816.46967,187.02890461981622,23.784706472106084,181.5915411434786,28.0,0.7264,303.0,48.0,182.0,1123.0,27.0,272.0,129.0,366.0,13.416403887792779,142,2,54,59,243.0,-65.0,69.0,-2.0,145.0,10.0,-98.0,6157.0,92.0,15.0,7.544469381373899,61.16562499444453,
8736,811.4535,65.4810764104816,28.238074502213102,172.01606263831138,28.0,0.7391,303.0,48.0,182.0,1123.0,27.0,272.0,129.0,366.0,16.293194942627935,142,3,55,60,243.0,-65.0,69.0,-2.0,145.0,10.0,-98.0,6157.0,92.0,15.0,7.548789146264281,61.16562499444453,
8737,811.49774,230.2276536608502,29.709935201963447,184.01932303650386,28.0,0.7561,302.0,48.0,182.0,1122.0,27.0,273.0,128.0,365.0,17.492047849243715,139,4,55,56,245.0,-66.0,69.0,-3.0,146.0,10.0,-99.0,6177.0,92.0,14.0,7.553108911154664,61.16562499444453,
8738,815.0484,174.27272344112333,21.364865486906545,188.33807250467413,28.0,0.7696,302.0,48.0,182.0,1122.0,27.0,273.0,128.0,365.0,15.260919515753814,139,2,50,65,245.0,-66.0,69.0,-3.0,146.0,10.0,-99.0,6177.0,92.0,14.0,7.557428676045046,61.16562499444453,
8739,843.83057,277.7004357898323,12.744973947119183,211.6878675542233,28.0,0.7681,303.0,49.0,183.0,1127.0,27.0,275.0,129.0,366.0,11.835598775732874,134,1,53,64,243.0,-67.0,69.0,-4.0,143.0,8.0,-100.0,6125.0,89.0,12.0,7.561748440935427,61.16562499444453,
8740,878.8905,261.17733415945366,6.205837844704162,198.81273669363594,28.0,0.73975,303.0,49.0,183.0,1127.0,27.0,275.0,129.0,366.0,6.313414856073809,137,2,55,67,243.0,-67.0,69.0,-4.0,143.0,8.0,-100.0,6125.0,89.0,12.0,7.566068205825809,61.16562499444453,
8741,952.67584,103.49497123460341,23.32837424927697,109.57176223887988,28.0,0.7458,312.0,50.0,186.0,1146.0,28.0,273.0,132.0,376.0,24.01435818913267,122,1,54,59,242.0,-63.0,69.0,0.0,147.0,12.0,-95.0,6116.0,94.0,-21.0,7.505095816500446,61.16354166111139,
8742,879.66846,89.67884537127915,10.878396368894453,143.13172371511638,28.0,0.74655,310.0,49.0,185.0,1142.0,28.0,273.0,132.0,375.0,12.004810906701799,116,2,56,56,242.0,-63.0,69.0,0.0,146.0,12.0,-96.0,6143.0,94.0,-22.0,7.509415296106878,61.16354166111139,
8743,844.2022,115.1432092947347,9.074711388607449,166.29403979162504,28.0,0.71,310.0,49.0,185.0,1142.0,28.0,273.0,132.0,375.0,7.381462113259193,123,4,57,58,242.0,-63.0,69.0,0.0,146.0,12.0,-96.0,6143.0,94.0,-22.0,7.513734775713313,61.16354166111139,
8744,843.44055,293.834308019999,11.95818433532888,187.79493129596568,28.0,0.6752,312.0,50.0,188.0,1152.0,27.0,277.0,132.0,376.0,7.538885808579413,124,5,57,54,242.0,-65.0,68.0,-3.0,144.0,10.0,-98.0,6131.0,91.0,-24.0,7.518054255319747,61.16354166111139,
8745,863.1702,327.9374923822345,16.607016016351306,198.4769805593981,28.0,0.704,312.0,50.0,188.0,1152.0,27.0,277.0,132.0,376.0,11.273884832183432,137,5,60,53,242.0,-65.0,68.0,-3.0,144.0,10.0,-98.0,6131.0,91.0,-24.0,7.52237373492618,61.16354166111139,
8746,882.0356,341.4143564141821,23.323487783658457,195.0211566372481,28.0,0.73405,305.0,49.0,184.0,1130.0,27.0,272.0,130.0,369.0,14.6566867991137,130,4,54,57,242.0,-63.0,69.0,-1.0,146.0,12.0,-96.0,6150.0,93.0,16.0,7.526693214532615,61.16354166111139,
8747,881.4605,78.08071022917838,25.4687610104878,159.79185937363945,28.0,0.747,305.0,49.0,184.0,1130.0,27.0,272.0,130.0,369.0,16.7254052849796,135,3,54,57,242.0,-63.0,69.0,-1.0,146.0,12.0,-96.0,6150.0,93.0,16.0,7.531012694139047,61.16354166111139,
8748,852.07947,95.28169402328177,19.403832170065506,167.1736860115658,28.0,0.7567,304.0,49.0,183.0,1127.0,28.0,272.0,129.0,368.0,12.292687884555583,127,5,56,58,243.0,-64.0,69.0,-1.0,146.0,11.0,-97.0,6131.0,93.0,15.0,7.5353321737454815,61.16354166111139,
8749,854.68976,292.84047500655265,18.009714781098435,188.8307358555726,28.0,0.7442,304.0,49.0,183.0,1127.0,28.0,272.0,129.0,368.0,10.374325848292298,133,4,55,59,243.0,-64.0,69.0,-1.0,146.0,11.0,-97.0,6131.0,93.0,15.0,7.539651653351846,61.16354166111139,
8750,862.2861,322.05624734037076,18.657153343377324,187.1712739280698,28.0,0.7333,303.0,48.0,182.0,1123.0,27.0,272.0,129.0,366.0,11.46899657458875,133,3,53,60,243.0,-65.0,69.0,-2.0,145.0,10.0,-98.0,6157.0,92.0,15.0,7.54397113295828,61.16354166111139,
8751,865.53076,189.9570037119311,19.423445352942842,180.5066779419603,28.0,0.725,303.0,48.0,182.0,1123.0,27.0,272.0,129.0,366.0,11.226532742508692,123,3,56,59,243.0,-65.0,69.0,-2.0,145.0,10.0,-98.0,6157.0,92.0,15.0,7.5482906125647125,61.16354166111139,
8752,870.0734,237.03874577606035,21.78648418986747,183.66936853026675,28.0,0.7198,302.0,48.0,182.0,1122.0,27.0,273.0,128.0,365.0,12.160689700984264,130,4,57,59,245.0,-66.0,69.0,-3.0,146.0,10.0,-99.0,6177.0,92.0,14.0,7.556929571777583,61.16354166111139,
8753,878.0554,316.2301439569517,21.827296446123334,187.3777728337304,28.0,0.7208,303.0,49.0,183.0,1127.0,27.0,275.0,129.0,366.0,13.359290786737994,122,3,55,58,243.0,-67.0,69.0,-4.0,143.0,8.0,-100.0,6125.0,89.0,12.0,7.561249051384015,61.16354166111139,
8754,942.79333,101.82307941289947,17.38541619788302,127.91788973233874,28.0,0.7238,312.0,50.0,186.0,1146.0,28.0,273.0,132.0,376.0,17.463246568270623,116,2,55,58,242.0,-63.0,69.0,0.0,147.0,12.0,-95.0,6116.0,94.0,-21.0,7.5046002110284515,61.161458327778234,
8755,887.7181,84.83307361126396,9.13079699639582,147.97673782604835,28.0,0.6976,310.0,49.0,185.0,1142.0,28.0,273.0,132.0,375.0,10.444271331172741,109,4,58,54,242.0,-63.0,69.0,0.0,146.0,12.0,-96.0,6143.0,94.0,-22.0,7.508919405394326,61.161458327778234,
8756,862.9838,154.4287536381674,8.293754167533173,176.8447096345574,28.0,0.6637,310.0,49.0,185.0,1142.0,28.0,273.0,132.0,375.0,4.974645186918732,118,7,59,56,242.0,-63.0,69.0,0.0,146.0,12.0,-96.0,6143.0,94.0,-22.0,7.5132385997602,61.161458327778234,
8757,868.09045,333.9575893224194,11.61860796498102,190.4540668254865,28.0,0.6648,312.0,50.0,188.0,1152.0,27.0,277.0,132.0,376.0,7.1088034560406355,139,4,59,55,242.0,-65.0,68.0,-3.0,144.0,10.0,-98.0,6131.0,91.0,-24.0,7.517557794126073,61.161458327778234,
8758,894.4972,315.44371354908907,16.012775084798694,205.71988535337923,28.0,0.7093,312.0,50.0,188.0,1152.0,27.0,277.0,132.0,376.0,11.650400648770127,146,20,59,57,242.0,-65.0,68.0,-3.0,144.0,10.0,-98.0,6131.0,91.0,-24.0,7.521876988491949,61.161458327778234,
8759,930.2953,311.73039363102953,18.460114957649328,211.00680616143225,28.0,0.7207,305.0,49.0,184.0,1130.0,27.0,272.0,130.0,369.0,13.811759166939316,135,5,58,54,242.0,-63.0,69.0,-1.0,146.0,12.0,-96.0,6150.0,93.0,16.0,7.5261961828578245,61.161458327778234,
8760,938.6167,99.12211432840071,16.26451053323989,152.16245201832297,28.0,0.7326,305.0,49.0,184.0,1130.0,27.0,272.0,130.0,369.0,12.727280423032242,138,4,58,55,242.0,-63.0,69.0,-1.0,146.0,12.0,-96.0,6150.0,93.0,16.0,7.530515377223697,61.161458327778234,
8761,892.21564,260.684988264609,16.138923910711778,187.8028403967702,28.0,0.72445,304.0,49.0,183.0,1127.0,28.0,272.0,129.0,368.0,10.079856066198591,136,5,58,58,243.0,-64.0,69.0,-1.0,146.0,11.0,-97.0,6131.0,93.0,15.0,7.539153765955376,61.161458327778234,
8762,901.88806,296.579154498296,15.35190818404662,186.06873840220166,28.0,0.7227,303.0,48.0,182.0,1123.0,27.0,272.0,129.0,366.0,8.558760125204053,133,16,56,59,243.0,-65.0,69.0,-2.0,145.0,10.0,-98.0,6157.0,92.0,15.0,7.543472960321251,61.161458327778234,
8763,903.8546,185.1469358758934,14.917381662379688,181.7593800178341,28.0,0.6939,303.0,48.0,182.0,1123.0,27.0,272.0,129.0,366.0,8.611300261716993,129,16,57,58,243.0,-65.0,69.0,-2.0,145.0,10.0,-98.0,6157.0,92.0,15.0,7.547792154687126,61.161458327778234,
8764,645.6668,196.93318165767582,39.64996324157583,203.2949533985851,28.0,0.7008,128.0,24.0,87.0,640.0,33.0,210.0,78.0,226.0,22.1693044755887,113,3,56,54,295.0,-80.0,83.0,-38.0,176.0,15.0,-119.0,7467.0,112.0,101.0,8.519610887007072,61.161458327778234,
8765,936.6591,99.95066424094264,12.77389703444941,140.0059180962361,28.0,0.704,312.0,50.0,186.0,1146.0,28.0,273.0,132.0,376.0,13.18100684582695,108,4,54,57,242.0,-63.0,69.0,0.0,147.0,12.0,-95.0,6116.0,94.0,-21.0,7.504104680928312,61.159374994445095,
8766,894.66864,93.38590026565716,7.954998041421804,157.6538843105219,28.0,0.6692,310.0,49.0,185.0,1142.0,28.0,273.0,132.0,375.0,7.893912278532579,106,5,58,54,242.0,-63.0,69.0,0.0,146.0,12.0,-96.0,6143.0,94.0,-22.0,7.508423590097006,61.159374994445095,
8767,895.017,330.09009708533847,17.7268820306417,196.93911537304197,28.0,0.6844,312.0,50.0,188.0,1152.0,27.0,277.0,132.0,376.0,10.646438273685455,128,4,55,56,242.0,-65.0,68.0,-3.0,144.0,10.0,-98.0,6131.0,91.0,-24.0,7.517061408434396,61.159374994445095,
8768,926.883,321.99526558978897,21.756758800515787,206.18919450223288,28.0,0.6818,312.0,50.0,188.0,1152.0,27.0,277.0,132.0,376.0,13.771223360195425,133,5,61,58,242.0,-65.0,68.0,-3.0,144.0,10.0,-98.0,6131.0,91.0,-24.0,7.521380317603092,61.159374994445095,
8769,570.6455,234.22123413599297,35.36196536122292,241.2370921096222,28.0,0.7293,128.0,24.0,87.0,640.0,33.0,210.0,78.0,226.0,25.670015105270902,94,7,52,61,295.0,-80.0,83.0,-38.0,176.0,15.0,-119.0,7467.0,112.0,101.0,8.519048335569652,61.159374994445095,
8770,921.8879,308.5071077364921,20.13450258591764,194.56141047985986,28.0,0.6517,329.0,54.0,201.0,1211.0,26.0,292.0,137.0,392.0,12.273272678074974,121,6,60,53,240.0,-71.0,68.0,-11.0,136.0,3.0,-104.0,6065.0,84.0,-30.0,7.512246474213552,61.157291661111955,
8771,943.62805,328.97060038409893,28.608699754440337,206.20973059432762,28.0,0.675,329.0,54.0,201.0,1211.0,26.0,292.0,137.0,392.0,17.3353359770054,130,3,58,55,240.0,-71.0,68.0,-11.0,136.0,3.0,-104.0,6065.0,84.0,-30.0,7.516565098228437,61.157291661111955,
8772,522.65686,179.54369872725476,39.907129144936505,181.08420817181573,28.0,0.7478,118.0,22.0,79.0,602.0,34.0,197.0,73.0,215.0,26.150220105763225,96,6,54,61,300.0,-72.0,84.0,-26.0,189.0,26.0,-111.0,7603.0,125.0,112.0,8.522804493694707,61.157291661111955,
8773,982.8383,93.0694228004793,16.169357569955817,175.15837721339875,28.0,0.7046,318.0,52.0,195.0,1179.0,26.0,288.0,133.0,380.0,9.828862473046355,143,20,59,54,242.0,-73.0,68.0,-11.0,136.0,2.0,-106.0,6111.0,83.0,-31.0,7.550615574727352,61.1552083277788,
8774,986.11707,309.14173295184565,19.358094632502304,193.62578020174107,28.0,0.729,318.0,52.0,195.0,1179.0,26.0,288.0,133.0,380.0,11.64549062867161,137,4,49,58,242.0,-73.0,68.0,-11.0,136.0,2.0,-106.0,6111.0,83.0,-31.0,7.554933913631787,61.1552083277788,
8775,998.5585,186.54558743395765,23.16568671704921,182.2074364857117,28.0,0.6834,314.0,51.0,192.0,1166.0,26.0,285.0,132.0,376.0,12.830828152406005,135,3,55,56,242.0,-72.0,68.0,-10.0,137.0,3.0,-105.0,6110.0,84.0,-30.0,7.559252252536222,61.1552083277788,
8776,28.98253,57.91852623669958,47.03008976134526,170.24590200334725,29.0,0.4233,309.0,47.0,164.0,1120.0,35.0,237.0,143.0,405.0,25.523420492551036,129,20,59,51,233.0,-8.0,68.0,98.0,196.0,66.0,-37.0,5926.0,144.0,67.0,7.246418347360128,61.146874994446215,
8777,198.49887,172.2116830411865,84.03997231449664,179.20149869555766,29.0,0.75285,309.0,47.0,164.0,1120.0,35.0,237.0,143.0,405.0,41.16204716044819,108,16,65,53,233.0,-8.0,68.0,98.0,196.0,66.0,-37.0,5926.0,144.0,67.0,7.245940153141815,61.144791661113075,
8778,145.53403,29.88782059679379,88.94396118356862,135.35861801088814,29.0,0.79435,307.0,46.0,163.0,1113.0,35.0,237.0,142.0,402.0,42.92562524121349,135,23,54,46,233.0,-8.0,68.0,99.0,196.0,66.0,-37.0,5961.0,145.0,67.0,7.250257067144091,61.144791661113075,
8779,151.38646,281.2968554662722,64.63672290714085,254.72348469126882,29.0,0.7336,320.0,48.0,169.0,1149.0,34.0,243.0,145.0,411.0,52.986313300510574,147,35,54,51,233.0,-13.0,68.0,92.0,191.0,61.0,-42.0,5938.0,139.0,62.0,7.241145402458787,61.14270832777992,
8780,361.34055,306.55109299621336,63.64273692647066,243.0445620527576,29.0,0.8087,309.0,47.0,164.0,1120.0,35.0,237.0,143.0,405.0,37.95313876927985,122,14,58,50,233.0,-8.0,68.0,98.0,196.0,66.0,-37.0,5926.0,144.0,67.0,7.245462031610582,61.14270832777992,
8781,396.15347,109.28378882471948,98.8592337726346,155.02598662545907,29.0,0.8211,309.0,47.0,164.0,1120.0,35.0,237.0,143.0,405.0,46.37215305237214,111,17,60,53,233.0,-8.0,68.0,98.0,196.0,66.0,-37.0,5926.0,144.0,67.0,7.249778660762378,61.14270832777992,
8782,294.57733,52.223704941128226,104.97497356930249,134.297454963212,29.0,0.8142,307.0,46.0,163.0,1113.0,35.0,237.0,142.0,402.0,48.8652129225243,122,22,57,49,233.0,-8.0,68.0,99.0,196.0,66.0,-37.0,5961.0,145.0,67.0,7.254095289914175,61.14270832777992,
8783,197.05386,34.524767936241005,75.606202049341,117.01821060227161,29.0,0.8142,304.0,46.0,162.0,1105.0,35.0,234.0,141.0,400.0,41.332767572883576,106,20,56,51,233.0,-8.0,69.0,99.0,196.0,66.0,-37.0,5964.0,145.0,67.0,7.258411919065969,61.14270832777992,
8784,109.49551,68.39286345702276,73.88711115609672,147.03366695513677,29.0,0.7834,304.0,46.0,162.0,1105.0,35.0,234.0,141.0,400.0,39.932999905755196,97,22,59,51,233.0,-8.0,69.0,99.0,196.0,66.0,-37.0,5964.0,145.0,67.0,7.262728548217764,61.14270832777992,
8785,142.34402,274.10011383512995,62.99749669227048,254.84679816926575,28.0,0.69015,356.0,54.0,191.0,1262.0,32.0,274.0,153.0,438.0,51.7296890907107,111,22,55,54,234.0,-36.0,67.0,66.0,167.0,37.0,-67.0,5941.0,115.0,3.0,7.240667638406173,61.14062499444678,
8786,437.61896,293.53856774132686,60.45455097520842,253.95113220227412,28.0,0.7692,370.0,57.0,202.0,1306.0,30.0,286.0,156.0,447.0,42.554427456563516,120,15,56,51,234.0,-46.0,66.0,54.0,156.0,26.0,-78.0,5916.0,105.0,-6.0,7.244983982750783,61.14062499444678,
8787,558.78235,268.1706819350126,56.117621580027894,213.8855222111479,28.0,0.8259,370.0,57.0,202.0,1306.0,30.0,286.0,156.0,447.0,29.577042151012417,123,11,56,53,234.0,-46.0,66.0,54.0,156.0,26.0,-78.0,5916.0,105.0,-6.0,7.249300327095393,61.14062499444678,
8788,518.76074,36.49678116938413,77.04580571050502,109.34297326392239,28.0,0.8315,355.0,54.0,192.0,1258.0,31.0,274.0,152.0,435.0,42.16533101048888,121,15,55,54,235.0,-39.0,67.0,64.0,165.0,34.0,-70.0,5973.0,113.0,0.0,7.253616671440005,61.14062499444678,
8789,359.2259,45.46940841816908,74.66404757992763,94.82133980835914,28.0,0.8477,355.0,54.0,192.0,1258.0,31.0,274.0,152.0,435.0,44.38300062262019,120,19,52,54,235.0,-39.0,67.0,64.0,165.0,34.0,-70.0,5973.0,113.0,0.0,7.257933015784616,61.14062499444678,
8790,295.98068,163.35635802941178,86.43515086754489,180.33725720805808,29.0,0.83695,334.0,50.0,178.0,1190.0,32.0,257.0,147.0,417.0,46.03944830001616,119,21,56,52,234.0,-28.0,68.0,77.0,176.0,46.0,-58.0,5961.0,125.0,10.0,7.262249360129226,61.14062499444678,
8791,245.14977,42.01091713333072,103.71665123585308,124.47815008423939,29.0,0.8369,334.0,50.0,178.0,1190.0,32.0,257.0,147.0,417.0,47.068345106827245,110,20,54,53,234.0,-28.0,68.0,77.0,176.0,46.0,-58.0,5961.0,125.0,10.0,7.266565704473836,61.14062499444678,
8792,136.76793,35.83705669832435,78.1260815502007,119.94884951728898,29.0,0.8324,315.0,47.0,168.0,1135.0,34.0,243.0,143.0,404.0,40.756922389965965,104,9,64,52,235.0,-17.0,69.0,90.0,189.0,58.0,-46.0,5993.0,136.0,59.0,7.270882048818378,61.14062499444678,
8793,40.41668,31.486996472445973,50.197607541211184,124.7201639845564,29.0,0.8403,300.0,45.0,160.0,1093.0,34.0,234.0,140.0,395.0,30.109737350583128,132,21,61,50,234.0,-8.0,69.0,99.0,197.0,66.0,-37.0,5986.0,145.0,67.0,7.275198393162988,61.14062499444678,
8794,420.15338,267.807451166528,68.73083469464564,254.74905665354595,28.0,0.72645,370.0,57.0,202.0,1306.0,30.0,286.0,156.0,447.0,51.68823997047638,114,10,58,54,234.0,-46.0,66.0,54.0,156.0,26.0,-78.0,5916.0,105.0,-6.0,7.244506006546765,61.13854166111363,
8795,648.1013,289.25899580805645,37.353576970597906,236.2493790470347,28.0,0.819,370.0,57.0,202.0,1306.0,30.0,286.0,156.0,447.0,29.52014032447514,118,7,57,57,234.0,-46.0,66.0,54.0,156.0,26.0,-78.0,5916.0,105.0,-6.0,7.2488220661274765,61.13854166111363,
8796,666.8386,79.83526711647038,42.99309570135121,135.45146735113593,28.0,0.8246,355.0,54.0,192.0,1258.0,31.0,274.0,152.0,435.0,25.365441074047595,133,4,58,55,235.0,-39.0,67.0,64.0,165.0,34.0,-70.0,5973.0,113.0,0.0,7.253138125708189,61.13854166111363,
8797,530.8782,49.069768110184874,69.61323148075951,90.12418566603804,28.0,0.8362,355.0,54.0,192.0,1258.0,31.0,274.0,152.0,435.0,42.675401023285204,122,6,57,53,235.0,-39.0,67.0,64.0,165.0,34.0,-70.0,5973.0,113.0,0.0,7.257454185288901,61.13854166111363,
8798,473.21542,242.6230724232746,76.9514118945643,206.48638774308614,29.0,0.82515,334.0,50.0,178.0,1190.0,32.0,257.0,147.0,417.0,44.22178360750642,121,14,54,51,234.0,-28.0,68.0,77.0,176.0,46.0,-58.0,5961.0,125.0,10.0,7.261770244869612,61.13854166111363,
8799,505.9522,74.42454482981408,78.95314327002929,133.06581668794828,29.0,0.8301,334.0,50.0,178.0,1190.0,32.0,257.0,147.0,417.0,34.880128793273485,118,11,60,56,234.0,-28.0,68.0,77.0,176.0,46.0,-58.0,5961.0,125.0,10.0,7.266086304450324,61.13854166111363,
8800,353.14157,56.35955340335641,84.09708163640077,108.37395406974734,29.0,0.81765,315.0,47.0,168.0,1135.0,34.0,243.0,143.0,404.0,48.4174549121979,121,8,58,52,235.0,-17.0,69.0,90.0,189.0,58.0,-46.0,5993.0,136.0,59.0,7.270402364030967,61.13854166111363,
8801,214.29344,40.89465320803403,74.33432917922636,95.1702711532781,29.0,0.813,315.0,47.0,168.0,1135.0,34.0,243.0,143.0,404.0,46.48604435122213,138,10,59,52,235.0,-17.0,69.0,90.0,189.0,58.0,-46.0,5993.0,136.0,59.0,7.274718423611679,61.13854166111363,
8802,74.06124,36.46917573108726,55.8075450584628,109.93074191415899,29.0,0.8237,300.0,45.0,160.0,1093.0,34.0,234.0,140.0,395.0,39.34822960009516,150,20,62,50,234.0,-8.0,69.0,99.0,197.0,66.0,-37.0,5986.0,145.0,67.0,7.27903448319239,61.13854166111363,
8803,97.905975,269.2453535824918,46.31506373323543,253.91470702031836,28.0,0.7061,356.0,54.0,191.0,1262.0,32.0,274.0,153.0,438.0,44.80885510677012,124,5,66,56,234.0,-36.0,67.0,66.0,167.0,37.0,-67.0,5941.0,115.0,3.0,7.2397123281228,61.13645832778049,
8804,365.9229,268.81399530488517,71.23775994462149,255.0,28.0,0.71275,370.0,57.0,202.0,1306.0,30.0,286.0,156.0,447.0,53.99628686950356,116,15,60,53,234.0,-46.0,66.0,54.0,156.0,26.0,-78.0,5916.0,105.0,-6.0,7.244028102982889,61.13645832778049,
8805,622.91864,235.6128987920616,37.632875469295506,234.64456304751278,28.0,0.79225,370.0,57.0,202.0,1306.0,30.0,286.0,156.0,447.0,26.45234478599512,142,3,60,56,234.0,-46.0,66.0,54.0,156.0,26.0,-78.0,5916.0,105.0,-6.0,7.248343877842978,61.13645832778049,
8806,678.1228,220.74372852021642,21.446100371692612,211.66683801845028,28.0,0.82925,355.0,54.0,192.0,1258.0,31.0,274.0,152.0,435.0,15.877771772169618,137,4,59,56,235.0,-39.0,67.0,64.0,165.0,34.0,-70.0,5973.0,113.0,0.0,7.252659652703069,61.13645832778049,
8807,665.7845,76.28606689395691,44.577743965393125,124.25436754293234,28.0,0.8468,355.0,54.0,192.0,1258.0,31.0,274.0,152.0,435.0,30.28568217064798,121,5,57,55,235.0,-39.0,67.0,64.0,165.0,34.0,-70.0,5973.0,113.0,0.0,7.256975427563158,61.13645832778049,
8808,618.62305,173.67898154822987,48.35648131828695,169.2792625450152,29.0,0.8367,334.0,50.0,178.0,1190.0,32.0,257.0,147.0,417.0,31.204073063139543,124,7,58,55,234.0,-28.0,68.0,77.0,176.0,46.0,-58.0,5961.0,125.0,10.0,7.261291202423249,61.13645832778049,
8809,538.70654,111.30968023679856,40.798836884472415,99.56429489449182,29.0,0.8079,334.0,50.0,178.0,1190.0,32.0,257.0,147.0,417.0,31.32600792101907,123,5,53,56,234.0,-28.0,68.0,77.0,176.0,46.0,-58.0,5961.0,125.0,10.0,7.265606977283339,61.13645832778049,
8810,405.94626,131.31779929742174,54.790884604248994,101.46350697637533,29.0,0.7773,315.0,47.0,168.0,1135.0,34.0,243.0,143.0,404.0,38.51778347063044,126,6,55,57,235.0,-17.0,69.0,90.0,189.0,58.0,-46.0,5993.0,136.0,59.0,7.269922752143359,61.13645832778049,
8811,287.26788,122.22364824207999,43.27814023228484,107.43819602974034,29.0,0.7733,315.0,47.0,168.0,1135.0,34.0,243.0,143.0,404.0,33.63552646243485,125,7,58,57,235.0,-17.0,69.0,90.0,189.0,58.0,-46.0,5993.0,136.0,59.0,7.274238527003448,61.13645832778049,
8812,173.0815,112.91361739075212,37.732278846562416,109.53437299943958,29.0,0.8004,300.0,45.0,160.0,1093.0,34.0,234.0,140.0,395.0,36.23600602634096,137,0,61,57,234.0,-8.0,69.0,99.0,197.0,66.0,-37.0,5986.0,145.0,67.0,7.278554301863539,61.13645832778049,
8813,65.40576,84.5967491131664,38.48328441945634,120.54316451090976,29.0,0.78185,300.0,45.0,160.0,1093.0,34.0,234.0,140.0,395.0,30.66678002606665,131,0,66,56,234.0,-8.0,69.0,99.0,197.0,66.0,-37.0,5986.0,145.0,67.0,7.28287007672363,61.13645832778049,
8814,97.699326,282.9322608427311,42.912020620965556,254.5323127486496,28.0,0.8174,356.0,54.0,191.0,1262.0,32.0,274.0,153.0,438.0,40.15545984949474,131,22,60,56,234.0,-36.0,67.0,66.0,167.0,37.0,-67.0,5941.0,115.0,3.0,7.239234781860778,61.134374994447334,
8815,338.82025,269.8175817580949,61.063778393358554,254.78286416076983,28.0,0.8084,370.0,57.0,202.0,1306.0,30.0,286.0,156.0,447.0,47.47587890570347,118,11,56,55,234.0,-46.0,66.0,54.0,156.0,26.0,-78.0,5916.0,105.0,-6.0,7.243550272043512,61.134374994447334,
8816,527.82135,246.20810151664526,39.50257238894914,250.63121612413855,28.0,0.8317,370.0,57.0,202.0,1306.0,30.0,286.0,156.0,447.0,33.713397381832024,128,7,61,57,234.0,-46.0,66.0,54.0,156.0,26.0,-78.0,5916.0,105.0,-6.0,7.2478657622262475,61.134374994447334,
8817,634.8102,261.13971187532667,27.11312376353318,243.66474283052133,28.0,0.8367,355.0,54.0,192.0,1258.0,31.0,274.0,152.0,435.0,24.140933244015464,134,4,56,57,235.0,-39.0,67.0,64.0,165.0,34.0,-70.0,5973.0,113.0,0.0,7.252181252408984,61.134374994447334,
8818,720.24994,217.8179713459279,30.323761883953836,198.64972270786268,28.0,0.83275,355.0,54.0,192.0,1258.0,31.0,274.0,152.0,435.0,20.69860904383178,124,5,56,55,235.0,-39.0,67.0,64.0,165.0,34.0,-70.0,5973.0,113.0,0.0,7.25649674259172,61.134374994447334,
8819,646.3818,91.03012781450039,33.76085132490124,88.15853902085409,29.0,0.8258,334.0,50.0,178.0,1190.0,32.0,257.0,147.0,417.0,32.70220102538184,123,6,58,57,234.0,-28.0,68.0,77.0,176.0,46.0,-58.0,5961.0,125.0,10.0,7.2608122327744535,61.134374994447334,
8820,477.01016,104.9590126165575,45.45410852159708,70.66304404287493,29.0,0.8105,334.0,50.0,178.0,1190.0,32.0,257.0,147.0,417.0,40.81011825568004,115,3,56,57,234.0,-28.0,68.0,77.0,176.0,46.0,-58.0,5961.0,125.0,10.0,7.26512772295719,61.134374994447334,
8821,336.26688,134.50496752151724,49.53719218094883,134.86798755054969,29.0,0.78345,315.0,47.0,168.0,1135.0,34.0,243.0,143.0,404.0,36.628976412435854,117,5,56,57,235.0,-17.0,69.0,90.0,189.0,58.0,-46.0,5993.0,136.0,59.0,7.269443213139858,61.134374994447334,
8822,276.4728,88.77126312873428,54.05106011304698,143.96511337422788,29.0,0.8055,315.0,47.0,168.0,1135.0,34.0,243.0,143.0,404.0,34.129571641186836,115,5,59,57,235.0,-17.0,69.0,90.0,189.0,58.0,-46.0,5993.0,136.0,59.0,7.273758703322592,61.134374994447334,
8823,228.05519,112.34808719078133,55.02930246056088,146.28937200118145,29.0,0.84125,300.0,45.0,160.0,1093.0,34.0,234.0,140.0,395.0,40.251483460084906,144,0,55,55,234.0,-8.0,69.0,99.0,197.0,66.0,-37.0,5986.0,145.0,67.0,7.2780741935053275,61.134374994447334,
8824,178.35077,40.17659884919453,64.37657338938583,149.44086653742718,29.0,0.8605,300.0,45.0,160.0,1093.0,34.0,234.0,140.0,395.0,35.750431120090134,126,0,58,56,234.0,-8.0,69.0,99.0,197.0,66.0,-37.0,5986.0,145.0,67.0,7.282389683688064,61.134374994447334,
8825,129.51767,289.8080364001552,50.14670664619536,255.0,28.0,0.83525,366.0,56.0,199.0,1295.0,31.0,283.0,155.0,445.0,40.39987633783739,115,12,61,54,235.0,-42.0,67.0,59.0,161.0,31.0,-74.0,5937.0,109.0,-2.0,7.238757308164365,61.13229166111418,
8826,360.36496,288.46017662148245,57.64882391520947,254.26421594517558,28.0,0.82735,392.0,62.0,218.0,1380.0,29.0,307.0,161.0,465.0,45.54637774561791,113,8,64,57,232.0,-57.0,65.0,40.0,143.0,14.0,-89.0,5864.0,92.0,-17.0,7.243072513713003,61.13229166111418,
8827,544.29926,304.69737485391965,52.74475759077813,252.67922447487402,28.0,0.82885,392.0,62.0,218.0,1380.0,29.0,307.0,161.0,465.0,37.57345969919124,118,9,64,59,232.0,-57.0,65.0,40.0,143.0,14.0,-89.0,5864.0,92.0,-17.0,7.247387719261643,61.13229166111418,
8828,681.63135,312.55358346294497,64.2516834239053,251.55064030005641,28.0,0.7855,370.0,58.0,204.0,1309.0,30.0,289.0,155.0,446.0,40.74427587579717,134,7,58,59,234.0,-48.0,66.0,52.0,154.0,24.0,-80.0,5919.0,103.0,-8.0,7.2517029248102824,61.13229166111418,
8829,796.33875,181.9470084454402,40.726311574529355,185.2855218221966,28.0,0.8012,370.0,58.0,204.0,1309.0,30.0,289.0,155.0,446.0,28.027887248583585,145,3,58,58,234.0,-48.0,66.0,52.0,154.0,24.0,-80.0,5919.0,103.0,-8.0,7.256018130358922,61.13229166111418,
8830,689.84827,85.34792882049676,39.69037823993146,70.13572224248931,28.0,0.79145,368.0,57.0,202.0,1303.0,30.0,288.0,155.0,444.0,38.67984145098949,125,4,59,55,235.0,-48.0,66.0,52.0,155.0,24.0,-80.0,5932.0,103.0,-8.0,7.260333335907561,61.13229166111418,
8831,493.34814,100.06129405134371,40.077542754314706,72.19468491067232,28.0,0.82765,368.0,57.0,202.0,1303.0,30.0,288.0,155.0,444.0,40.4929169465744,116,3,56,55,235.0,-48.0,66.0,52.0,155.0,24.0,-80.0,5932.0,103.0,-8.0,7.2646485414562,61.13229166111418,
8832,442.8128,241.20887766141686,51.25950070065681,202.7974544172136,28.0,0.84775,354.0,55.0,194.0,1259.0,31.0,277.0,151.0,432.0,30.373963551235345,119,6,58,59,235.0,-43.0,67.0,59.0,161.0,30.0,-74.0,5977.0,110.0,-4.0,7.26896374700477,61.13229166111418,
8833,427.57605,47.040114031752736,65.6748104079661,138.33136240610378,28.0,0.83715,354.0,55.0,194.0,1259.0,31.0,277.0,151.0,432.0,35.30875856537444,128,4,58,57,235.0,-43.0,67.0,59.0,161.0,30.0,-74.0,5977.0,110.0,-4.0,7.27327895255341,61.13229166111418,
8834,362.61136,179.1125429501617,62.40364584650296,169.26851473148008,28.0,0.82545,335.0,51.0,181.0,1195.0,32.0,260.0,146.0,416.0,40.000607192623576,122,6,55,55,235.0,-32.0,68.0,73.0,173.0,42.0,-62.0,5979.0,121.0,7.0,7.277594158102049,61.13229166111418,
8835,347.01633,36.95267790535231,74.2192583230789,143.3735456710501,28.0,0.843,335.0,51.0,181.0,1195.0,32.0,260.0,146.0,416.0,38.09618478190542,115,6,54,58,235.0,-32.0,68.0,73.0,173.0,42.0,-62.0,5979.0,121.0,7.0,7.28190936365069,61.13229166111418,
8836,264.52377,35.16158442955901,72.81002909480443,111.43980060731447,29.0,0.87095,314.0,47.0,168.0,1134.0,33.0,245.0,142.0,402.0,41.417871995219016,114,0,52,56,236.0,-20.0,69.0,86.0,186.0,54.0,-50.0,6003.0,133.0,55.0,7.2862245691993275,61.13229166111418,
8837,122.49146,45.45418604005038,64.48501961903774,96.5291039633497,29.0,0.8666,314.0,47.0,168.0,1134.0,33.0,245.0,142.0,402.0,40.77143665467447,123,0,52,53,236.0,-20.0,69.0,86.0,186.0,54.0,-50.0,6003.0,133.0,55.0,7.290539774747967,61.13229166111418,
8838,193.27222,293.9066329704155,60.819097217892775,255.0,28.0,0.8207,366.0,56.0,199.0,1295.0,31.0,283.0,155.0,445.0,44.94253785417804,122,6,69,53,235.0,-42.0,67.0,59.0,161.0,31.0,-74.0,5937.0,109.0,-2.0,7.238279907017944,61.13020832778104,
8839,415.29266,296.6369561416688,68.27594459994745,254.94027133564325,28.0,0.8291,392.0,62.0,218.0,1380.0,29.0,307.0,161.0,465.0,45.20253931373103,106,8,67,60,232.0,-57.0,65.0,40.0,143.0,14.0,-89.0,5864.0,92.0,-17.0,7.242594827975737,61.13020832778104,
8840,633.841,303.0305244787769,69.36094890120948,251.89731618434223,28.0,0.7922,392.0,62.0,218.0,1380.0,29.0,307.0,161.0,465.0,45.77820683466648,119,9,57,59,232.0,-57.0,65.0,40.0,143.0,14.0,-89.0,5864.0,92.0,-17.0,7.246909748933528,61.13020832778104,
8841,715.22186,82.6552581012818,42.02567451061758,66.21719043867034,28.0,0.7665,368.0,57.0,202.0,1303.0,30.0,288.0,155.0,444.0,40.41639025327435,118,4,56,56,235.0,-48.0,66.0,52.0,155.0,24.0,-80.0,5932.0,103.0,-8.0,7.259854511806905,61.13020832778104,
8842,545.72266,107.47816132578747,44.027406326164375,110.94464132487666,28.0,0.7872,368.0,57.0,202.0,1303.0,30.0,288.0,155.0,444.0,35.34362118776661,127,3,58,56,235.0,-48.0,66.0,52.0,155.0,24.0,-80.0,5932.0,103.0,-8.0,7.264169432764698,61.13020832778104,
8843,553.77484,326.2845719409285,56.85915209050856,228.825874464839,28.0,0.84315,354.0,55.0,194.0,1259.0,31.0,277.0,151.0,432.0,32.377593538112215,116,4,55,61,235.0,-43.0,67.0,59.0,161.0,30.0,-74.0,5977.0,110.0,-4.0,7.26848435372242,61.13020832778104,
8844,587.1592,108.80186868234237,67.62336481397114,142.37599437682968,28.0,0.846,354.0,55.0,194.0,1259.0,31.0,277.0,151.0,432.0,38.21182979572777,115,3,55,58,235.0,-43.0,67.0,59.0,161.0,30.0,-74.0,5977.0,110.0,-4.0,7.272799274680212,61.13020832778104,
8845,497.34793,205.74158196921778,71.2713454100447,169.05703618906693,28.0,0.831,335.0,51.0,181.0,1195.0,32.0,260.0,146.0,416.0,44.40895231138788,114,6,56,54,235.0,-32.0,68.0,73.0,173.0,42.0,-62.0,5979.0,121.0,7.0,7.277114195638003,61.13020832778104,
8846,519.36926,54.311773885646346,69.62717579569221,140.65900488166474,28.0,0.8478,335.0,51.0,181.0,1195.0,32.0,260.0,146.0,416.0,36.985552656694225,116,5,52,58,235.0,-32.0,68.0,73.0,173.0,42.0,-62.0,5979.0,121.0,7.0,7.281429116595795,61.13020832778104,
8847,429.45343,40.49146800344564,63.50435089101219,109.33596719964447,29.0,0.8756,314.0,47.0,168.0,1134.0,33.0,245.0,142.0,402.0,37.91662938998761,129,7,54,56,236.0,-20.0,69.0,86.0,186.0,54.0,-50.0,6003.0,133.0,55.0,7.285744037553588,61.13020832778104,
8848,267.98972,65.66942390006425,58.452107251452986,77.91483810655885,29.0,0.85,314.0,47.0,168.0,1134.0,33.0,245.0,142.0,402.0,42.50909048050191,107,9,52,53,236.0,-20.0,69.0,86.0,186.0,54.0,-50.0,6003.0,133.0,55.0,7.29005895851138,61.13020832778104,
8849,281.93607,298.5844714929882,78.75768317246808,255.0,28.0,0.8173,366.0,56.0,199.0,1295.0,31.0,283.0,155.0,445.0,51.49983185657159,119,8,63,58,235.0,-42.0,67.0,59.0,161.0,31.0,-74.0,5937.0,109.0,-2.0,7.2378025784059,61.1281249944479,
8850,519.72266,307.300818422936,73.02042736454142,253.76316144458292,28.0,0.81525,392.0,62.0,218.0,1380.0,29.0,307.0,161.0,465.0,47.04891146430899,123,8,56,61,232.0,-57.0,65.0,40.0,143.0,14.0,-89.0,5864.0,92.0,-17.0,7.242117214816084,61.1281249944479,
8851,742.8663,293.6866401953132,62.00647931125311,246.17125728399446,28.0,0.79845,392.0,62.0,218.0,1380.0,29.0,307.0,161.0,465.0,42.378583111329384,130,8,57,60,232.0,-57.0,65.0,40.0,143.0,14.0,-89.0,5864.0,92.0,-17.0,7.2464318512262675,61.1281249944479,
8852,867.1944,307.7653544373293,42.77920731277745,241.95888214250502,28.0,0.7408,370.0,58.0,204.0,1309.0,30.0,289.0,155.0,446.0,30.038705432059544,122,5,55,60,234.0,-48.0,66.0,52.0,154.0,24.0,-80.0,5919.0,103.0,-8.0,7.250746487636453,61.1281249944479,
8853,781.4164,71.05375834540581,45.28904698900292,73.17773979355154,28.0,0.7678,368.0,57.0,202.0,1303.0,30.0,288.0,155.0,444.0,39.30525428585228,122,4,55,58,235.0,-48.0,66.0,52.0,155.0,24.0,-80.0,5932.0,103.0,-8.0,7.2593757604568205,61.1281249944479,
8854,651.7787,144.70791266104916,56.22493416115902,145.20504339978862,28.0,0.79515,368.0,57.0,202.0,1303.0,30.0,288.0,155.0,444.0,34.802287972472584,118,8,56,58,235.0,-48.0,66.0,52.0,155.0,24.0,-80.0,5932.0,103.0,-8.0,7.263690396867005,61.1281249944479,
8855,669.34106,270.8223834073402,63.63844490928892,232.63550987372355,28.0,0.7735,354.0,55.0,194.0,1259.0,31.0,277.0,151.0,432.0,39.7121346033279,129,8,55,60,235.0,-43.0,67.0,59.0,161.0,30.0,-74.0,5977.0,110.0,-4.0,7.26800503327712,61.1281249944479,
8856,736.6057,136.5188492030298,66.64045881271309,145.85888967702923,28.0,0.7694,354.0,55.0,194.0,1259.0,31.0,277.0,151.0,432.0,35.96425142171439,118,6,54,60,235.0,-43.0,67.0,59.0,161.0,30.0,-74.0,5977.0,110.0,-4.0,7.272319669687304,61.1281249944479,
8857,655.94403,210.86540963843484,75.07602660623706,183.6312640483089,28.0,0.8011,335.0,51.0,181.0,1195.0,32.0,260.0,146.0,416.0,42.99006993732732,110,4,56,57,235.0,-32.0,68.0,73.0,173.0,42.0,-62.0,5979.0,121.0,7.0,7.276634306097487,61.1281249944479,
8858,671.2688,100.87950572232455,62.98744150026547,126.43793896424366,28.0,0.8478,335.0,51.0,181.0,1195.0,32.0,260.0,146.0,416.0,36.87183121489087,116,6,56,56,235.0,-32.0,68.0,73.0,173.0,42.0,-62.0,5979.0,121.0,7.0,7.280948942507673,61.1281249944479,
8859,528.49457,76.37546013545195,48.6004402578243,81.73789936733631,29.0,0.83665,314.0,47.0,168.0,1134.0,33.0,245.0,142.0,402.0,37.903040177517454,127,3,57,57,236.0,-20.0,69.0,86.0,186.0,54.0,-50.0,6003.0,133.0,55.0,7.285263578917857,61.1281249944479,
8860,329.69064,112.07104144649041,56.642772701697716,93.57769274465112,29.0,0.834,314.0,47.0,168.0,1134.0,33.0,245.0,142.0,402.0,44.912089181843214,133,13,51,57,236.0,-20.0,69.0,86.0,186.0,54.0,-50.0,6003.0,133.0,55.0,7.28957821532804,61.1281249944479,
8861,164.01234,308.63717447285677,75.74578007218919,253.5968622240813,29.0,0.797,336.0,51.0,179.0,1200.0,33.0,257.0,149.0,422.0,47.09870210789174,100,0,59,56,234.0,-22.0,68.0,83.0,182.0,52.0,-52.0,5959.0,131.0,53.0,7.233010970406808,61.12604166111475,
8862,369.1798,254.02695684707442,72.78925853109733,238.23712459319128,28.0,0.801,366.0,56.0,199.0,1295.0,31.0,283.0,155.0,445.0,49.57796181515454,114,6,62,58,235.0,-42.0,67.0,59.0,161.0,31.0,-74.0,5937.0,109.0,-2.0,7.237325322312617,61.12604166111475,
8863,567.2718,259.26346093750595,39.49929484244798,253.70121580675755,28.0,0.82555,366.0,56.0,199.0,1295.0,31.0,283.0,155.0,445.0,36.63806725460036,101,6,55,63,235.0,-42.0,67.0,59.0,161.0,31.0,-74.0,5937.0,109.0,-2.0,7.241639674218423,61.12604166111475,
8864,715.4941,260.8467150300709,44.51888620814236,253.49246463666432,28.0,0.7903,392.0,62.0,218.0,1380.0,29.0,307.0,161.0,465.0,37.36541330795389,128,7,52,62,232.0,-57.0,65.0,40.0,143.0,14.0,-89.0,5864.0,92.0,-17.0,7.245954026124229,61.12604166111475,
8865,871.2959,267.81562936746496,43.50142930490678,253.08590852013998,28.0,0.7408,370.0,58.0,204.0,1309.0,30.0,289.0,155.0,446.0,36.12863029962869,119,5,56,61,234.0,-48.0,66.0,52.0,154.0,24.0,-80.0,5919.0,103.0,-8.0,7.250268378030036,61.12604166111475,
8866,865.1443,69.15486047896269,49.124577830189715,74.05328696631805,28.0,0.7512,368.0,57.0,202.0,1303.0,30.0,288.0,155.0,444.0,39.604905505812695,127,4,53,54,235.0,-48.0,66.0,52.0,155.0,24.0,-80.0,5932.0,103.0,-8.0,7.258897081841649,61.12604166111475,
8867,783.9437,221.14011377497286,59.91712231463824,186.40105445895267,28.0,0.7325,368.0,57.0,202.0,1303.0,30.0,288.0,155.0,444.0,29.90889057068112,122,8,52,60,235.0,-48.0,66.0,52.0,155.0,24.0,-80.0,5932.0,103.0,-8.0,7.263211433747458,61.12604166111475,
8868,789.31287,224.06612476885272,64.35777819789041,207.97558661358977,28.0,0.7128,354.0,55.0,194.0,1259.0,31.0,277.0,151.0,432.0,37.14343099671738,114,6,53,61,235.0,-43.0,67.0,59.0,161.0,30.0,-74.0,5977.0,110.0,-4.0,7.267525785653194,61.12604166111475,
8869,815.3606,189.16916749989045,74.86181074446924,174.37239061335674,28.0,0.68,335.0,51.0,181.0,1195.0,32.0,260.0,146.0,416.0,44.623245501069924,121,5,55,56,235.0,-32.0,68.0,73.0,173.0,42.0,-62.0,5979.0,121.0,7.0,7.276154489464807,61.12604166111475,
8870,804.26855,72.60519594459463,57.90998997220163,104.1857758075943,28.0,0.77145,335.0,51.0,181.0,1195.0,32.0,260.0,146.0,416.0,38.39799588642941,121,3,57,52,235.0,-32.0,68.0,73.0,173.0,42.0,-62.0,5979.0,121.0,7.0,7.280468841370615,61.12604166111475,
8871,633.4611,72.89727918746108,56.514224567744705,77.65632857471475,29.0,0.807,314.0,47.0,168.0,1134.0,33.0,245.0,142.0,402.0,43.52958477321054,126,2,55,59,236.0,-20.0,69.0,86.0,186.0,54.0,-50.0,6003.0,133.0,55.0,7.2847831932764215,61.12604166111475,
8872,75.642685,286.0929010308774,58.77317161317321,248.82697870821627,28.0,0.7819,374.0,58.0,204.0,1321.0,30.0,289.0,158.0,453.0,40.58294837946156,111,11,62,50,232.0,-45.0,66.0,55.0,156.0,27.0,-76.0,5896.0,105.0,-5.0,7.228220003833256,61.123958327781594,
8873,287.66275,300.95446338485704,79.65075542449613,255.0,28.0,0.8348,374.0,58.0,204.0,1321.0,30.0,289.0,158.0,453.0,50.77386371337827,94,9,61,53,232.0,-45.0,66.0,55.0,156.0,27.0,-76.0,5896.0,105.0,-5.0,7.232534071277837,61.123958327781594,
8874,499.8061,222.3397749276675,75.24785969312777,222.52009439954287,28.0,0.83185,397.0,63.0,222.0,1398.0,29.0,311.0,163.0,470.0,44.909366600911724,115,8,65,57,232.0,-58.0,65.0,39.0,142.0,13.0,-90.0,5867.0,91.0,-18.0,7.236848138722489,61.123958327781594,
8875,563.26953,223.58790878508518,48.82171390939466,224.25943571972616,28.0,0.8228,397.0,63.0,222.0,1398.0,29.0,311.0,163.0,470.0,37.898608666618244,125,5,59,61,232.0,-58.0,65.0,39.0,142.0,13.0,-90.0,5867.0,91.0,-18.0,7.241162206167139,61.123958327781594,
8876,734.47955,275.99019969452576,42.49996643741745,254.34273183065983,28.0,0.7886,415.0,68.0,237.0,1462.0,27.0,330.0,169.0,484.0,39.730846137871055,128,6,59,62,228.0,-67.0,64.0,26.0,128.0,2.0,-100.0,5744.0,78.0,-28.0,7.245476273611788,61.123958327781594,
8877,930.199,287.22686890845927,57.525065739504015,254.5497479684585,28.0,0.6877,415.0,68.0,237.0,1462.0,27.0,330.0,169.0,484.0,46.32674948489474,121,5,60,61,228.0,-67.0,64.0,26.0,128.0,2.0,-100.0,5744.0,78.0,-28.0,7.249790341056438,61.123958327781594,
8878,941.1156,221.90872765942592,70.70352501207167,199.6518246203543,28.0,0.5709,415.0,69.0,240.0,1467.0,27.0,333.0,169.0,483.0,39.31244313992222,134,0,52,56,228.0,-71.0,64.0,23.0,125.0,-1.0,-103.0,5771.0,76.0,-31.0,7.262732543390389,61.123958327781594,
8879,949.5186,257.23248075491466,73.7511846145405,193.83879047296645,27.0,0.65275,406.0,67.0,234.0,1436.0,27.0,325.0,165.0,474.0,39.13255670885616,123,3,52,55,231.0,-68.0,64.0,28.0,131.0,3.0,-100.0,5834.0,81.0,-28.0,7.267046610834971,61.123958327781594,
8880,201.88545,310.59137597277476,81.6281678142071,254.77570536080722,28.0,0.8363,374.0,58.0,204.0,1321.0,30.0,289.0,158.0,453.0,48.6356605722487,92,23,60,56,232.0,-45.0,66.0,55.0,156.0,27.0,-76.0,5896.0,105.0,-5.0,7.227743461566577,61.121874994448454,
8881,405.51846,300.2349633412176,67.19897243889213,255.0,28.0,0.8353,374.0,58.0,204.0,1321.0,30.0,289.0,158.0,453.0,45.44066735281145,84,9,58,56,232.0,-45.0,66.0,55.0,156.0,27.0,-76.0,5896.0,105.0,-5.0,7.232057244593215,61.121874994448454,
8882,612.27386,294.6994538665297,54.30944975974726,247.2773019435609,28.0,0.8379,397.0,63.0,222.0,1398.0,29.0,311.0,163.0,470.0,39.86301146489226,110,5,59,57,232.0,-58.0,65.0,39.0,142.0,13.0,-90.0,5867.0,91.0,-18.0,7.236371027619921,61.121874994448454,
8883,695.647,235.3401002055299,73.73541978322835,198.61821396705966,28.0,0.8174,397.0,63.0,222.0,1398.0,29.0,311.0,163.0,470.0,39.11479077113257,93,7,54,61,232.0,-58.0,65.0,39.0,142.0,13.0,-90.0,5867.0,91.0,-18.0,7.240684810646624,61.121874994448454,
8884,745.4722,258.8804724705031,59.91256492990835,227.51940293833678,28.0,0.7842,415.0,68.0,237.0,1462.0,27.0,330.0,169.0,484.0,39.951485839897174,139,8,59,62,228.0,-67.0,64.0,26.0,128.0,2.0,-100.0,5744.0,78.0,-28.0,7.244998593673331,61.121874994448454,
8885,636.27545,284.98584422738986,42.42844612239929,254.3915093703012,28.0,0.83855,397.0,63.0,222.0,1398.0,29.0,311.0,163.0,470.0,37.277467584623814,115,6,55,59,232.0,-58.0,65.0,39.0,142.0,13.0,-90.0,5867.0,91.0,-18.0,7.235893988989309,61.119791661115315,
8886,830.8939,293.7438414572633,55.96668060582636,245.85528395900008,28.0,0.78135,397.0,63.0,222.0,1398.0,29.0,311.0,163.0,470.0,43.738438275447244,109,5,53,60,232.0,-58.0,65.0,39.0,142.0,13.0,-90.0,5867.0,91.0,-18.0,7.24020748764127,61.119791661115315,
8887,902.67926,176.23809292516782,70.92964256040736,185.1554795535789,28.0,0.70245,415.0,68.0,237.0,1462.0,27.0,330.0,169.0,484.0,37.674080434127625,133,5,54,57,228.0,-67.0,64.0,26.0,128.0,2.0,-100.0,5744.0,78.0,-28.0,7.244520986293233,61.119791661115315,
8888,635.1261,261.815294642696,31.72542152773721,253.57174717021113,28.0,0.8529,397.0,63.0,222.0,1398.0,29.0,311.0,163.0,470.0,30.05241198828139,109,6,53,65,232.0,-58.0,65.0,39.0,142.0,13.0,-90.0,5867.0,91.0,-18.0,7.23541702281506,61.11770832778216,
8889,790.0472,253.12559249115506,44.776145909390856,254.9918410275437,28.0,0.7627,397.0,63.0,222.0,1398.0,29.0,311.0,163.0,470.0,39.35811999725125,101,5,53,59,232.0,-58.0,65.0,39.0,142.0,13.0,-90.0,5867.0,91.0,-18.0,7.239730237135472,61.11770832778216,
8890,957.4836,262.78964762610997,46.51064955368359,250.01172964742526,28.0,0.694,415.0,68.0,237.0,1462.0,27.0,330.0,169.0,484.0,36.8100132529396,134,5,55,56,228.0,-67.0,64.0,26.0,128.0,2.0,-100.0,5744.0,78.0,-28.0,7.2440434514558865,61.11770832778216,
8891,129.43549,322.4412858199553,111.29007160693087,211.99335460088093,28.0,0.7464,387.0,60.0,210.0,1360.0,30.0,296.0,162.0,466.0,48.51603281530963,103,0,66,53,232.0,-47.0,66.0,52.0,154.0,25.0,-78.0,5890.0,103.0,-7.0,7.204749618857322,61.11562499444901,
8892,181.05457,251.02404075299324,99.41167839886576,182.47022890457905,28.0,0.7785,373.0,57.0,201.0,1313.0,31.0,285.0,158.0,453.0,48.527384407675136,94,0,58,62,233.0,-41.0,66.0,60.0,161.0,32.0,-72.0,5915.0,110.0,-1.0,7.20906254888937,61.11562499444901,
8893,741.80524,254.5290949688419,40.210189838361046,254.365862211429,28.0,0.80005,403.0,65.0,228.0,1421.0,28.0,318.0,165.0,475.0,32.304252204291714,116,8,55,61,231.0,-61.0,65.0,35.0,138.0,10.0,-93.0,5840.0,87.0,-21.0,7.239253059113635,61.11562499444901,
8894,888.92096,249.6046531224329,47.326679147759144,255.0,28.0,0.745,426.0,71.0,247.0,1503.0,26.0,341.0,173.0,494.0,35.76893321231461,124,4,54,59,227.0,-72.0,64.0,21.0,122.0,-4.0,-105.0,5709.0,73.0,-32.0,7.243565989145681,61.11562499444901,
8895,1051.866,243.09650193809375,56.15583711443421,255.0,28.0,0.6608,426.0,71.0,247.0,1503.0,26.0,341.0,173.0,494.0,40.949938994347455,117,5,54,57,227.0,-72.0,64.0,21.0,122.0,-4.0,-105.0,5709.0,73.0,-32.0,7.24787891917773,61.11562499444901,
8896,321.2097,31.72567734392424,88.79393137828998,135.83491185349916,28.0,0.81375,344.0,52.0,182.0,1226.0,33.0,259.0,154.0,435.0,43.71320377924221,115,8,62,54,233.0,-18.0,67.0,86.0,185.0,55.0,-48.0,5918.0,133.0,20.0,7.187024204118024,61.11354166111585,
8897,190.26334,69.2170876372165,59.89566851856378,82.580507509529,28.0,0.82275,344.0,52.0,182.0,1226.0,33.0,259.0,154.0,435.0,41.979266864597086,115,9,63,56,233.0,-18.0,67.0,86.0,185.0,55.0,-48.0,5918.0,133.0,20.0,7.191336849904811,61.11354166111585,
8898,160.38904,252.0914080750947,49.63498789849279,231.0860247249846,28.0,0.8215,361.0,55.0,192.0,1276.0,32.0,272.0,157.0,447.0,40.08383214767579,109,7,62,54,233.0,-30.0,67.0,72.0,173.0,43.0,-60.0,5915.0,121.0,9.0,7.195649495691668,61.11354166111585,
8899,291.61536,314.7794020898323,73.84311214030863,232.98321781718752,28.0,0.8403,361.0,55.0,192.0,1276.0,32.0,272.0,157.0,447.0,38.7252811546237,133,10,55,56,233.0,-30.0,67.0,72.0,173.0,43.0,-60.0,5915.0,121.0,9.0,7.199962141478524,61.11354166111585,
8900,392.14218,303.5270997563083,92.42362381572582,236.13817349973314,28.0,0.7905,387.0,60.0,210.0,1360.0,30.0,296.0,162.0,466.0,41.84886907068726,112,6,63,56,232.0,-47.0,66.0,52.0,154.0,25.0,-78.0,5890.0,103.0,-7.0,7.204274787265381,61.11354166111585,
8901,398.38803,123.27059082014519,102.29073045784132,128.3340799888128,28.0,0.7905,373.0,57.0,201.0,1313.0,31.0,285.0,158.0,453.0,48.2542291997353,141,0,58,64,233.0,-41.0,66.0,60.0,161.0,32.0,-72.0,5915.0,110.0,-1.0,7.208587433052237,61.11354166111585,
8902,660.56305,269.497717544466,51.857029105005914,242.2871708137203,28.0,0.7971,403.0,65.0,228.0,1421.0,28.0,318.0,165.0,475.0,40.62661238081429,125,8,53,60,231.0,-61.0,65.0,35.0,138.0,10.0,-93.0,5840.0,87.0,-21.0,7.238775953560164,61.11354166111585,
8903,777.5183,268.0133980222193,52.146996654759064,243.65361297648326,28.0,0.7593,426.0,71.0,247.0,1503.0,26.0,341.0,173.0,494.0,37.37495052984766,120,7,52,61,227.0,-72.0,64.0,21.0,122.0,-4.0,-105.0,5709.0,73.0,-32.0,7.243088599347018,61.11354166111585,
8904,923.689,251.45919067517875,52.701819323449506,252.28844280428638,28.0,0.69255,426.0,71.0,247.0,1503.0,26.0,341.0,173.0,494.0,40.02541542321466,118,6,52,58,227.0,-72.0,64.0,21.0,122.0,-4.0,-105.0,5709.0,73.0,-32.0,7.247401245133877,61.11354166111585,
8905,467.3726,48.81466569493793,52.47230570752069,108.97606368350263,28.0,0.8598,344.0,52.0,182.0,1226.0,33.0,259.0,154.0,435.0,34.38353640606354,144,7,62,52,233.0,-18.0,67.0,86.0,185.0,55.0,-48.0,5918.0,133.0,20.0,7.186550581441647,61.111458327782714,
8906,310.33698,73.9069088245746,60.2497901560657,91.37681019672146,28.0,0.8314,344.0,52.0,182.0,1226.0,33.0,259.0,154.0,435.0,44.53134963055851,135,9,64,56,233.0,-18.0,67.0,86.0,185.0,55.0,-48.0,5918.0,133.0,20.0,7.190862943026408,61.111458327782714,
8907,192.08044,179.58600726573587,47.65984049478079,179.57981721628403,28.0,0.8118,361.0,55.0,192.0,1276.0,32.0,272.0,157.0,447.0,40.79623382139437,125,8,66,57,233.0,-30.0,67.0,72.0,173.0,43.0,-60.0,5915.0,121.0,9.0,7.195175304611239,61.111458327782714,
8908,330.3514,256.8943302299925,39.06212773088847,253.34605888958487,28.0,0.8189,361.0,55.0,192.0,1276.0,32.0,272.0,157.0,447.0,38.5468802415207,128,8,58,55,233.0,-30.0,67.0,72.0,173.0,43.0,-60.0,5915.0,121.0,9.0,7.1994876661960685,61.111458327782714,
8909,494.03445,300.0031441272923,48.134468534615095,251.8235643072192,28.0,0.8364,387.0,60.0,210.0,1360.0,30.0,296.0,162.0,466.0,37.3465784706834,137,7,63,58,232.0,-47.0,66.0,52.0,154.0,25.0,-78.0,5890.0,103.0,-7.0,7.2038000277809,61.111458327782714,
8910,634.54517,288.49125026940203,90.5094202179441,240.20215715880852,28.0,0.8508,387.0,60.0,210.0,1360.0,30.0,296.0,162.0,466.0,45.56136363410355,113,11,60,59,232.0,-47.0,66.0,52.0,154.0,25.0,-78.0,5890.0,103.0,-7.0,7.20811238936573,61.111458327782714,
8911,769.7348,303.65044976664245,128.59745802295865,223.4611637752441,28.0,0.83125,373.0,57.0,201.0,1313.0,31.0,285.0,158.0,453.0,52.943038483559356,136,22,59,62,233.0,-41.0,66.0,60.0,161.0,32.0,-72.0,5915.0,110.0,-1.0,7.212424750950561,61.111458327782714,
8912,776.7381,63.3824311916674,87.1030057957696,126.47301855853546,28.0,0.7533,362.0,55.0,194.0,1281.0,32.0,277.0,156.0,445.0,41.92651359787465,117,12,57,61,233.0,-35.0,67.0,66.0,167.0,37.0,-66.0,5927.0,116.0,3.0,7.21673711253539,61.111458327782714,
8913,634.0447,48.581582427108366,79.69949573567273,93.07582797344259,28.0,0.76975,362.0,55.0,194.0,1281.0,32.0,277.0,156.0,445.0,45.27473350518226,114,8,59,62,233.0,-35.0,67.0,66.0,167.0,37.0,-66.0,5927.0,116.0,3.0,7.221049474120221,61.111458327782714,
8914,494.51065,37.15285390628943,66.97291061886722,113.5890643467413,28.0,0.7766,383.0,60.0,210.0,1350.0,30.0,297.0,160.0,460.0,38.47420254586704,123,7,61,59,233.0,-50.0,66.0,50.0,151.0,22.0,-82.0,5911.0,101.0,-10.0,7.225361835705052,61.111458327782714,
8915,466.02777,205.99869194910792,44.00809692165282,214.87647811602895,28.0,0.80365,383.0,60.0,210.0,1350.0,30.0,297.0,160.0,460.0,37.9179722536488,112,4,55,60,233.0,-50.0,66.0,50.0,151.0,22.0,-82.0,5911.0,101.0,-10.0,7.229674197289813,61.111458327782714,
8916,646.6151,301.3633562583616,53.26607677114722,243.4551565065237,28.0,0.81085,403.0,65.0,228.0,1421.0,28.0,318.0,165.0,475.0,38.9055657432565,116,6,54,61,231.0,-61.0,65.0,35.0,138.0,10.0,-93.0,5840.0,87.0,-21.0,7.233986558874643,61.111458327782714,
8917,754.9821,315.7407945695576,53.29049576856223,245.09793940781137,28.0,0.82445,403.0,65.0,228.0,1421.0,28.0,318.0,165.0,475.0,32.51542490261071,104,7,52,60,231.0,-61.0,65.0,35.0,138.0,10.0,-93.0,5840.0,87.0,-21.0,7.238298920459474,61.111458327782714,
8918,860.77795,314.8093907375589,54.459299477559206,242.76097003790326,28.0,0.78175,426.0,71.0,247.0,1503.0,26.0,341.0,173.0,494.0,33.15378759223605,113,7,52,60,227.0,-72.0,64.0,21.0,122.0,-4.0,-105.0,5709.0,73.0,-32.0,7.242611282044304,61.111458327782714,
8919,963.3888,317.67223043875583,59.87131207564551,245.86669107327663,28.0,0.6212,426.0,71.0,247.0,1503.0,26.0,341.0,173.0,494.0,37.05581382292959,121,5,49,58,227.0,-72.0,64.0,21.0,122.0,-4.0,-105.0,5709.0,73.0,-32.0,7.246923643629135,61.111458327782714,
8920,573.6494,82.71962703313798,45.52983672906705,113.11683069748618,28.0,0.84895,344.0,52.0,182.0,1226.0,33.0,259.0,154.0,435.0,32.85644626277878,145,8,55,52,233.0,-18.0,67.0,86.0,185.0,55.0,-48.0,5918.0,133.0,20.0,7.186077030684592,61.109374994449574,
8921,419.1787,74.38234005591549,47.12904537424568,77.08623745662078,28.0,0.83275,344.0,52.0,182.0,1226.0,33.0,259.0,154.0,435.0,38.4582776589335,139,5,61,54,233.0,-18.0,67.0,86.0,185.0,55.0,-48.0,5918.0,133.0,20.0,7.190389108110484,61.109374994449574,
8922,303.53784,191.37364329665283,51.98636383355119,171.9092389372988,28.0,0.81535,361.0,55.0,192.0,1276.0,32.0,272.0,157.0,447.0,36.86706286518846,131,7,66,56,233.0,-30.0,67.0,72.0,173.0,43.0,-60.0,5915.0,121.0,9.0,7.194701185536444,61.109374994449574,
8923,327.22003,188.25457816428928,50.63732087370993,199.34286593818823,28.0,0.8013,361.0,55.0,192.0,1276.0,32.0,272.0,157.0,447.0,40.087365172542576,129,8,59,57,233.0,-30.0,67.0,72.0,173.0,43.0,-60.0,5915.0,121.0,9.0,7.199013262962405,61.109374994449574,
8924,495.17136,276.59798770197375,48.244861118069366,254.98272084701685,28.0,0.7964,387.0,60.0,210.0,1360.0,30.0,296.0,162.0,466.0,46.1781558237026,124,7,60,57,232.0,-47.0,66.0,52.0,154.0,25.0,-78.0,5890.0,103.0,-7.0,7.203325340388365,61.109374994449574,
8925,724.89703,285.0621786838115,51.47392527807241,253.46352607956885,28.0,0.7887,387.0,60.0,210.0,1360.0,30.0,296.0,162.0,466.0,40.10188654508854,123,8,57,56,232.0,-47.0,66.0,52.0,154.0,25.0,-78.0,5890.0,103.0,-7.0,7.207637417814325,61.109374994449574,
8926,885.09576,286.0865960130661,39.71925115586571,248.52530981177935,28.0,0.776,373.0,57.0,201.0,1313.0,31.0,285.0,158.0,453.0,29.462615462929822,131,7,58,57,233.0,-41.0,66.0,60.0,161.0,32.0,-72.0,5915.0,110.0,-1.0,7.211949495240286,61.109374994449574,
8927,939.5727,147.1876828024023,58.42592323424802,157.032247491235,28.0,0.7114,373.0,57.0,201.0,1313.0,31.0,285.0,158.0,453.0,38.36402802854726,126,6,54,58,233.0,-41.0,66.0,60.0,161.0,32.0,-72.0,5915.0,110.0,-1.0,7.2162615726662445,61.109374994449574,
8928,656.8458,65.58256352473546,64.65948287616258,107.99546036740756,28.0,0.7983,362.0,55.0,194.0,1281.0,32.0,277.0,156.0,445.0,41.15044209353864,131,9,54,61,233.0,-35.0,67.0,66.0,167.0,37.0,-66.0,5927.0,116.0,3.0,7.224885727518165,61.109374994449574,
8929,546.34186,140.8509882522945,48.93264352870767,161.8898511070452,28.0,0.77705,383.0,60.0,210.0,1350.0,30.0,297.0,160.0,460.0,33.24484282144235,134,6,56,57,233.0,-50.0,66.0,50.0,151.0,22.0,-82.0,5911.0,101.0,-10.0,7.229197804944057,61.109374994449574,
8930,663.9361,277.331969575755,42.0222109874003,254.98631082845318,28.0,0.8006,403.0,65.0,228.0,1421.0,28.0,318.0,165.0,475.0,40.11004865271311,133,5,53,57,231.0,-61.0,65.0,35.0,138.0,10.0,-93.0,5840.0,87.0,-21.0,7.233509882370018,61.109374994449574,
8931,826.7574,294.64702975271365,39.23450824966628,254.00115989738964,28.0,0.8062,403.0,65.0,228.0,1421.0,28.0,318.0,165.0,475.0,31.986468842537906,93,7,50,59,231.0,-61.0,65.0,35.0,138.0,10.0,-93.0,5840.0,87.0,-21.0,7.237821959795978,61.109374994449574,
8932,945.3319,307.5894649782298,45.99497859711844,250.3074907872008,28.0,0.7853,426.0,71.0,247.0,1503.0,26.0,341.0,173.0,494.0,31.45344453163887,117,6,50,58,227.0,-72.0,64.0,21.0,122.0,-4.0,-105.0,5709.0,73.0,-32.0,7.2421340372219385,61.109374994449574,
8933,1077.269,308.3058822354739,58.939666698831175,254.87944501271082,28.0,0.6466,426.0,71.0,247.0,1503.0,26.0,341.0,173.0,494.0,40.66857702578685,127,1,50,55,227.0,-72.0,64.0,21.0,122.0,-4.0,-105.0,5709.0,73.0,-32.0,7.246446114647899,61.109374994449574,
8934,657.9518,85.42258345684607,41.667294345683196,95.3534845791028,28.0,0.8542,383.0,59.0,207.0,1347.0,31.0,291.0,162.0,465.0,34.79784344683263,133,9,56,56,232.0,-41.0,66.0,59.0,160.0,31.0,-72.0,5895.0,109.0,-2.0,7.18560355183139,61.10729166111642,
8935,496.4516,69.38126971154084,48.052672302950285,78.31381818254648,28.0,0.84065,383.0,59.0,207.0,1347.0,31.0,291.0,162.0,465.0,39.244906311581886,131,7,58,57,232.0,-41.0,66.0,59.0,160.0,31.0,-72.0,5895.0,109.0,-2.0,7.189915345141557,61.10729166111642,
8936,397.17776,238.95721917516732,50.7279762493173,201.6526191813368,28.0,0.7884,397.0,63.0,218.0,1395.0,30.0,305.0,165.0,475.0,34.395199621877545,128,9,56,58,231.0,-51.0,65.0,47.0,149.0,20.0,-82.0,5851.0,99.0,-12.0,7.194227138451795,61.10729166111642,
8937,453.8913,154.54846549950028,71.6509239525393,169.33609802467782,28.0,0.788,397.0,63.0,218.0,1395.0,30.0,305.0,165.0,475.0,39.60146945894024,116,7,59,60,231.0,-51.0,65.0,47.0,149.0,20.0,-82.0,5851.0,99.0,-12.0,7.19853893176203,61.10729166111642,
8938,476.08145,201.21968747395061,49.35125707233434,228.50207648989496,28.0,0.723,407.0,65.0,226.0,1429.0,29.0,316.0,167.0,481.0,38.292557972435844,103,8,57,58,229.0,-58.0,65.0,39.0,140.0,13.0,-89.0,5819.0,90.0,-18.0,7.202850725072268,61.10729166111642,
8939,665.7049,234.62184053624645,68.82203644501935,249.08914198093868,28.0,0.7045,407.0,65.0,226.0,1429.0,29.0,316.0,167.0,481.0,47.927826396099846,122,7,58,57,229.0,-58.0,65.0,39.0,140.0,13.0,-89.0,5819.0,90.0,-18.0,7.207162518382505,61.10729166111642,
8940,798.2804,75.67319427642843,62.72407812617019,100.39570243794282,28.0,0.70895,396.0,63.0,219.0,1392.0,29.0,307.0,163.0,471.0,42.021294576064044,145,5,56,58,232.0,-54.0,65.0,43.0,146.0,17.0,-86.0,5874.0,95.0,-14.0,7.2244096916234515,61.10729166111642,
8941,656.92554,84.62489002079971,47.979015421348855,117.82771424442726,27.0,0.719,410.0,67.0,232.0,1443.0,28.0,322.0,168.0,482.0,32.620302276524654,129,0,58,58,229.0,-63.0,64.0,32.0,134.0,7.0,-95.0,5793.0,84.0,-23.0,7.2287214849336205,61.10729166111642,
8942,856.47577,282.64117417386456,39.29546128718882,254.91864258153447,27.0,0.7613,434.0,73.0,253.0,1531.0,26.0,348.0,176.0,501.0,38.54640572609998,130,8,51,58,226.0,-74.0,63.0,17.0,119.0,-6.0,-107.0,5686.0,70.0,-35.0,7.237345071554094,61.10729166111642,
8943,1010.6131,292.6001405673617,40.799103726818224,254.62067025895888,27.0,0.65305,434.0,73.0,253.0,1531.0,26.0,348.0,176.0,501.0,34.840472257285725,125,3,53,56,226.0,-74.0,63.0,17.0,119.0,-6.0,-107.0,5686.0,70.0,-35.0,7.241656864864331,61.10729166111642,
8944,744.73663,57.757002997499896,45.07411626787204,94.53625260401074,28.0,0.7877,383.0,59.0,207.0,1347.0,31.0,291.0,162.0,465.0,36.11919191334527,128,4,59,55,232.0,-41.0,66.0,59.0,160.0,31.0,-72.0,5895.0,109.0,-2.0,7.185130144866578,61.10520832778327,
8945,585.66437,65.5824855671958,47.16970638046724,82.46368739125381,28.0,0.79835,383.0,59.0,207.0,1347.0,31.0,291.0,162.0,465.0,37.6809781278435,114,8,56,57,232.0,-41.0,66.0,59.0,160.0,31.0,-72.0,5895.0,109.0,-2.0,7.189441654104161,61.10520832778327,
8946,492.908,206.1648377298461,51.93858275401219,192.50110739634988,28.0,0.7854,397.0,63.0,218.0,1395.0,30.0,305.0,165.0,475.0,35.498345934521424,117,8,57,58,231.0,-51.0,65.0,47.0,149.0,20.0,-82.0,5851.0,99.0,-12.0,7.193753163341811,61.10520832778327,
8947,858.7958,265.95041959987566,39.97896709888789,245.74858450324427,27.0,0.6675,434.0,73.0,253.0,1531.0,26.0,348.0,176.0,501.0,35.88293589617204,124,0,54,57,226.0,-74.0,63.0,17.0,119.0,-6.0,-107.0,5686.0,70.0,-35.0,7.2368682557182495,61.10520832778327,
8948,1018.47815,273.2063450118318,35.272754006893145,255.0,27.0,0.61365,434.0,73.0,253.0,1531.0,26.0,348.0,176.0,501.0,35.13849300060808,130,0,55,56,226.0,-74.0,63.0,17.0,119.0,-6.0,-107.0,5686.0,70.0,-35.0,7.2411797649559,61.10520832778327,
8949,696.76636,51.431070056570995,62.03266375683377,92.62624428904348,28.0,0.7663,383.0,59.0,207.0,1347.0,31.0,291.0,162.0,465.0,41.6468061931748,126,5,54,60,232.0,-41.0,66.0,59.0,160.0,31.0,-72.0,5895.0,109.0,-2.0,7.188968034982826,61.10312499445013,
8950,747.548,300.4052628132267,69.19517735649907,250.75111082636715,28.0,0.6979,397.0,63.0,218.0,1395.0,30.0,305.0,165.0,475.0,47.876293530484354,126,0,55,59,231.0,-51.0,65.0,47.0,149.0,20.0,-82.0,5851.0,99.0,-12.0,7.197590485399213,61.10312499445013,
8951,994.9357,72.50517090514911,8.30825871606663,158.01991365885686,27.0,0.7759,150.0,30.0,107.0,730.0,30.0,241.0,88.0,253.0,7.869369181970142,131,2,57,57,291.0,-95.0,81.0,-56.0,157.0,-3.0,-134.0,7322.0,94.0,82.0,8.66169530440287,61.09687499445068,
8952,968.56445,94.50014644299712,5.986319366245815,162.55291367772142,27.0,0.7556,150.0,30.0,107.0,730.0,30.0,241.0,88.0,253.0,6.203523265388053,133,3,53,53,291.0,-95.0,81.0,-56.0,157.0,-3.0,-134.0,7322.0,94.0,82.0,8.666005677781365,61.09687499445068,
8953,1030.8041,60.20083467723169,10.541479808359401,168.50395434338276,28.0,0.75455,153.0,31.0,111.0,744.0,30.0,245.0,89.0,257.0,7.609275269513064,129,1,54,56,288.0,-96.0,81.0,-58.0,154.0,-4.0,-134.0,7259.0,91.0,79.0,8.656814804162563,61.09479166111754,
8954,1015.3879,35.80164071622834,16.060117609815098,165.59902894591497,27.0,0.7653,150.0,30.0,107.0,730.0,30.0,241.0,88.0,253.0,11.215704592208777,130,4,53,55,291.0,-95.0,81.0,-56.0,157.0,-3.0,-134.0,7322.0,94.0,82.0,8.661124893684018,61.09479166111754,
8955,986.69,49.91003482253843,16.697848282972117,149.54209355141123,27.0,0.7897,150.0,30.0,107.0,730.0,30.0,241.0,88.0,253.0,13.508731073699904,133,3,54,53,291.0,-95.0,81.0,-56.0,157.0,-3.0,-134.0,7322.0,94.0,82.0,8.665434983205476,61.09479166111754,
8956,950.69666,65.7795835725803,10.01012548417769,160.53131292429458,28.0,0.7834,147.0,30.0,106.0,725.0,31.0,241.0,88.0,252.0,7.612674119897179,133,2,57,51,291.0,-94.0,82.0,-55.0,158.0,-1.0,-133.0,7332.0,95.0,83.0,8.669745072726933,61.09479166111754,
8957,1033.7437,208.9624118541993,8.779770340342989,189.79246049308588,27.0,0.7076,156.0,32.0,114.0,756.0,29.0,248.0,90.0,260.0,5.764377339895671,132,4,55,54,287.0,-97.0,80.0,-60.0,152.0,-6.0,-135.0,7246.0,90.0,78.0,8.647625152415404,61.0927083277844,
8958,1030.388,73.03476133511354,14.687822606262115,157.7820873729366,27.0,0.739,150.0,30.0,107.0,730.0,30.0,241.0,88.0,253.0,10.96661153693265,134,3,55,54,291.0,-95.0,81.0,-56.0,157.0,-3.0,-134.0,7322.0,94.0,82.0,8.664864375245402,61.0927083277844,
8959,988.3664,48.66882616443323,20.256875746248635,142.45777988131238,28.0,0.7781,147.0,30.0,106.0,725.0,31.0,241.0,88.0,252.0,16.312968793985835,137,3,55,52,291.0,-94.0,82.0,-55.0,158.0,-1.0,-133.0,7332.0,95.0,83.0,8.6691741809529,61.0927083277844,
8960,950.66614,38.508766666426006,10.460209462293523,164.74607588857376,28.0,0.7882,147.0,30.0,106.0,725.0,31.0,241.0,88.0,252.0,7.438301447702867,140,7,55,48,291.0,-94.0,82.0,-55.0,158.0,-1.0,-133.0,7332.0,95.0,83.0,8.673483986660399,61.0927083277844,
8961,1018.53046,212.75069167731056,4.9674677264299145,187.90519806054172,28.0,0.6972,155.0,31.0,111.0,752.0,30.0,247.0,90.0,259.0,4.261401301279546,124,3,55,54,287.0,-97.0,81.0,-59.0,153.0,-5.0,-134.0,7276.0,91.0,79.0,8.647055766136065,61.09062499445125,
8962,1029.9285,183.0390335218111,6.8225205757240674,181.95127811352575,28.0,0.6763,155.0,31.0,111.0,752.0,30.0,247.0,90.0,259.0,4.016607077583114,125,2,54,54,288.0,-97.0,81.0,-59.0,153.0,-5.0,-135.0,7294.0,91.0,79.0,8.655674810009295,61.09062499445125,
8963,1028.3446,175.0007813000423,9.162090501393175,179.08878814668194,28.0,0.697,153.0,31.0,111.0,749.0,30.0,247.0,90.0,258.0,5.713005685576841,130,3,55,53,289.0,-98.0,81.0,-59.0,153.0,-5.0,-136.0,7297.0,91.0,79.0,8.659984331945907,61.09062499445125,
8964,1019.07886,116.08319649948363,11.680795038202584,158.57560135970206,27.0,0.7453,150.0,30.0,108.0,736.0,30.0,244.0,89.0,255.0,10.310901987366453,137,4,54,55,291.0,-96.0,81.0,-57.0,156.0,-3.0,-135.0,7345.0,93.0,82.0,8.668603375819139,61.09062499445125,
8965,980.0507,65.29501255009951,12.03569305461089,153.1778437473445,27.0,0.78515,150.0,30.0,108.0,736.0,30.0,244.0,89.0,255.0,10.436487354417432,137,5,56,50,291.0,-96.0,81.0,-57.0,156.0,-3.0,-135.0,7345.0,93.0,82.0,8.672912897755753,61.09062499445125,
8966,949.58716,54.16216121923951,8.15600588183403,162.01424270263595,27.0,0.7617,145.0,30.0,105.0,722.0,31.0,241.0,88.0,252.0,7.204750253855922,133,7,57,50,293.0,-95.0,82.0,-55.0,159.0,-1.0,-134.0,7387.0,96.0,84.0,8.677222419692367,61.09062499445125,
8967,1008.87225,101.1513034870398,2.087783356714975,178.72183081458388,28.0,0.6612,155.0,31.0,111.0,751.0,30.0,247.0,90.0,259.0,1.5107196884113923,117,6,56,52,287.0,-96.0,81.0,-59.0,153.0,-5.0,-134.0,7252.0,91.0,79.0,8.637867989845539,61.0885416611181,
8968,970.0201,54.80807413569831,9.277765553383878,161.15590728199095,27.0,0.7636,145.0,30.0,105.0,722.0,31.0,241.0,88.0,252.0,7.669978077129359,132,2,57,55,293.0,-95.0,82.0,-55.0,159.0,-1.0,-134.0,7387.0,96.0,84.0,8.676651133724611,61.0885416611181,
8969,947.1404,52.04518616440343,7.081381574273952,167.13678254917073,27.0,0.7571,145.0,30.0,105.0,722.0,31.0,241.0,88.0,252.0,5.241819698650223,131,8,58,49,293.0,-95.0,82.0,-55.0,159.0,-1.0,-134.0,7387.0,96.0,84.0,8.680960371933404,61.0885416611181,
8970,1007.8632,59.32734347148603,2.984809098441839,178.9318174743798,28.0,0.67435,155.0,31.0,111.0,751.0,30.0,247.0,90.0,259.0,0.6346244201820564,134,2,56,51,287.0,-96.0,81.0,-59.0,153.0,-5.0,-134.0,7252.0,91.0,79.0,8.637299343729827,61.086458327784946,
8971,1011.798,59.23582579665291,6.579063518562552,169.8013231937149,27.0,0.71455,150.0,30.0,108.0,736.0,30.0,244.0,89.0,255.0,4.6667099178945755,139,3,55,54,291.0,-96.0,81.0,-57.0,156.0,-3.0,-135.0,7345.0,93.0,82.0,8.67177097992197,61.086458327784946,
8972,993.3753,45.298442357043044,10.16166196527817,163.1921481758612,27.0,0.7581,145.0,30.0,105.0,722.0,31.0,241.0,88.0,252.0,7.739919474984847,128,2,54,53,293.0,-95.0,82.0,-55.0,159.0,-1.0,-134.0,7387.0,96.0,84.0,8.676079934445996,61.086458327784946,
8973,970.0689,34.458050784058585,12.487997471801718,165.05258523458136,27.0,0.7782,145.0,30.0,105.0,722.0,31.0,241.0,88.0,252.0,8.749590346301407,135,8,57,48,293.0,-95.0,82.0,-55.0,159.0,-1.0,-134.0,7387.0,96.0,84.0,8.680388888970022,61.086458327784946,
8974,950.9075,42.57030892470316,9.533564146970077,165.40733025416728,27.0,0.764,145.0,30.0,105.0,721.0,31.0,241.0,88.0,252.0,7.001597179988792,136,8,58,49,293.0,-95.0,82.0,-55.0,159.0,-1.0,-134.0,7399.0,96.0,84.0,8.684697843493979,61.086458327784946,
